1522675800,2.050,2.050,2.050,2.050,0,0
1522676700,2.040,2.040,2.040,2.040,2674,0
1522676880,2.040,2.040,2.040,2.040,0,0
1522677000,2.050,2.050,2.050,2.050,1350,2674
1522677060,2.050,2.050,2.050,2.050,0,0
1522677240,2.025,2.025,2.025,2.025,0,0
1522677600,2.030,2.030,2.030,2.030,2300,4024
1522677720,2.030,2.030,2.030,2.030,0,0
1522677840,2.030,2.030,2.030,2.030,0,0
1522678200,2.025,2.025,2.025,2.025,400,6324
1522678440,2.025,2.025,2.025,2.025,0,0
1522678500,2.020,2.030,2.020,2.030,2232,6724
1522678620,2.020,2.030,2.020,2.030,0,0
1522678680,2.050,2.021,2.021,2.050,0,0
1522679700,2.030,2.030,2.030,2.030,410,8956
1522679880,2.030,2.030,2.030,2.030,0,0
1522680000,2.025,2.025,2.025,2.025,1100,9366
1522680240,2.025,2.025,2.025,2.025,0,0
1522680600,2.022,2.022,2.022,2.022,400,10466
1522681800,2.022,2.022,2.022,2.022,400,10866
1522682400,2.025,2.025,2.025,2.025,200,11266
1522682640,2.025,2.025,2.025,2.025,0,0
1522682700,2.022,2.022,2.022,2.022,500,11466
1522682880,2.022,2.022,2.022,2.022,0,0
1522683600,2.025,2.020,2.020,2.025,700,11966
1522683840,2.025,2.020,2.020,2.025,0,0
1522683900,2.020,2.020,2.020,2.020,300,12666
1522684020,2.020,2.020,2.020,2.020,0,0
1522684200,2.030,2.030,2.030,2.030,300,12966
1522684500,2.025,2.025,2.025,2.025,400,13266
1522684560,2.025,2.025,2.025,2.025,0,0
1522684800,2.030,2.030,2.030,2.030,500,13666
1522685040,2.030,2.030,2.030,2.030,0,0
1522685400,2.030,2.030,2.030,2.030,200,14166
1522685580,2.030,2.030,2.030,2.030,0,0
1522685700,2.025,2.025,2.025,2.025,510,14366
1522685760,2.022,2.022,2.022,2.022,0,0
1522686000,2.025,2.025,2.025,2.025,400,14876
1522686240,2.025,2.025,2.025,2.025,0,0
1522686900,2.030,2.030,2.030,2.030,300,15276
1522687080,2.030,2.030,2.030,2.030,0,0
1522687500,2.025,2.025,2.025,2.025,400,15576
1522687680,2.025,2.025,2.025,2.025,0,0
1522688400,2.025,2.025,2.025,2.025,400,15976
1522688520,2.025,2.025,2.025,2.025,0,0
1522689900,2.030,2.030,2.030,2.030,7215,16376
1522690140,2.020,2.020,2.020,2.020,0,0
1522690200,2.030,2.030,2.030,2.030,400,23591
1522690260,2.030,2.030,2.030,2.030,0,0
1522691400,2.010,2.020,2.010,2.020,4550,23991
1522691700,2.000,2.000,2.000,2.000,377,28541
1522691760,2.000,2.000,2.000,2.000,0,0
1522694100,1.980,1.980,1.980,1.980,3950,28918
1522694220,1.980,1.980,1.980,1.980,0,0
1522694340,1.980,1.980,1.980,1.980,0,0
1522694700,2.000,2.000,2.000,2.000,10703,32868
1522694880,2.000,2.000,2.000,2.000,0,0
1522695000,2.010,2.000,2.000,2.010,259,43571
1522695060,2.010,2.000,2.000,2.010,0,0
1522695300,2.000,2.000,2.000,2.000,4300,43830
1522695480,2.000,2.000,2.000,2.000,0,0
1522696200,2.000,2.000,2.000,2.000,600,48130
1522696320,2.000,2.000,2.000,2.000,0,0
1522697100,2.000,2.000,2.000,2.000,400,48730
1522697220,2.000,2.000,2.000,2.000,0,0
1522697400,2.000,2.000,2.000,2.000,1194,49130
1522697580,2.000,2.000,2.000,2.000,0,0
1522697700,2.000,2.000,2.000,2.000,230,50324
1522697880,2.000,2.000,2.000,2.000,0,0
1522698300,2.000,2.000,2.000,2.000,1000,50554
1522698600,2.000,2.000,2.000,2.000,1650,51554
1522698660,2.000,2.000,2.000,2.000,0,0
1522698780,2.000,2.000,2.000,2.000,0,0
1522698840,2.000,2.000,2.000,2.000,0,0
1522698900,2.000,2.000,2.000,2.000,1110,53204
1522698960,2.010,2.000,2.000,2.010,0,0
1522699020,2.000,2.000,2.000,2.000,0,0
1522699080,2.000,2.000,2.000,2.000,0,0
1522699140,2.000,2.010,2.000,2.010,0,0
1522762200,2.020,2.020,2.020,2.020,0,0
1522763700,2.020,2.020,2.020,2.020,1130,0
1522763940,2.020,2.020,2.020,2.020,0,0
1522764600,2.010,2.010,2.010,2.010,200,1130
1522764720,2.010,2.010,2.010,2.010,0,0
1522767300,2.005,2.005,2.005,2.005,1100,1330
1522767540,2.005,2.005,2.005,2.005,0,0
1522767600,2.005,2.005,2.005,2.005,1100,2430
1522767660,2.005,2.010,2.005,2.010,0,0
1522768500,2.010,2.010,2.010,2.010,4700,3530
1522768560,2.010,2.010,2.010,2.010,0,0
1522768620,2.010,2.010,2.010,2.010,0,0
1522769100,2.010,2.010,2.010,2.010,1400,8230
1522769400,2.010,2.010,2.010,2.010,500,9630
1522769520,2.010,2.010,2.010,2.010,0,0
1522769580,2.010,2.010,2.010,2.010,0,0
1522770000,2.005,2.005,2.005,2.005,300,10130
1522770180,2.005,2.005,2.005,2.005,0,0
1522770600,2.005,2.005,2.005,2.005,1000,10430
1522771500,2.010,2.010,2.010,2.010,8210,11430
1522771560,2.020,2.037,2.020,2.037,0,0
1522771620,2.020,2.020,2.020,2.020,0,0
1522772100,2.010,2.010,2.010,2.010,201,19640
1522772340,2.010,2.010,2.010,2.010,0,0
1522773600,2.007,2.007,2.007,2.007,200,19841
1522775100,2.000,2.000,2.000,2.000,1978,20041
1522775280,2.000,2.000,2.000,2.000,0,0
1522775400,2.000,2.000,2.000,2.000,4905,22019
1522775460,2.000,2.000,2.000,2.000,0,0
1522775580,1.980,1.980,1.980,1.980,0,0
1522776600,2.000,2.000,2.000,2.000,437,26924
1522776720,2.000,2.000,2.000,2.000,0,0
1522777200,2.000,2.000,2.000,2.000,101,27361
1522777440,2.000,2.000,2.000,2.000,0,0
1522778100,2.000,2.000,2.000,2.000,2487,27462
1522778220,2.000,2.000,2.000,2.000,0,0
1522778400,2.000,2.000,2.000,2.000,1750,29949
1522778580,2.000,2.000,2.000,2.000,0,0
1522779900,1.980,1.980,1.980,1.980,4736,31699
1522780140,1.980,1.980,1.980,1.980,0,0
1522780200,1.940,1.940,1.940,1.940,2360,36435
1522780320,1.940,1.940,1.940,1.940,0,0
1522780800,1.980,1.980,1.980,1.980,3000,38795
1522780920,1.980,1.980,1.980,1.980,0,0
1522781040,2.000,2.000,2.000,2.000,0,0
1522781400,2.000,2.000,2.000,2.000,2000,41795
1522781520,2.000,2.000,2.000,2.000,0,0
1522781700,2.000,2.000,2.000,2.000,1008,43795
1522781940,2.000,2.000,2.000,2.000,0,0
1522782000,2.000,2.000,2.000,2.000,1000,44803
1522782060,2.000,2.000,2.000,2.000,0,0
1522782120,2.000,2.000,2.000,2.000,0,0
1522782300,2.000,2.000,2.000,2.000,3000,45803
1522782360,2.000,2.000,2.000,2.000,0,0
1522782900,2.000,2.000,2.000,2.000,2100,48803
1522783020,2.000,2.000,2.000,2.000,0,0
1522783200,2.000,2.000,2.000,2.000,2100,50903
1522783440,2.000,2.000,2.000,2.000,0,0
1522783500,2.000,2.000,2.000,2.000,1000,53003
1522783560,2.000,2.000,2.000,2.000,0,0
1522783800,1.984,1.984,1.984,1.984,600,54003
1522783920,1.984,1.984,1.984,1.984,0,0
1522784100,1.980,1.980,1.980,1.980,100,54603
1522784160,1.980,1.980,1.980,1.980,0,0
1522784400,1.980,1.980,1.980,1.980,325,54703
1522784460,1.980,1.980,1.980,1.980,0,0
1522784520,1.986,1.986,1.986,1.986,0,0
1522784700,1.990,2.000,1.990,2.000,20200,55028
1522784820,1.990,2.000,1.990,2.000,0,0
1522785000,1.980,1.980,1.980,1.980,1600,75228
1522785060,1.980,1.980,1.980,1.980,0,0
1522785120,1.980,1.980,1.980,1.980,0,0
1522785180,1.980,1.980,1.980,1.980,0,0
1522785300,1.980,1.980,1.980,1.980,500,76828
1522785360,1.980,1.980,1.980,1.980,0,0
1522785420,1.980,1.980,1.980,1.980,0,0
1522785480,1.980,1.980,1.980,1.980,0,0
1522785540,1.980,1.980,1.980,1.980,0,0
1522848600,1.950,1.950,1.950,1.950,0,0
1522854900,1.980,1.980,1.980,1.980,4413,0
1522855020,1.980,1.980,1.980,1.980,0,0
1522856400,1.970,1.970,1.970,1.970,1674,4413
1522856580,1.970,1.970,1.970,1.970,0,0
1522857300,1.974,1.974,1.974,1.974,4000,6087
1522857420,1.974,1.974,1.974,1.974,0,0
1522857480,1.974,1.974,1.974,1.974,0,0
1522857600,1.974,1.974,1.974,1.974,4900,10087
1522857900,1.970,1.970,1.970,1.970,1500,14987
1522859100,1.970,1.970,1.970,1.970,3669,16487
1522859280,1.970,1.970,1.970,1.970,0,0
1522859400,1.970,1.970,1.970,1.970,2890,20156
1522859460,1.970,1.970,1.970,1.970,0,0
1522859700,1.970,1.970,1.970,1.970,100,23046
1522859880,1.970,1.970,1.970,1.970,0,0
1522860900,1.971,1.966,1.966,1.971,9100,23146
1522861020,1.971,1.966,1.966,1.971,0,0
1522861080,1.961,1.962,1.961,1.962,0,0
1522861140,1.961,1.968,1.961,1.968,0,0
1522862100,1.960,1.970,1.960,1.970,259,32246
1522862280,1.960,1.970,1.960,1.970,0,0
1522863000,1.960,1.960,1.960,1.960,107,32505
1522865100,1.960,1.960,1.960,1.960,364,32612
1522865160,1.960,1.960,1.960,1.960,0,0
1522865400,1.979,1.979,1.979,1.979,1320,32976
1522865580,1.979,1.979,1.979,1.979,0,0
1522871700,1.970,1.970,1.970,1.970,1064,34296
1522871760,1.970,1.970,1.970,1.970,0,0
1522871880,1.960,1.960,1.960,1.960,0,0
1522935000,1.970,1.970,1.970,1.970,0,0
1522936200,1.969,1.969,1.969,1.969,3088,0
1522936380,1.970,1.970,1.970,1.970,0,0
1522939800,1.970,1.970,1.970,1.970,16724,3088
1522939860,1.974,1.974,1.974,1.974,0,0
1522940040,1.980,1.980,1.980,1.980,0,0
1522941900,1.974,1.974,1.974,1.974,1152,19812
1522941960,1.974,1.974,1.974,1.974,0,0
1522942500,1.980,1.980,1.980,1.980,2002,20964
1522945800,1.980,1.980,1.980,1.980,1015,22966
1522945920,1.980,1.980,1.980,1.980,0,0
1522949400,1.970,1.970,1.970,1.970,8709,23981
1522949520,1.970,1.970,1.970,1.970,0,0
1522951200,1.970,1.970,1.970,1.970,106,32690
1522951800,1.970,1.970,1.970,1.970,400,32796
1522951980,1.970,1.970,1.970,1.970,0,0
1522952040,1.970,1.970,1.970,1.970,0,0
1522952100,1.970,1.970,1.970,1.970,10400,33196
1522952340,1.970,1.970,1.970,1.970,0,0
1522952700,1.970,1.970,1.970,1.970,500,43596
1522957500,1.960,1.960,1.960,1.960,1435,44096
1522957680,1.960,1.960,1.960,1.960,0,0
1522958100,1.960,1.960,1.960,1.960,300,45531
1522958340,1.960,1.960,1.960,1.960,0,0
1523021400,1.960,1.960,1.960,1.960,1411,0
1523021520,1.958,1.958,1.958,1.958,0,0
1523021700,1.950,1.950,1.950,1.950,4101,1411
1523021760,1.950,1.950,1.950,1.950,0,0
1523022300,1.950,1.950,1.950,1.950,3141,5512
1523022540,1.950,1.950,1.950,1.950,0,0
1523022600,1.950,1.950,1.950,1.950,391,8653
1523022720,1.950,1.950,1.950,1.950,0,0
1523023500,1.960,1.960,1.960,1.960,5000,9044
1523023740,1.960,1.960,1.960,1.960,0,0
1523026500,1.960,1.960,1.960,1.960,200,14044
1523026680,1.960,1.960,1.960,1.960,0,0
1523026800,1.960,1.960,1.960,1.960,109,14244
1523027040,1.960,1.960,1.960,1.960,0,0
1523027100,1.970,1.960,1.960,1.970,3000,14353
1523027220,1.970,1.960,1.960,1.970,0,0
1523027400,1.969,1.969,1.969,1.969,3503,17353
1523028000,1.960,1.960,1.960,1.960,828,20856
1523028180,1.960,1.960,1.960,1.960,0,0
1523028300,1.951,1.951,1.951,1.951,3008,21684
1523028540,1.951,1.951,1.951,1.951,0,0
1523028600,1.953,1.953,1.953,1.953,5000,24692
1523028840,1.953,1.953,1.953,1.953,0,0
1523029500,1.970,1.970,1.970,1.970,104,29692
1523029560,1.970,1.970,1.970,1.970,0,0
1523033700,1.970,1.970,1.970,1.970,6762,29796
1523033820,1.970,1.970,1.970,1.970,0,0
1523038200,1.950,1.950,1.950,1.950,11808,36558
1523038320,1.950,1.950,1.950,1.950,0,0
1523038500,1.940,1.940,1.940,1.940,834,48366
1523038740,1.940,1.940,1.940,1.940,0,0
1523038800,1.940,1.940,1.940,1.940,100,49200
1523039400,1.940,1.940,1.940,1.940,113,49300
1523039640,1.940,1.940,1.940,1.940,0,0
1523041800,1.943,1.940,1.940,1.943,1126,49413
1523042100,1.940,1.940,1.940,1.940,327,50539
1523042160,1.940,1.940,1.940,1.940,0,0
1523042220,1.940,1.940,1.940,1.940,0,0
1523042400,1.940,1.940,1.940,1.940,600,50866
1523042460,1.940,1.940,1.940,1.940,0,0
1523044200,1.940,1.940,1.940,1.940,5864,51466
1523044380,1.940,1.940,1.940,1.940,0,0
1523044500,1.950,1.950,1.950,1.950,8175,57330
1523044560,1.950,1.950,1.950,1.950,0,0
1523044740,1.950,1.950,1.950,1.950,0,0
1523280600,1.960,1.960,1.960,1.960,0,0
1523281200,1.940,1.940,1.940,1.940,3048,0
1523281260,1.940,1.940,1.940,1.940,0,0
1523281320,1.940,1.940,1.940,1.940,0,0
1523281440,1.940,1.940,1.940,1.940,0,0
1523283000,1.944,1.944,1.944,1.944,100,3048
1523283180,1.944,1.944,1.944,1.944,0,0
1523284500,1.945,1.945,1.945,1.945,335,3148
1523284620,1.950,1.950,1.950,1.950,0,0
1523285400,1.940,1.940,1.940,1.940,1100,3483
1523285520,1.940,1.940,1.940,1.940,0,0
1523286900,1.932,1.940,1.932,1.940,1051,4583
1523287020,1.940,1.940,1.940,1.940,0,0
1523287200,1.939,1.940,1.939,1.940,15244,5634
1523287380,1.939,1.940,1.939,1.940,0,0
1523287500,1.950,1.950,1.950,1.950,905,20878
1523287560,1.950,1.950,1.950,1.950,0,0
1523290500,1.944,1.944,1.944,1.944,5911,21783
1523290740,1.944,1.944,1.944,1.944,0,0
1523290800,1.944,1.944,1.944,1.944,200,27694
1523290980,1.944,1.944,1.944,1.944,0,0
1523291700,1.932,1.932,1.932,1.932,3702,27894
1523291880,1.930,1.920,1.920,1.930,0,0
1523292300,1.910,1.910,1.910,1.910,23708,31596
1523292540,1.910,1.910,1.910,1.910,0,0
1523292900,1.875,1.875,1.875,1.875,2310,55304
1523292960,1.875,1.875,1.875,1.875,0,0
1523293020,1.880,1.880,1.880,1.880,0,0
1523293080,1.882,1.882,1.882,1.882,0,0
1523294100,1.890,1.890,1.890,1.890,101,57614
1523295300,1.880,1.880,1.880,1.880,2270,57715
1523295540,1.880,1.880,1.880,1.880,0,0
1523295900,1.881,1.881,1.881,1.881,8000,59985
1523296020,1.881,1.881,1.881,1.881,0,0
1523298000,1.890,1.890,1.890,1.890,8083,67985
1523298180,1.890,1.890,1.890,1.890,0,0
1523298240,1.890,1.880,1.880,1.890,0,0
1523298900,1.860,1.860,1.860,1.860,1650,76068
1523298960,1.860,1.860,1.860,1.860,0,0
1523299080,1.857,1.857,1.857,1.857,0,0
1523299200,1.850,1.860,1.850,1.860,10300,77718
1523299260,1.850,1.860,1.850,1.860,0,0
1523299800,1.844,1.844,1.844,1.844,1519,88018
1523299980,1.844,1.844,1.844,1.844,0,0
1523300700,1.840,1.840,1.840,1.840,5100,89537
1523302200,1.820,1.820,1.820,1.820,2315,94637
1523302320,1.820,1.820,1.820,1.820,0,0
1523302500,1.820,1.820,1.820,1.820,700,96952
1523302560,1.820,1.820,1.820,1.820,0,0
1523302800,1.820,1.820,1.820,1.820,3770,97652
1523302980,1.820,1.820,1.820,1.820,0,0
1523303100,1.830,1.830,1.830,1.830,9400,101422
1523303700,1.820,1.820,1.820,1.820,2934,110822
1523303940,1.820,1.820,1.820,1.820,0,0
1523367000,1.820,1.810,1.810,1.820,2553,0
1523367240,1.810,1.810,1.810,1.810,0,0
1523367300,1.800,1.800,1.800,1.800,305,2553
1523367600,1.800,1.800,1.800,1.800,279,2858
1523367780,1.800,1.800,1.800,1.800,0,0
1523367840,1.800,1.800,1.800,1.800,0,0
1523368500,1.808,1.808,1.808,1.808,6237,3137
1523368680,1.808,1.808,1.808,1.808,0,0
1523368800,1.805,1.805,1.805,1.805,700,9374
1523368860,1.800,1.800,1.800,1.800,0,0
1523369700,1.790,1.790,1.790,1.790,1915,10074
1523369940,1.790,1.790,1.790,1.790,0,0
1523370000,1.780,1.780,1.780,1.780,687,11989
1523370180,1.780,1.780,1.780,1.780,0,0
1523370600,1.780,1.780,1.780,1.780,100,12676
1523370660,1.780,1.780,1.780,1.780,0,0
1523370780,1.780,1.780,1.780,1.780,0,0
1523370900,1.784,1.784,1.784,1.784,5547,12776
1523371080,1.784,1.784,1.784,1.784,0,0
1523371140,1.780,1.780,1.780,1.780,0,0
1523372100,1.750,1.750,1.750,1.750,5872,18323
1523372220,1.750,1.750,1.750,1.750,0,0
1523372400,1.750,1.750,1.750,1.750,780,24195
1523372460,1.750,1.750,1.750,1.750,0,0
1523372700,1.730,1.730,1.730,1.730,6628,24975
1523372940,1.730,1.730,1.730,1.730,0,0
1523373000,1.730,1.730,1.730,1.730,7031,31603
1523373300,1.730,1.730,1.730,1.730,4664,38634
1523373360,1.730,1.730,1.730,1.730,0,0
1523373420,1.730,1.730,1.730,1.730,0,0
1523373540,1.740,1.740,1.740,1.740,0,0
1523373600,1.750,1.750,1.750,1.750,115,43298
1523373840,1.750,1.750,1.750,1.750,0,0
1523373900,1.750,1.750,1.750,1.750,2520,43413
1523374500,1.750,1.750,1.750,1.750,215,45933
1523374560,1.750,1.750,1.750,1.750,0,0
1523374800,1.730,1.730,1.730,1.730,10735,46148
1523374860,1.730,1.730,1.730,1.730,0,0
1523375100,1.720,1.720,1.720,1.720,3064,56883
1523375160,1.720,1.720,1.720,1.720,0,0
1523375700,1.720,1.720,1.720,1.720,430,59947
1523375820,1.720,1.720,1.720,1.720,0,0
1523376000,1.730,1.730,1.730,1.730,150,60377
1523376060,1.730,1.730,1.730,1.730,0,0
1523376120,1.720,1.720,1.720,1.720,0,0
1523376180,1.720,1.720,1.720,1.720,0,0
1523376300,1.725,1.725,1.725,1.725,310,60527
1523376540,1.725,1.725,1.725,1.725,0,0
1523376600,1.727,1.727,1.727,1.727,1000,60837
1523376720,1.727,1.727,1.727,1.727,0,0
1523376900,1.720,1.720,1.720,1.720,3315,61837
1523376960,1.720,1.720,1.720,1.720,0,0
1523377020,1.725,1.725,1.725,1.725,0,0
1523377500,1.725,1.725,1.725,1.725,110,65152
1523377800,1.725,1.725,1.725,1.725,105,65262
1523377980,1.725,1.725,1.725,1.725,0,0
1523378100,1.725,1.725,1.725,1.725,110,65367
1523378340,1.725,1.725,1.725,1.725,0,0
1523378400,1.725,1.725,1.725,1.725,305,65477
1523378460,1.725,1.725,1.725,1.725,0,0
1523378580,1.720,1.720,1.720,1.720,0,0
1523378700,1.725,1.725,1.725,1.725,105,65782
1523378940,1.725,1.725,1.725,1.725,0,0
1523379000,1.725,1.725,1.725,1.725,500,65887
1523379120,1.725,1.725,1.725,1.725,0,0
1523379300,1.725,1.725,1.725,1.725,183,66387
1523379420,1.725,1.725,1.725,1.725,0,0
1523379600,1.725,1.725,1.725,1.725,200,66570
1523379660,1.725,1.725,1.725,1.725,0,0
1523379900,1.725,1.720,1.720,1.725,933,66770
1523379960,1.725,1.720,1.720,1.725,0,0
1523380080,1.720,1.720,1.720,1.720,0,0
1523380200,1.725,1.725,1.725,1.725,110,67703
1523380440,1.725,1.725,1.725,1.725,0,0
1523380500,1.725,1.725,1.725,1.725,100,67813
1523380560,1.725,1.725,1.725,1.725,0,0
1523381100,1.730,1.720,1.720,1.730,3510,67913
1523381280,1.730,1.720,1.720,1.730,0,0
1523381400,1.725,1.725,1.725,1.725,100,71423
1523381460,1.725,1.725,1.725,1.725,0,0
1523381700,1.725,1.725,1.725,1.725,110,71523
1523381940,1.725,1.725,1.725,1.725,0,0
1523382300,1.750,1.750,1.750,1.750,4717,71633
1523382420,1.750,1.750,1.750,1.750,0,0
1523382600,1.760,1.760,1.760,1.760,4103,76350
1523382780,1.760,1.760,1.760,1.760,0,0
1523383200,1.780,1.780,1.780,1.780,3090,80453
1523383320,1.780,1.780,1.780,1.780,0,0
1523383500,1.770,1.770,1.770,1.770,450,83543
1523383740,1.770,1.770,1.770,1.770,0,0
1523383800,1.770,1.770,1.770,1.770,100,83993
1523383860,1.770,1.770,1.770,1.770,0,0
1523384100,1.770,1.770,1.770,1.770,208,84093
1523384280,1.770,1.770,1.770,1.770,0,0
1523384700,1.770,1.770,1.770,1.770,340,84301
1523384940,1.780,1.780,1.780,1.780,0,0
1523385300,1.800,1.800,1.800,1.800,1051,84641
1523385360,1.800,1.800,1.800,1.800,0,0
1523385900,1.800,1.800,1.800,1.800,7050,85692
1523385960,1.800,1.800,1.800,1.800,0,0
1523386200,1.790,1.790,1.790,1.790,300,92742
1523386380,1.790,1.790,1.790,1.790,0,0
1523386500,1.790,1.790,1.790,1.790,610,93042
1523386620,1.790,1.790,1.790,1.790,0,0
1523386740,1.780,1.780,1.780,1.780,0,0
1523386800,1.780,1.780,1.780,1.780,510,93652
1523386860,1.780,1.780,1.780,1.780,0,0
1523387040,1.780,1.780,1.780,1.780,0,0
1523387100,1.780,1.780,1.780,1.780,2350,94162
1523387160,1.780,1.780,1.780,1.780,0,0
1523387400,1.790,1.790,1.790,1.790,1310,96512
1523387580,1.785,1.780,1.780,1.785,0,0
1523388000,1.780,1.780,1.780,1.780,2627,97822
1523388180,1.780,1.780,1.780,1.780,0,0
1523388600,1.780,1.780,1.780,1.780,515,100449
1523388660,1.780,1.780,1.780,1.780,0,0
1523388720,1.780,1.780,1.780,1.780,0,0
1523388780,1.780,1.780,1.780,1.780,0,0
1523388900,1.771,1.771,1.771,1.771,4320,100964
1523389140,1.771,1.771,1.771,1.771,0,0
1523389200,1.787,1.787,1.787,1.787,1015,105284
1523389380,1.787,1.787,1.787,1.787,0,0
1523389500,1.780,1.810,1.780,1.810,8004,106299
1523389680,1.780,1.810,1.780,1.810,0,0
1523389740,1.800,1.800,1.800,1.800,0,0
1523389800,1.795,1.795,1.795,1.795,1617,114303
1523389980,1.788,1.788,1.788,1.788,0,0
1523390040,1.795,1.795,1.795,1.795,0,0
1523390100,1.790,1.790,1.790,1.790,1026,115920
1523390220,1.790,1.790,1.790,1.790,0,0
1523390340,1.780,1.780,1.780,1.780,0,0
1523453400,1.770,1.770,1.770,1.770,1531,0
1523453520,1.755,1.755,1.755,1.755,0,0
1523454900,1.775,1.775,1.775,1.775,252,1531
1523455080,1.775,1.775,1.775,1.775,0,0
1523455800,1.800,1.800,1.800,1.800,2279,1783
1523456040,1.800,1.800,1.800,1.800,0,0
1523456100,1.820,1.820,1.820,1.820,1300,4062
1523456160,1.820,1.820,1.820,1.820,0,0
1523456220,1.820,1.820,1.820,1.820,0,0
1523456280,1.820,1.830,1.820,1.830,0,0
1523456340,1.830,1.830,1.830,1.830,0,0
1523456400,1.850,1.850,1.850,1.850,740,5362
1523456700,1.822,1.822,1.822,1.822,600,6102
1523456880,1.822,1.822,1.822,1.822,0,0
1523457300,1.830,1.830,1.830,1.830,1200,6702
1523457600,1.830,1.830,1.830,1.830,5198,7902
1523457660,1.830,1.830,1.830,1.830,0,0
1523457840,1.850,1.850,1.850,1.850,0,0
1523457900,1.830,1.830,1.830,1.830,100,13100
1523458080,1.830,1.830,1.830,1.830,0,0
1523458200,1.830,1.830,1.830,1.830,200,13200
1523458440,1.830,1.830,1.830,1.830,0,0
1523458800,1.830,1.830,1.830,1.830,200,13400
1523458860,1.830,1.830,1.830,1.830,0,0
1523458920,1.840,1.840,1.840,1.840,0,0
1523459100,1.830,1.830,1.830,1.830,531,13600
1523459220,1.850,1.850,1.850,1.850,0,0
1523459400,1.830,1.830,1.830,1.830,201,14131
1523459460,1.830,1.830,1.830,1.830,0,0
1523459700,1.835,1.835,1.835,1.835,416,14332
1523459820,1.835,1.835,1.835,1.835,0,0
1523459880,1.830,1.830,1.830,1.830,0,0
1523460000,1.840,1.840,1.840,1.840,1300,14748
1523460600,1.840,1.840,1.840,1.840,100,16048
1523461200,1.830,1.830,1.830,1.830,200,16148
1523461800,1.840,1.840,1.840,1.840,300,16348
1523462040,1.835,1.835,1.835,1.835,0,0
1523462400,1.835,1.835,1.835,1.835,100,16648
1523462460,1.835,1.835,1.835,1.835,0,0
1523462700,1.833,1.833,1.833,1.833,500,16748
1523462820,1.833,1.833,1.833,1.833,0,0
1523463000,1.835,1.835,1.835,1.835,100,17248
1523463120,1.835,1.835,1.835,1.835,0,0
1523463600,1.830,1.830,1.830,1.830,200,17348
1523463780,1.835,1.835,1.835,1.835,0,0
1523464500,1.835,1.830,1.830,1.835,200,17548
1523465100,1.830,1.830,1.830,1.830,400,17748
1523465220,1.830,1.830,1.830,1.830,0,0
1523465700,1.830,1.830,1.830,1.830,100,18148
1523465820,1.830,1.830,1.830,1.830,0,0
1523465880,1.830,1.830,1.830,1.830,0,0
1523466600,1.830,1.830,1.830,1.830,300,18248
1523467200,1.830,1.830,1.830,1.830,100,18548
1523467380,1.830,1.830,1.830,1.830,0,0
1523468100,1.830,1.830,1.830,1.830,225,18648
1523468400,1.820,1.820,1.820,1.820,350,18873
1523468640,1.820,1.820,1.820,1.820,0,0
1523468700,1.830,1.830,1.830,1.830,100,19223
1523468760,1.830,1.830,1.830,1.830,0,0
1523469000,1.820,1.820,1.820,1.820,350,19323
1523469180,1.820,1.820,1.820,1.820,0,0
1523469300,1.820,1.820,1.820,1.820,350,19673
1523469480,1.820,1.820,1.820,1.820,0,0
1523469900,1.830,1.830,1.830,1.830,100,20023
1523470080,1.830,1.830,1.830,1.830,0,0
1523470200,1.830,1.830,1.830,1.830,250,20123
1523470380,1.830,1.830,1.830,1.830,0,0
1523470500,1.830,1.830,1.830,1.830,200,20373
1523470740,1.830,1.830,1.830,1.830,0,0
1523471100,1.820,1.820,1.820,1.820,200,20573
1523471220,1.820,1.820,1.820,1.820,0,0
1523471400,1.830,1.830,1.830,1.830,150,20773
1523471700,1.831,1.831,1.831,1.831,350,20923
1523471820,1.831,1.831,1.831,1.831,0,0
1523472000,1.830,1.830,1.830,1.830,850,21273
1523472240,1.830,1.830,1.830,1.830,0,0
1523472600,1.835,1.835,1.835,1.835,100,22123
1523472660,1.835,1.835,1.835,1.835,0,0
1523473200,1.830,1.830,1.830,1.830,400,22223
1523473500,1.830,1.830,1.830,1.830,501,22623
1523473680,1.830,1.830,1.830,1.830,0,0
1523473740,1.835,1.835,1.835,1.835,0,0
1523474400,1.810,1.810,1.810,1.810,8762,23124
1523474460,1.810,1.810,1.810,1.810,0,0
1523474520,1.810,1.810,1.810,1.810,0,0
1523474700,1.830,1.830,1.830,1.830,100,31886
1523474940,1.830,1.830,1.830,1.830,0,0
1523475000,1.830,1.830,1.830,1.830,450,31986
1523475240,1.830,1.830,1.830,1.830,0,0
1523475300,1.820,1.820,1.820,1.820,200,32436
1523475540,1.830,1.830,1.830,1.830,0,0
1523475600,1.820,1.820,1.820,1.820,1205,32636
1523475720,1.820,1.820,1.820,1.820,0,0
1523475840,1.830,1.830,1.830,1.830,0,0
1523475900,1.830,1.820,1.820,1.830,1200,33841
1523476080,1.820,1.820,1.820,1.820,0,0
1523476140,1.820,1.820,1.820,1.820,0,0
1523476200,1.820,1.820,1.820,1.820,200,35041
1523476320,1.820,1.820,1.820,1.820,0,0
1523476500,1.810,1.810,1.810,1.810,1000,35241
1523476560,1.810,1.810,1.810,1.810,0,0
1523476680,1.820,1.820,1.820,1.820,0,0
1523476740,1.820,1.820,1.820,1.820,0,0
1523539800,1.840,1.840,1.840,1.840,400,0
1523540040,1.830,1.830,1.830,1.830,0,0
1523541300,1.830,1.830,1.830,1.830,906,400
1523541360,1.830,1.830,1.830,1.830,0,0
1523541600,1.820,1.820,1.820,1.820,5025,1306
1523541780,1.820,1.820,1.820,1.820,0,0
1523541900,1.770,1.770,1.770,1.770,1210,6331
1523542140,1.770,1.770,1.770,1.770,0,0
1523542500,1.809,1.809,1.809,1.809,8393,7541
1523542740,1.809,1.809,1.809,1.809,0,0
1523543700,1.800,1.800,1.800,1.800,100,15934
1523543760,1.800,1.800,1.800,1.800,0,0
1523544000,1.800,1.800,1.800,1.800,2700,16034
1523544240,1.800,1.800,1.800,1.800,0,0
1523544300,1.830,1.830,1.830,1.830,100,18734
1523544480,1.830,1.830,1.830,1.830,0,0
1523544600,1.810,1.810,1.810,1.810,100,18834
1523545800,1.840,1.840,1.840,1.840,100,18934
1523545860,1.840,1.840,1.840,1.840,0,0
1523546100,1.839,1.839,1.839,1.839,1500,19034
1523546220,1.839,1.839,1.839,1.839,0,0
1523546400,1.820,1.820,1.820,1.820,200,20534
1523546580,1.820,1.820,1.820,1.820,0,0
1523547000,1.820,1.820,1.820,1.820,100,20734
1523548200,1.820,1.820,1.820,1.820,300,20834
1523548800,1.810,1.810,1.810,1.810,200,21134
1523549040,1.810,1.810,1.810,1.810,0,0
1523549100,1.810,1.810,1.810,1.810,100,21334
1523549220,1.810,1.810,1.810,1.810,0,0
1523549340,1.810,1.810,1.810,1.810,0,0
1523550000,1.810,1.810,1.810,1.810,200,21434
1523550180,1.810,1.810,1.810,1.810,0,0
1523551200,1.800,1.810,1.800,1.810,1900,21634
1523551380,1.800,1.810,1.800,1.810,0,0
1523552700,1.805,1.805,1.805,1.805,400,23534
1523553600,1.805,1.805,1.805,1.805,101,23934
1523553660,1.805,1.805,1.805,1.805,0,0
1523554200,1.800,1.805,1.800,1.805,600,24035
1523554440,1.800,1.805,1.800,1.805,0,0
1523554500,1.805,1.805,1.805,1.805,200,24635
1523554560,1.805,1.805,1.805,1.805,0,0
1523555400,1.805,1.805,1.805,1.805,200,24835
1523555520,1.805,1.805,1.805,1.805,0,0
1523555580,1.800,1.800,1.800,1.800,0,0
1523556300,1.805,1.805,1.805,1.805,100,25035
1523556360,1.805,1.805,1.805,1.805,0,0
1523556480,1.800,1.800,1.800,1.800,0,0
1523557200,1.805,1.805,1.805,1.805,200,25135
1523557500,1.800,1.800,1.800,1.800,6100,25335
1523557620,1.800,1.800,1.800,1.800,0,0
1523557680,1.800,1.805,1.800,1.805,0,0
1523557740,1.810,1.810,1.810,1.810,0,0
1523557800,1.805,1.800,1.800,1.805,800,31435
1523558040,1.805,1.800,1.800,1.805,0,0
1523558400,1.805,1.805,1.805,1.805,100,32235
1523558520,1.805,1.805,1.805,1.805,0,0
1523558700,1.805,1.805,1.805,1.805,100,32335
1523558880,1.805,1.805,1.805,1.805,0,0
1523559000,1.805,1.805,1.805,1.805,200,32435
1523559180,1.805,1.805,1.805,1.805,0,0
1523559300,1.805,1.805,1.805,1.805,100,32635
1523559360,1.805,1.805,1.805,1.805,0,0
1523559540,1.805,1.805,1.805,1.805,0,0
1523559600,1.805,1.805,1.805,1.805,300,32735
1523559720,1.805,1.805,1.805,1.805,0,0
1523559900,1.805,1.805,1.805,1.805,3600,33035
1523560020,1.800,1.800,1.800,1.800,0,0
1523560140,1.800,1.800,1.800,1.800,0,0
1523560200,1.805,1.810,1.805,1.810,9400,36635
1523560260,1.810,1.810,1.810,1.810,0,0
1523560380,1.820,1.820,1.820,1.820,0,0
1523560500,1.830,1.830,1.830,1.830,2700,46035
1523560560,1.830,1.830,1.830,1.830,0,0
1523560800,1.830,1.830,1.830,1.830,700,48735
1523560980,1.830,1.830,1.830,1.830,0,0
1523561400,1.830,1.830,1.830,1.830,100,49435
1523561520,1.830,1.830,1.830,1.830,0,0
1523562000,1.830,1.830,1.830,1.830,4194,49535
1523562120,1.840,1.840,1.840,1.840,0,0
1523562180,1.840,1.840,1.840,1.840,0,0
1523562300,1.850,1.840,1.840,1.850,6700,53729
1523562540,1.850,1.840,1.840,1.850,0,0
1523562600,1.840,1.840,1.840,1.840,200,60429
1523562900,1.840,1.840,1.840,1.840,200,60629
1523563020,1.840,1.840,1.840,1.840,0,0
1523563140,1.840,1.840,1.840,1.840,0,0
1523626200,1.840,1.840,1.840,1.840,0,0
1523626800,1.820,1.813,1.810,1.820,1820,0
1523627040,1.820,1.813,1.810,1.820,0,0
1523627100,1.820,1.840,1.820,1.840,3800,1820
1523627220,1.840,1.840,1.840,1.840,0,0
1523627400,1.840,1.840,1.840,1.840,300,5620
1523627520,1.840,1.840,1.840,1.840,0,0
1523627640,1.840,1.840,1.840,1.840,0,0
1523627700,1.847,1.847,1.847,1.847,5300,5920
1523627760,1.847,1.847,1.847,1.847,0,0
1523627820,1.850,1.845,1.845,1.850,0,0
1523628300,1.860,1.870,1.860,1.870,2502,11220
1523628360,1.860,1.870,1.860,1.870,0,0
1523629200,1.840,1.840,1.840,1.840,300,13722
1523629320,1.840,1.840,1.840,1.840,0,0
1523629500,1.840,1.840,1.840,1.840,100,14022
1523629620,1.840,1.840,1.840,1.840,0,0
1523629800,1.840,1.840,1.840,1.840,100,14122
1523629980,1.840,1.840,1.840,1.840,0,0
1523630100,1.840,1.840,1.840,1.840,100,14222
1523630280,1.840,1.840,1.840,1.840,0,0
1523630700,1.840,1.840,1.840,1.840,100,14322
1523631000,1.840,1.840,1.840,1.840,100,14422
1523631060,1.840,1.840,1.840,1.840,0,0
1523631300,1.840,1.840,1.840,1.840,100,14522
1523631420,1.840,1.840,1.840,1.840,0,0
1523631600,1.840,1.840,1.840,1.840,100,14622
1523631840,1.840,1.840,1.840,1.840,0,0
1523632200,1.840,1.840,1.840,1.840,101,14722
1523632260,1.840,1.840,1.840,1.840,0,0
1523632500,1.840,1.840,1.840,1.840,100,14823
1523632680,1.840,1.840,1.840,1.840,0,0
1523633100,1.840,1.845,1.840,1.845,5800,14923
1523633160,1.840,1.845,1.840,1.845,0,0
1523633280,1.845,1.845,1.845,1.845,0,0
1523633340,1.845,1.845,1.845,1.845,0,0
1523633400,1.850,1.850,1.850,1.850,13721,20723
1523633460,1.850,1.850,1.850,1.850,0,0
1523633520,1.845,1.845,1.845,1.845,0,0
1523633580,1.850,1.853,1.850,1.853,0,0
1523633700,1.850,1.840,1.840,1.850,11500,34444
1523633820,1.850,1.840,1.840,1.850,0,0
1523634000,1.860,1.865,1.860,1.865,12925,45944
1523634060,1.867,1.867,1.867,1.867,0,0
1523634120,1.870,1.870,1.870,1.870,0,0
1523634180,1.878,1.878,1.878,1.878,0,0
1523634240,1.896,1.920,1.885,1.920,0,0
1523634300,1.913,1.910,1.910,1.949,16625,58869
1523634360,1.940,1.979,1.940,1.979,0,0
1523634420,1.954,1.920,1.920,1.954,0,0
1523634900,1.920,1.920,1.920,1.920,12165,75494
1523634960,1.920,1.920,1.920,1.920,0,0
1523635020,1.915,1.917,1.915,1.917,0,0
1523635200,1.901,1.901,1.901,1.901,1154,87659
1523635440,1.900,1.900,1.900,1.900,0,0
1523635800,1.900,1.900,1.900,1.900,353,88813
1523636040,1.900,1.900,1.900,1.900,0,0
1523636100,1.880,1.880,1.880,1.880,325,89166
1523636160,1.880,1.880,1.880,1.880,0,0
1523636700,1.880,1.870,1.870,1.880,2351,89491
1523636880,1.880,1.870,1.870,1.880,0,0
1523637000,1.870,1.870,1.870,1.870,251,91842
1523637120,1.870,1.870,1.870,1.870,0,0
1523637300,1.880,1.880,1.880,1.880,900,92093
1523637540,1.880,1.880,1.880,1.880,0,0
1523637600,1.895,1.890,1.890,1.895,3900,92993
1523637720,1.905,1.905,1.905,1.905,0,0
1523639400,1.906,1.906,1.906,1.906,6127,96893
1523639460,1.900,1.900,1.900,1.900,0,0
1523640300,1.900,1.900,1.900,1.900,592,103020
1523640360,1.900,1.915,1.900,1.915,0,0
1523640420,1.900,1.900,1.900,1.900,0,0
1523640600,1.929,1.900,1.900,1.929,2842,103612
1523640660,1.900,1.900,1.900,1.900,0,0
1523640900,1.929,1.900,1.900,1.929,1300,106454
1523640960,1.929,1.900,1.900,1.929,0,0
1523641020,1.900,1.900,1.900,1.900,0,0
1523641200,1.890,1.890,1.890,1.890,2241,107754
1523641260,1.890,1.890,1.890,1.890,0,0
1523641500,1.900,1.900,1.900,1.900,5923,109995
1523641620,1.900,1.900,1.900,1.900,0,0
1523641740,1.915,1.900,1.900,1.915,0,0
1523641800,1.918,1.900,1.900,1.918,5571,115918
1523641860,1.918,1.900,1.900,1.918,0,0
1523641920,1.900,1.918,1.900,1.918,0,0
1523642100,1.900,1.900,1.900,1.900,5409,121489
1523642280,1.900,1.890,1.890,1.900,0,0
1523642340,1.900,1.900,1.900,1.900,0,0
1523642400,1.890,1.880,1.880,1.890,3352,126898
1523642460,1.890,1.880,1.880,1.890,0,0
1523642520,1.883,1.883,1.883,1.883,0,0
1523642580,1.880,1.880,1.880,1.880,0,0
1523642700,1.900,1.900,1.900,1.900,3900,130250
1523642940,1.890,1.890,1.890,1.890,0,0
1523643000,1.890,1.890,1.890,1.890,1200,134150
1523643180,1.890,1.890,1.890,1.890,0,0
1523643300,1.890,1.890,1.890,1.890,1461,135350
1523643360,1.880,1.880,1.880,1.880,0,0
1523643420,1.880,1.880,1.880,1.880,0,0
1523643600,1.860,1.860,1.860,1.860,200,136811
1523643660,1.860,1.860,1.860,1.860,0,0
1523643900,1.860,1.860,1.860,1.860,1425,137011
1523644020,1.860,1.860,1.860,1.860,0,0
1523644200,1.865,1.865,1.865,1.865,173,138436
1523644260,1.865,1.865,1.865,1.865,0,0
1523644320,1.860,1.860,1.860,1.860,0,0
1523644440,1.860,1.860,1.860,1.860,0,0
1523644500,1.860,1.860,1.860,1.860,6302,138609
1523644620,1.870,1.860,1.860,1.870,0,0
1523644740,1.860,1.870,1.860,1.870,0,0
1523644800,1.860,1.860,1.860,1.860,2794,144911
1523644860,1.860,1.860,1.860,1.860,0,0
1523644920,1.860,1.860,1.860,1.860,0,0
1523644980,1.860,1.860,1.860,1.860,0,0
1523645040,1.860,1.840,1.840,1.860,0,0
1523645100,1.860,1.860,1.860,1.860,627,147705
1523645340,1.860,1.860,1.860,1.860,0,0
1523645400,1.870,1.870,1.870,1.870,3625,148332
1523645520,1.870,1.870,1.870,1.870,0,0
1523645580,1.870,1.870,1.870,1.870,0,0
1523646000,1.870,1.865,1.865,1.870,7200,151957
1523646060,1.870,1.865,1.865,1.870,0,0
1523646300,1.870,1.870,1.870,1.870,900,159157
1523646420,1.874,1.874,1.874,1.874,0,0
1523646480,1.860,1.860,1.860,1.860,0,0
1523646540,1.870,1.870,1.870,1.870,0,0
1523646600,1.870,1.870,1.870,1.870,100,160057
1523646660,1.870,1.870,1.870,1.870,0,0
1523646840,1.870,1.870,1.870,1.870,0,0
1523646900,1.870,1.870,1.870,1.870,300,160157
1523647020,1.870,1.870,1.870,1.870,0,0
1523647200,1.870,1.870,1.870,1.870,725,160457
1523647320,1.860,1.860,1.860,1.860,0,0
1523647380,1.880,1.880,1.880,1.880,0,0
1523647500,1.880,1.880,1.880,1.880,100,161182
1523647560,1.880,1.880,1.880,1.880,0,0
1523647740,1.880,1.880,1.880,1.880,0,0
1523647800,1.880,1.880,1.880,1.880,300,161282
1523647920,1.880,1.880,1.880,1.880,0,0
1523648040,1.880,1.880,1.880,1.880,0,0
1523648100,1.880,1.880,1.880,1.880,600,161582
1523648160,1.880,1.880,1.880,1.880,0,0
1523648280,1.880,1.880,1.880,1.880,0,0
1523648340,1.880,1.870,1.870,1.880,0,0
1523648400,1.880,1.880,1.880,1.880,100,162182
1523648520,1.880,1.880,1.880,1.880,0,0
1523648640,1.870,1.870,1.870,1.870,0,0
1523648700,1.870,1.870,1.870,1.870,250,162282
1523648820,1.870,1.870,1.870,1.870,0,0
1523648880,1.880,1.880,1.880,1.880,0,0
1523648940,1.880,1.880,1.880,1.880,0,0
1523649000,1.880,1.870,1.870,1.880,300,162532
1523649060,1.870,1.870,1.870,1.870,0,0
1523649120,1.870,1.870,1.870,1.870,0,0
1523649240,1.870,1.870,1.870,1.870,0,0
1523649300,1.880,1.880,1.880,1.880,5600,162832
1523649360,1.880,1.875,1.875,1.880,0,0
1523649480,1.870,1.870,1.870,1.870,0,0
1523649540,1.880,1.880,1.870,1.880,0,0
1523885400,1.890,1.890,1.890,1.890,5272,0
1523885580,1.900,1.900,1.900,1.900,0,0
1523885700,1.900,1.900,1.900,1.900,2154,5272
1523885940,1.900,1.900,1.900,1.900,0,0
1523886000,1.900,1.900,1.900,1.900,800,7426
1523886120,1.900,1.900,1.900,1.900,0,0
1523886300,1.910,1.910,1.910,1.910,500,8226
1523886420,1.910,1.910,1.910,1.910,0,0
1523886600,1.916,1.916,1.916,1.916,400,8726
1523886840,1.910,1.910,1.910,1.910,0,0
1523887200,1.910,1.910,1.910,1.910,1300,9126
1523887440,1.910,1.910,1.910,1.910,0,0
1523887500,1.900,1.910,1.900,1.910,1600,10426
1523887680,1.900,1.900,1.900,1.900,0,0
1523887800,1.905,1.900,1.900,1.905,400,12026
1523887860,1.905,1.900,1.900,1.905,0,0
1523888100,1.905,1.900,1.900,1.905,8306,12426
1523888160,1.905,1.900,1.900,1.905,0,0
1523888340,1.900,1.900,1.900,1.900,0,0
1523888700,1.920,1.920,1.920,1.920,4073,20732
1523888760,1.920,1.920,1.920,1.920,0,0
1523888820,1.920,1.920,1.920,1.920,0,0
1523889300,1.950,1.950,1.950,1.950,5539,24805
1523889540,1.950,1.950,1.950,1.950,0,0
1523889600,1.950,1.950,1.950,1.950,10576,30344
1523889720,1.930,1.930,1.930,1.930,0,0
1523889780,1.940,1.930,1.930,1.950,0,0
1523889900,1.970,1.945,1.945,1.970,11948,40920
1523889960,1.970,1.945,1.945,1.970,0,0
1523890020,1.930,1.931,1.930,1.931,0,0
1523890500,1.940,1.930,1.930,1.940,500,52868
1523891100,1.950,1.950,1.950,1.950,6911,53368
1523891160,1.970,1.960,1.960,1.970,0,0
1523891220,1.970,1.970,1.970,1.970,0,0
1523891700,1.960,1.960,1.960,1.960,23284,60279
1523891940,1.960,1.960,1.960,1.960,0,0
1523892000,1.960,1.960,1.960,1.960,6420,83563
1523892060,1.960,1.960,1.960,1.960,0,0
1523892240,1.990,1.990,1.990,1.990,0,0
1523892600,1.990,1.990,1.990,1.990,2120,89983
1523892720,1.990,1.990,1.990,1.990,0,0
1523892900,1.995,1.995,1.995,1.995,2025,92103
1523893020,1.995,1.995,1.995,1.995,0,0
1523893200,2.000,2.000,2.000,2.000,8170,94128
1523893320,2.000,2.000,2.000,2.000,0,0
1523893380,2.010,2.010,2.010,2.010,0,0
1523893500,2.030,2.030,2.030,2.030,1100,102298
1523893560,2.030,2.030,2.030,2.030,0,0
1523893800,2.030,2.030,2.030,2.030,1400,103398
1523894040,2.000,2.000,2.000,2.000,0,0
1523894100,2.000,2.000,2.000,2.000,108,104798
1523894160,2.000,2.000,2.000,2.000,0,0
1523894700,2.010,2.010,2.010,2.010,301,104906
1523894760,2.010,2.010,2.010,2.010,0,0
1523895000,2.020,2.020,2.020,2.020,11400,105207
1523895120,2.020,2.020,2.020,2.020,0,0
1523895180,2.010,2.010,2.010,2.010,0,0
1523895240,2.027,2.020,2.020,2.027,0,0
1523895600,2.020,2.020,2.020,2.020,3961,116607
1523895720,2.020,2.020,2.020,2.020,0,0
1523895840,2.020,2.020,2.020,2.020,0,0
1523895900,2.020,2.020,2.020,2.020,3650,120568
1523896140,2.020,2.020,2.020,2.020,0,0
1523896200,2.010,2.010,2.010,2.010,10127,124218
1523896260,2.010,2.010,2.010,2.010,0,0
1523896500,2.010,2.020,2.010,2.020,7300,134345
1523896800,2.020,2.020,2.020,2.020,9787,141645
1523897040,2.020,2.020,2.020,2.020,0,0
1523897100,2.000,2.025,2.000,2.025,6194,151432
1523897220,2.000,2.025,2.000,2.025,0,0
1523897400,2.024,2.024,2.024,2.024,125,157626
1523897520,2.024,2.024,2.024,2.024,0,0
1523898000,2.020,2.020,2.020,2.020,15286,157751
1523898060,2.020,2.020,2.020,2.020,0,0
1523898120,2.020,2.020,2.020,2.020,0,0
1523898180,2.020,2.020,2.020,2.020,0,0
1523898240,2.020,2.050,2.020,2.050,0,0
1523898300,2.060,2.060,2.060,2.060,3100,173037
1523898360,2.030,2.030,2.030,2.030,0,0
1523898420,2.050,2.050,2.050,2.050,0,0
1523898600,2.059,2.050,2.050,2.059,7276,176137
1523898660,2.059,2.050,2.050,2.059,0,0
1523898780,2.050,2.050,2.050,2.050,0,0
1523898900,2.030,2.030,2.030,2.030,3095,183413
1523899020,2.030,2.030,2.030,2.030,0,0
1523899200,2.030,2.030,2.030,2.030,601,186508
1523899380,2.030,2.030,2.030,2.030,0,0
1523899800,2.050,2.040,2.040,2.050,3800,187109
1523900040,2.041,2.041,2.041,2.041,0,0
1523900100,2.040,2.040,2.040,2.040,128,190909
1523900220,2.040,2.040,2.040,2.040,0,0
1523900400,2.040,2.040,2.040,2.040,100,191037
1523900580,2.040,2.040,2.040,2.040,0,0
1523901000,2.040,2.040,2.040,2.040,100,191137
1523901300,2.040,2.040,2.040,2.040,100,191237
1523901420,2.040,2.040,2.040,2.040,0,0
1523901600,2.040,2.040,2.040,2.040,101,191337
1523901780,2.040,2.040,2.040,2.040,0,0
1523902200,2.040,2.040,2.040,2.040,100,191438
1523902500,2.030,2.030,2.030,2.030,4811,191538
1523902620,2.024,2.024,2.024,2.024,0,0
1523902680,2.030,2.030,2.030,2.030,0,0
1523902740,2.030,2.030,2.030,2.030,0,0
1523902800,2.030,2.040,2.030,2.040,10004,196349
1523902860,2.030,2.040,2.030,2.040,0,0
1523903040,2.030,2.030,2.030,2.030,0,0
1523903400,2.040,2.040,2.040,2.040,5050,206353
1523903460,2.040,2.040,2.040,2.040,0,0
1523903700,2.045,2.045,2.045,2.045,2100,211403
1523903760,2.045,2.045,2.045,2.045,0,0
1523903880,2.040,2.040,2.040,2.040,0,0
1523904000,2.050,2.060,2.050,2.060,5470,213503
1523904240,2.050,2.060,2.050,2.060,0,0
1523904300,2.050,2.050,2.050,2.050,3400,218973
1523904360,2.040,2.040,2.040,2.040,0,0
1523904600,2.040,2.040,2.040,2.040,700,222373
1523904780,2.040,2.040,2.040,2.040,0,0
1523905500,2.040,2.040,2.040,2.040,1410,223073
1523905620,2.040,2.040,2.040,2.040,0,0
1523906100,2.045,2.045,2.045,2.045,400,224483
1523906220,2.040,2.040,2.040,2.040,0,0
1523907300,2.040,2.045,2.040,2.045,85182,224883
1523907360,2.050,2.050,2.050,2.050,0,0
1523907540,2.040,2.050,2.040,2.050,0,0
1523907600,2.045,2.045,2.045,2.045,300,310065
1523907840,2.045,2.045,2.045,2.045,0,0
1523907900,2.047,2.047,2.047,2.047,1599,310365
1523908020,2.047,2.047,2.047,2.047,0,0
1523908200,2.045,2.045,2.045,2.045,36700,311964
1523908260,2.045,2.049,2.045,2.049,0,0
1523908320,2.045,2.050,2.045,2.050,0,0
1523908380,2.050,2.050,2.050,2.050,0,0
1523908440,2.050,2.050,2.050,2.050,0,0
1523908500,2.050,2.050,2.050,2.050,41633,348664
1523908560,2.050,2.050,2.050,2.050,0,0
1523908620,2.050,2.050,2.050,2.050,0,0
1523908680,2.050,2.040,2.040,2.050,0,0
1523908740,2.040,2.040,2.040,2.050,0,0
1523971800,2.060,2.050,2.050,2.110,5325,0
1523971980,2.095,2.095,2.095,2.095,0,0
1523972040,2.060,2.100,2.060,2.100,0,0
1523972100,2.060,2.060,2.060,2.060,8500,5325
1523972160,2.060,2.060,2.060,2.060,0,0
1523972220,2.075,2.060,2.060,2.075,0,0
1523972280,2.060,2.060,2.060,2.060,0,0
1523972400,2.070,2.070,2.070,2.070,1600,13825
1523972520,2.070,2.070,2.070,2.070,0,0
1523972580,2.075,2.075,2.075,2.075,0,0
1523972640,2.075,2.070,2.070,2.075,0,0
1523972700,2.075,2.075,2.075,2.075,100,15425
1523972820,2.075,2.075,2.075,2.075,0,0
1523973000,2.070,2.070,2.070,2.070,2106,15525
1523973060,2.070,2.070,2.070,2.070,0,0
1523973180,2.070,2.070,2.070,2.070,0,0
1523973240,2.070,2.070,2.070,2.070,0,0
1523973300,2.070,2.070,2.070,2.070,1000,17631
1523973480,2.060,2.070,2.060,2.070,0,0
1523973600,2.070,2.070,2.070,2.070,200,18631
1523973660,2.070,2.070,2.070,2.070,0,0
1523973780,2.060,2.060,2.060,2.060,0,0
1523973900,2.070,2.070,2.070,2.070,1015,18831
1523974020,2.070,2.070,2.070,2.070,0,0
1523974140,2.070,2.070,2.070,2.070,0,0
1523974200,2.060,2.060,2.060,2.060,10012,19846
1523974260,2.060,2.060,2.060,2.060,0,0
1523974320,2.070,2.070,2.070,2.070,0,0
1523974380,2.060,2.060,2.060,2.060,0,0
1523974800,2.070,2.070,2.070,2.070,5300,29858
1523974920,2.060,2.070,2.060,2.070,0,0
1523974980,2.060,2.060,2.060,2.060,0,0
1523975100,2.070,2.070,2.070,2.070,300,35158
1523975280,2.070,2.070,2.070,2.070,0,0
1523975400,2.060,2.060,2.060,2.060,9712,35458
1523975460,2.070,2.070,2.070,2.070,0,0
1523975580,2.070,2.060,2.060,2.070,0,0
1523975700,2.080,2.080,2.080,2.080,18300,45170
1523975820,2.080,2.080,2.080,2.080,0,0
1523975940,2.085,2.085,2.085,2.085,0,0
1523976000,2.084,2.084,2.084,2.084,1119,63470
1523976120,2.084,2.084,2.084,2.084,0,0
1523976180,2.085,2.085,2.085,2.085,0,0
1523976240,2.085,2.085,2.085,2.085,0,0
1523976300,2.090,2.085,2.085,2.090,6614,64589
1523976360,2.090,2.085,2.085,2.090,0,0
1523976420,2.085,2.085,2.085,2.085,0,0
1523976600,2.085,2.085,2.085,2.085,100,71203
1523976660,2.085,2.085,2.085,2.085,0,0
1523976900,2.090,2.080,2.080,2.090,16778,71303
1523976960,2.090,2.080,2.080,2.090,0,0
1523977020,2.080,2.100,2.080,2.100,0,0
1523977140,2.099,2.094,2.094,2.099,0,0
1523977200,2.090,2.090,2.090,2.090,1813,88081
1523977260,2.060,2.060,2.060,2.060,0,0
1523977380,2.070,2.070,2.070,2.070,0,0
1523977500,2.085,2.085,2.085,2.085,100,89894
1523977620,2.085,2.085,2.085,2.085,0,0
1523977800,2.070,2.070,2.070,2.070,3312,89994
1523977860,2.080,2.080,2.080,2.080,0,0
1523978100,2.070,2.100,2.070,2.100,5511,93306
1523978220,2.070,2.100,2.070,2.100,0,0
1523978340,2.090,2.090,2.090,2.090,0,0
1523978400,2.080,2.080,2.080,2.080,5500,98817
1523978460,2.090,2.090,2.090,2.090,0,0
1523978580,2.080,2.080,2.080,2.080,0,0
1523978700,2.080,2.080,2.080,2.080,9312,104317
1523978760,2.097,2.080,2.080,2.097,0,0
1523978820,2.070,2.070,2.070,2.070,0,0
1523978940,2.070,2.070,2.070,2.070,0,0
1523979000,2.080,2.070,2.070,2.080,500,113629
1523979180,2.070,2.070,2.070,2.070,0,0
1523979240,2.070,2.070,2.070,2.070,0,0
1523979300,2.070,2.070,2.070,2.070,3613,114129
1523979360,2.070,2.070,2.070,2.070,0,0
1523979420,2.070,2.070,2.070,2.070,0,0
1523979480,2.070,2.070,2.070,2.070,0,0
1523979540,2.070,2.070,2.070,2.070,0,0
1523979600,2.070,2.070,2.070,2.070,300,117742
1523979660,2.070,2.070,2.070,2.070,0,0
1523979720,2.070,2.070,2.070,2.070,0,0
1523979780,2.070,2.070,2.070,2.070,0,0
1523979840,2.070,2.070,2.070,2.070,0,0
1523979900,2.070,2.070,2.070,2.070,800,118042
1523979960,2.070,2.070,2.070,2.070,0,0
1523980020,2.070,2.070,2.070,2.070,0,0
1523980080,2.070,2.070,2.070,2.070,0,0
1523980140,2.070,2.070,2.070,2.070,0,0
1523980200,2.070,2.070,2.070,2.070,13685,118842
1523980260,2.070,2.070,2.070,2.070,0,0
1523980320,2.060,2.060,2.060,2.060,0,0
1523980440,2.060,2.060,2.060,2.060,0,0
1523980500,2.080,2.080,2.080,2.080,3693,132527
1523980620,2.060,2.060,2.060,2.060,0,0
1523980680,2.060,2.060,2.060,2.060,0,0
1523980800,2.050,2.050,2.050,2.050,13093,136220
1523980860,2.060,2.060,2.060,2.060,0,0
1523980920,2.060,2.060,2.060,2.060,0,0
1523980980,2.060,2.050,2.050,2.060,0,0
1523981040,2.040,2.030,2.030,2.040,0,0
1523981100,2.033,2.033,2.033,2.033,6636,149313
1523981160,2.030,2.030,2.030,2.030,0,0
1523981220,2.040,2.040,2.040,2.040,0,0
1523981340,2.040,2.040,2.040,2.040,0,0
1523981400,2.040,2.050,2.040,2.050,11935,155949
1523981460,2.040,2.050,2.040,2.050,0,0
1523981520,2.040,2.040,2.040,2.040,0,0
1523981580,2.030,2.030,2.030,2.030,0,0
1523981700,2.030,2.030,2.030,2.030,2203,167884
1523981880,2.050,2.030,2.030,2.050,0,0
1523982000,2.030,2.030,2.030,2.030,2434,170087
1523982120,2.030,2.030,2.030,2.030,0,0
1523982240,2.030,2.040,2.030,2.040,0,0
1523982300,2.040,2.040,2.040,2.040,1321,172521
1523982480,2.040,2.040,2.040,2.040,0,0
1523982540,2.050,2.050,2.050,2.050,0,0
1523982600,2.040,2.040,2.040,2.040,1895,173842
1523982780,2.030,2.030,2.030,2.030,0,0
1523982840,2.030,2.030,2.030,2.030,0,0
1523982900,2.030,2.030,2.030,2.030,700,175737
1523982960,2.030,2.030,2.030,2.030,0,0
1523983080,2.040,2.040,2.040,2.040,0,0
1523983200,2.040,2.040,2.040,2.040,7014,176437
1523983380,2.040,2.040,2.040,2.040,0,0
1523983440,2.030,2.030,2.030,2.030,0,0
1523983500,2.040,2.040,2.040,2.040,900,183451
1523983620,2.040,2.040,2.040,2.040,0,0
1523983800,2.040,2.030,2.030,2.040,7804,184351
1523983860,2.040,2.030,2.030,2.040,0,0
1523983920,2.030,2.030,2.030,2.030,0,0
1523984100,2.030,2.030,2.030,2.030,1440,192155
1523984160,2.040,2.030,2.030,2.040,0,0
1523984220,2.030,2.030,2.030,2.030,0,0
1523984280,2.040,2.040,2.040,2.040,0,0
1523984340,2.030,2.030,2.030,2.030,0,0
1523984400,2.030,2.035,2.030,2.035,18719,193595
1523984460,2.030,2.030,2.030,2.030,0,0
1523984580,2.040,2.040,2.040,2.040,0,0
1523984700,2.040,2.040,2.040,2.040,211,212314
1523984760,2.040,2.040,2.040,2.040,0,0
1523985000,2.047,2.047,2.047,2.047,1950,212525
1523985060,2.040,2.040,2.040,2.040,0,0
1523985300,2.040,2.040,2.040,2.040,8100,214475
1523985600,2.040,2.040,2.040,2.040,106,222575
1523985780,2.040,2.040,2.040,2.040,0,0
1523985840,2.040,2.040,2.040,2.040,0,0
1523985900,2.040,2.040,2.040,2.040,9444,222681
1523985960,2.040,2.040,2.040,2.040,0,0
1523986140,2.050,2.050,2.050,2.050,0,0
1523986200,2.046,2.046,2.046,2.046,3411,232125
1523986260,2.046,2.046,2.046,2.046,0,0
1523986380,2.040,2.040,2.040,2.040,0,0
1523986440,2.050,2.050,2.050,2.050,0,0
1523986500,2.050,2.050,2.050,2.050,950,235536
1523986740,2.050,2.050,2.050,2.050,0,0
1523986800,2.040,2.040,2.040,2.040,112,236486
1523987040,2.050,2.050,2.050,2.050,0,0
1523987100,2.040,2.040,2.040,2.040,516,236598
1523987160,2.040,2.040,2.040,2.040,0,0
1523987340,2.050,2.050,2.050,2.050,0,0
1523987400,2.045,2.045,2.045,2.045,215,237114
1523987640,2.045,2.045,2.045,2.045,0,0
1523987700,2.045,2.045,2.045,2.045,300,237329
1523987880,2.045,2.045,2.045,2.045,0,0
1523988000,2.045,2.045,2.045,2.045,809,237629
1523988120,2.045,2.045,2.045,2.045,0,0
1523988180,2.040,2.040,2.040,2.040,0,0
1523988600,2.045,2.045,2.045,2.045,964,238438
1523988840,2.045,2.045,2.045,2.045,0,0
1523988900,2.040,2.040,2.040,2.040,10600,239402
1523988960,2.040,2.040,2.040,2.040,0,0
1523989080,2.045,2.045,2.045,2.045,0,0
1523989200,2.045,2.045,2.045,2.045,22885,250002
1523989320,2.045,2.045,2.045,2.045,0,0
1523989440,2.060,2.050,2.050,2.060,0,0
1523989500,2.050,2.050,2.050,2.050,1762,272887
1523989560,2.050,2.050,2.050,2.050,0,0
1523989800,2.050,2.050,2.050,2.050,27474,274649
1523989860,2.055,2.050,2.050,2.055,0,0
1523989920,2.050,2.050,2.050,2.050,0,0
1523989980,2.060,2.050,2.050,2.060,0,0
1523990040,2.050,2.057,2.050,2.057,0,0
1523990100,2.050,2.070,2.050,2.070,13818,302123
1523990160,2.060,2.060,2.060,2.060,0,0
1523990220,2.050,2.050,2.050,2.050,0,0
1523990280,2.075,2.080,2.075,2.085,0,0
1523990340,2.080,2.080,2.080,2.080,0,0
1523990400,2.085,2.080,2.080,2.085,1000,315941
1523990460,2.080,2.080,2.080,2.080,0,0
1523990520,2.080,2.080,2.080,2.080,0,0
1523990580,2.080,2.085,2.080,2.085,0,0
1523990640,2.080,2.080,2.080,2.080,0,0
1523990700,2.075,2.075,2.075,2.075,18220,316941
1523990760,2.080,2.080,2.080,2.080,0,0
1523990820,2.060,2.060,2.060,2.060,0,0
1523990880,2.070,2.070,2.070,2.070,0,0
1523990940,2.070,2.060,2.060,2.070,0,0
1523991000,2.070,2.070,2.070,2.070,501,335161
1523991060,2.070,2.070,2.070,2.070,0,0
1523991120,2.060,2.060,2.060,2.060,0,0
1523991240,2.060,2.060,2.060,2.060,0,0
1523991300,2.070,2.070,2.070,2.070,13089,335662
1523991360,2.060,2.060,2.060,2.060,0,0
1523991420,2.060,2.060,2.060,2.060,0,0
1523991480,2.060,2.060,2.060,2.060,0,0
1523991540,2.050,2.050,2.050,2.050,0,0
1523991600,2.050,2.050,2.050,2.050,4923,348751
1523991720,2.050,2.060,2.050,2.060,0,0
1523991780,2.060,2.060,2.060,2.060,0,0
1523991840,2.050,2.050,2.050,2.050,0,0
1523991900,2.050,2.050,2.050,2.050,1611,353674
1523992020,2.050,2.050,2.050,2.050,0,0
1523992080,2.050,2.050,2.050,2.050,0,0
1523992140,2.050,2.050,2.050,2.050,0,0
1523992200,2.050,2.050,2.050,2.050,51022,355285
1523992260,2.050,2.050,2.050,2.050,0,0
1523992320,2.050,2.050,2.050,2.050,0,0
1523992380,2.050,2.050,2.050,2.050,0,0
1523992440,2.060,2.050,2.050,2.060,0,0
1523992500,2.050,2.050,2.050,2.050,1844,406307
1523992560,2.050,2.050,2.050,2.050,0,0
1523992620,2.050,2.055,2.050,2.055,0,0
1523992680,2.050,2.050,2.050,2.050,0,0
1523992740,2.050,2.050,2.050,2.050,0,0
1523992800,2.050,2.050,2.050,2.050,11224,408151
1523992860,2.055,2.055,2.055,2.055,0,0
1523993040,2.060,2.055,2.055,2.060,0,0
1523993100,2.060,2.060,2.060,2.060,25400,419375
1523993220,2.060,2.060,2.060,2.060,0,0
1523993280,2.050,2.050,2.050,2.050,0,0
1523993340,2.050,2.050,2.050,2.050,0,0
1523993400,2.050,2.050,2.050,2.050,60417,444775
1523993460,2.050,2.050,2.050,2.050,0,0
1523993520,2.060,2.055,2.050,2.060,0,0
1523993580,2.050,2.050,2.050,2.050,0,0
1523993640,2.055,2.050,2.050,2.055,0,0
1523993700,2.050,2.060,2.050,2.060,0,505192
1523993760,2.050,2.050,2.050,2.050,0,0
1523993820,2.050,2.055,2.050,2.055,0,0
1523993880,2.050,2.050,2.050,2.050,0,0
1523993940,2.050,2.060,2.050,2.060,0,0
1523994000,2.050,2.050,2.050,2.050,6155,458122
1523994060,2.055,2.055,2.055,2.055,0,0
1523994120,2.050,2.050,2.050,2.050,0,0
1523994180,2.060,2.055,2.055,2.060,0,0
1523994240,2.050,2.050,2.050,2.050,0,0
1523994300,2.050,2.050,2.050,2.050,20943,464277
1523994360,2.050,2.050,2.050,2.050,0,0
1523994420,2.060,2.055,2.050,2.060,0,0
1523994480,2.050,2.050,2.050,2.050,0,0
1523994540,2.050,2.065,2.050,2.065,0,0
1523994600,2.050,2.050,2.050,2.050,7302,485220
1523994720,2.050,2.050,2.050,2.050,0,0
1523994780,2.050,2.050,2.050,2.050,0,0
1523994840,2.050,2.050,2.050,2.050,0,0
1523994900,2.050,2.060,2.050,2.060,17805,492522
1523994960,2.050,2.050,2.050,2.050,0,0
1523995020,2.050,2.050,2.050,2.050,0,0
1523995080,2.050,2.050,2.050,2.050,0,0
1523995140,2.050,2.050,2.040,2.050,0,0
1524058200,2.040,2.040,2.040,2.040,0,0
1524059100,2.070,2.070,2.070,2.070,17041,0
1524059220,2.070,2.070,2.070,2.070,0,0
1524059280,2.080,2.080,2.080,2.080,0,0
1524059340,2.100,2.105,2.100,2.105,0,0
1524059400,2.105,2.100,2.100,2.105,21166,17041
1524059460,2.105,2.105,2.105,2.105,0,0
1524059520,2.070,2.070,2.070,2.070,0,0
1524059640,2.103,2.096,2.096,2.103,0,0
1524059700,2.094,2.105,2.094,2.105,2571,38207
1524059760,2.105,2.105,2.105,2.105,0,0
1524059820,2.105,2.105,2.105,2.105,0,0
1524060000,2.100,2.100,2.100,2.100,10110,40778
1524060060,2.105,2.105,2.105,2.105,0,0
1524060120,2.120,2.120,2.120,2.120,0,0
1524060180,2.129,2.129,2.129,2.129,0,0
1524060300,2.120,2.120,2.120,2.120,1210,50888
1524060600,2.120,2.120,2.120,2.120,2276,52098
1524060780,2.120,2.120,2.120,2.120,0,0
1524061200,2.120,2.120,2.120,2.120,1498,54374
1524061260,2.120,2.120,2.120,2.120,0,0
1524061500,2.110,2.110,2.110,2.110,100,55872
1524061680,2.120,2.120,2.120,2.120,0,0
1524062100,2.120,2.125,2.120,2.125,5955,55972
1524062280,2.120,2.125,2.120,2.125,0,0
1524062400,2.120,2.120,2.120,2.120,1000,61927
1524062640,2.120,2.120,2.120,2.120,0,0
1524063000,2.125,2.125,2.125,2.125,3727,62927
1524063180,2.115,2.100,2.100,2.115,0,0
1524064200,2.125,2.125,2.125,2.125,721,66654
1524064320,2.125,2.125,2.125,2.125,0,0
1524064500,2.125,2.125,2.125,2.125,192,67375
1524064680,2.125,2.125,2.125,2.125,0,0
1524065100,2.130,2.130,2.130,2.130,7600,67567
1524065220,2.130,2.130,2.130,2.130,0,0
1524065400,2.130,2.130,2.130,2.130,700,75167
1524065520,2.130,2.130,2.130,2.130,0,0
1524066300,2.135,2.135,2.135,2.135,400,75867
1524066360,2.135,2.135,2.135,2.135,0,0
1524066600,2.130,2.130,2.130,2.130,4130,76267
1524066660,2.130,2.130,2.130,2.130,0,0
1524066840,2.140,2.140,2.140,2.140,0,0
1524066900,2.144,2.140,2.140,2.144,20326,80397
1524067140,2.150,2.130,2.130,2.150,0,0
1524067200,2.140,2.140,2.140,2.140,200,100723
1524067320,2.130,2.130,2.130,2.130,0,0
1524067500,2.130,2.130,2.130,2.130,2429,100923
1524067620,2.130,2.130,2.130,2.130,0,0
1524067800,2.140,2.140,2.140,2.140,400,103352
1524068100,2.130,2.130,2.130,2.130,1600,103752
1524068220,2.130,2.130,2.130,2.130,0,0
1524068400,2.120,2.120,2.120,2.120,447,105352
1524068700,2.120,2.120,2.120,2.120,3088,105799
1524068940,2.120,2.120,2.120,2.120,0,0
1524069600,2.135,2.135,2.135,2.135,3350,108887
1524069840,2.135,2.135,2.135,2.135,0,0
1524070200,2.150,2.150,2.150,2.150,15981,112237
1524070260,2.130,2.130,2.130,2.130,0,0
1524071400,2.130,2.130,2.130,2.130,5677,128218
1524072300,2.127,2.127,2.127,2.127,1100,133895
1524072360,2.127,2.127,2.127,2.127,0,0
1524073200,2.120,2.120,2.120,2.120,3940,134995
1524073500,2.130,2.130,2.130,2.130,340,138935
1524073560,2.130,2.130,2.130,2.130,0,0
1524073800,2.120,2.120,2.120,2.120,100,139275
1524074040,2.120,2.120,2.120,2.120,0,0
1524074100,2.120,2.120,2.120,2.120,300,139375
1524074280,2.120,2.120,2.120,2.120,0,0
1524074400,2.120,2.120,2.120,2.120,100,139675
1524074460,2.120,2.120,2.120,2.120,0,0
1524074700,2.110,2.130,2.110,2.130,10533,139775
1524074820,2.110,2.130,2.110,2.130,0,0
1524075000,2.110,2.110,2.110,2.110,418,150308
1524075060,2.110,2.110,2.110,2.110,0,0
1524075300,2.120,2.120,2.120,2.120,341,150726
1524075420,2.120,2.120,2.120,2.120,0,0
1524075540,2.115,2.115,2.115,2.115,0,0
1524075600,2.115,2.115,2.115,2.115,700,151067
1524075660,2.115,2.115,2.115,2.115,0,0
1524075780,2.110,2.110,2.110,2.110,0,0
1524075900,2.110,2.111,2.110,2.111,2640,151767
1524076080,2.110,2.111,2.110,2.111,0,0
1524076200,2.111,2.111,2.111,2.111,3200,154407
1524076320,2.110,2.110,2.110,2.110,0,0
1524076500,2.110,2.110,2.110,2.110,3040,157607
1524076560,2.110,2.110,2.110,2.110,0,0
1524076620,2.120,2.120,2.120,2.120,0,0
1524076800,2.110,2.110,2.110,2.110,1100,160647
1524076920,2.110,2.110,2.110,2.110,0,0
1524077100,2.110,2.110,2.110,2.110,100,161747
1524077340,2.110,2.110,2.110,2.110,0,0
1524077400,2.110,2.110,2.110,2.110,1000,161847
1524077520,2.110,2.110,2.110,2.110,0,0
1524077580,2.110,2.110,2.110,2.110,0,0
1524077640,2.110,2.110,2.110,2.110,0,0
1524077700,2.110,2.110,2.110,2.110,500,162847
1524077820,2.110,2.110,2.110,2.110,0,0
1524078000,2.110,2.110,2.110,2.110,875,163347
1524078060,2.110,2.110,2.110,2.110,0,0
1524078180,2.110,2.110,2.110,2.110,0,0
1524078240,2.110,2.110,2.110,2.110,0,0
1524078300,2.120,2.120,2.120,2.120,1800,164222
1524078360,2.110,2.110,2.110,2.110,0,0
1524078420,2.110,2.110,2.110,2.110,0,0
1524078600,2.120,2.120,2.120,2.120,4332,166022
1524078900,2.110,2.110,2.110,2.110,800,170354
1524079140,2.110,2.110,2.110,2.110,0,0
1524079200,2.110,2.110,2.110,2.110,100,171154
1524079260,2.110,2.110,2.110,2.110,0,0
1524079440,2.110,2.110,2.110,2.110,0,0
1524079500,2.110,2.110,2.110,2.110,600,171254
1524079620,2.110,2.110,2.110,2.110,0,0
1524079800,2.110,2.110,2.110,2.110,1200,171854
1524080040,2.110,2.110,2.110,2.110,0,0
1524080100,2.129,2.110,2.110,2.129,4299,173054
1524080220,2.130,2.130,2.130,2.130,0,0
1524080400,2.128,2.110,2.110,2.128,1310,177353
1524080640,2.128,2.110,2.110,2.128,0,0
1524080700,2.110,2.110,2.110,2.110,820,178663
1524080880,2.130,2.130,2.130,2.130,0,0
1524080940,2.125,2.110,2.110,2.125,0,0
1524081000,2.120,2.120,2.120,2.120,1800,179483
1524081120,2.110,2.110,2.110,2.110,0,0
1524081240,2.110,2.110,2.110,2.110,0,0
1524081300,2.110,2.110,2.110,2.110,100,181283
1524081360,2.110,2.110,2.110,2.110,0,0
1524081480,2.110,2.110,2.110,2.110,0,0
1524081540,2.110,2.110,2.110,2.110,0,0
1524144600,2.140,2.140,2.140,2.140,7214,0
1524144660,2.120,2.120,2.120,2.120,0,0
1524144780,2.110,2.110,2.110,2.110,0,0
1524144900,2.120,2.120,2.120,2.120,19252,7214
1524144960,2.110,2.110,2.110,2.110,0,0
1524145020,2.119,2.119,2.119,2.119,0,0
1524145080,2.150,2.150,2.150,2.150,0,0
1524145200,2.138,2.138,2.138,2.138,8205,26466
1524145320,2.138,2.138,2.138,2.138,0,0
1524145380,2.155,2.157,2.155,2.157,0,0
1524145440,2.155,2.155,2.155,2.155,0,0
1524145500,2.170,2.170,2.170,2.170,350,34671
1524145620,2.170,2.170,2.170,2.170,0,0
1524145800,2.170,2.170,2.170,2.170,603,35021
1524145860,2.170,2.170,2.170,2.170,0,0
1524145920,2.180,2.180,2.180,2.180,0,0
1524146100,2.170,2.170,2.170,2.170,247,35624
1524146340,2.170,2.170,2.170,2.170,0,0
1524146400,2.140,2.140,2.140,2.140,14900,35871
1524146460,2.140,2.140,2.140,2.140,0,0
1524146700,2.120,2.140,2.120,2.140,600,50771
1524146760,2.120,2.140,2.120,2.140,0,0
1524147000,2.130,2.130,2.130,2.130,1500,51371
1524147180,2.130,2.130,2.130,2.130,0,0
1524147300,2.160,2.160,2.160,2.160,23011,52871
1524147420,2.160,2.172,2.160,2.172,0,0
1524147600,2.160,2.160,2.160,2.160,500,75882
1524147660,2.160,2.160,2.160,2.160,0,0
1524147900,2.163,2.163,2.163,2.163,2451,76382
1524147960,2.163,2.163,2.163,2.163,0,0
1524148020,2.170,2.170,2.170,2.170,0,0
1524148080,2.170,2.170,2.170,2.170,0,0
1524148500,2.170,2.170,2.170,2.170,1400,78833
1524148560,2.170,2.170,2.170,2.170,0,0
1524148800,2.160,2.160,2.160,2.160,10200,80233
1524149400,2.160,2.160,2.160,2.160,500,90433
1524149580,2.160,2.160,2.160,2.160,0,0
1524149640,2.160,2.160,2.160,2.160,0,0
1524149700,2.160,2.160,2.160,2.160,4800,90933
1524149880,2.160,2.160,2.160,2.160,0,0
1524149940,2.155,2.155,2.155,2.155,0,0
1524150000,2.150,2.150,2.150,2.150,10593,95733
1524150600,2.136,2.136,2.136,2.136,5901,106326
1524150660,2.136,2.136,2.136,2.136,0,0
1524151800,2.140,2.130,2.130,2.140,815,112227
1524152040,2.140,2.130,2.130,2.140,0,0
1524152100,2.140,2.140,2.140,2.140,1319,113042
1524152340,2.140,2.140,2.140,2.140,0,0
1524153000,2.150,2.150,2.150,2.150,211,114361
1524153120,2.150,2.150,2.150,2.150,0,0
1524154200,2.150,2.150,2.150,2.150,2001,114572
1524154380,2.150,2.150,2.150,2.150,0,0
1524154500,2.140,2.140,2.140,2.140,7100,116573
1524154620,2.160,2.160,2.160,2.160,0,0
1524154740,2.152,2.152,2.152,2.152,0,0
1524154800,2.144,2.151,2.144,2.151,7800,123673
1524154920,2.147,2.147,2.147,2.147,0,0
1524155100,2.154,2.154,2.154,2.154,1900,131473
1524155280,2.154,2.154,2.154,2.154,0,0
1524155400,2.150,2.150,2.150,2.150,800,133373
1524155520,2.140,2.140,2.140,2.140,0,0
1524155580,2.149,2.149,2.149,2.149,0,0
1524155700,2.140,2.140,2.140,2.140,249,134173
1524155820,2.140,2.140,2.140,2.140,0,0
1524156300,2.160,2.160,2.160,2.160,100,134422
1524156420,2.160,2.160,2.160,2.160,0,0
1524156600,2.160,2.160,2.160,2.160,5000,134522
1524156840,2.160,2.160,2.160,2.160,0,0
1524156900,2.140,2.140,2.140,2.140,300,139522
1524157020,2.140,2.140,2.140,2.140,0,0
1524157200,2.158,2.158,2.158,2.158,3250,139822
1524157320,2.158,2.158,2.158,2.158,0,0
1524158700,2.150,2.150,2.150,2.150,2535,143072
1524158760,2.150,2.150,2.150,2.150,0,0
1524158820,2.140,2.140,2.140,2.140,0,0
1524158940,2.140,2.130,2.130,2.140,0,0
1524159000,2.101,2.101,2.101,2.101,8061,145607
1524159120,2.101,2.101,2.101,2.101,0,0
1524159300,2.119,2.119,2.119,2.119,1300,153668
1524159480,2.119,2.119,2.119,2.119,0,0
1524160500,2.120,2.120,2.120,2.120,4000,154968
1524160620,2.120,2.120,2.120,2.120,0,0
1524161100,2.125,2.125,2.125,2.125,2300,158968
1524161280,2.125,2.125,2.125,2.125,0,0
1524162300,2.140,2.140,2.140,2.140,200,161268
1524162420,2.140,2.140,2.140,2.140,0,0
1524162600,2.130,2.130,2.130,2.130,873,161468
1524162720,2.130,2.130,2.130,2.130,0,0
1524162900,2.140,2.140,2.140,2.140,5600,162341
1524163080,2.140,2.140,2.140,2.140,0,0
1524163140,2.130,2.156,2.130,2.156,0,0
1524163200,2.150,2.150,2.150,2.150,1751,167941
1524163260,2.150,2.150,2.150,2.150,0,0
1524163320,2.140,2.140,2.140,2.140,0,0
1524163380,2.150,2.150,2.150,2.150,0,0
1524163500,2.140,2.140,2.140,2.140,100,169692
1524163620,2.140,2.140,2.140,2.140,0,0
1524163800,2.141,2.141,2.141,2.141,825,169792
1524163980,2.141,2.141,2.141,2.141,0,0
1524164100,2.141,2.141,2.141,2.141,100,170617
1524164220,2.141,2.141,2.141,2.141,0,0
1524164700,2.130,2.130,2.130,2.130,200,170717
1524164940,2.130,2.130,2.130,2.130,0,0
1524165600,2.130,2.130,2.130,2.130,1340,170917
1524165780,2.130,2.120,2.120,2.130,0,0
1524165900,2.110,2.110,2.110,2.110,200,172257
1524166020,2.110,2.110,2.110,2.110,0,0
1524166200,2.110,2.110,2.110,2.110,200,172457
1524166320,2.110,2.110,2.110,2.110,0,0
1524166440,2.115,2.115,2.115,2.115,0,0
1524166500,2.110,2.110,2.110,2.110,3500,172657
1524166680,2.110,2.110,2.110,2.110,0,0
1524166740,2.100,2.100,2.100,2.100,0,0
1524166800,2.080,2.080,2.080,2.080,11970,176157
1524166860,2.080,2.090,2.080,2.090,0,0
1524167100,2.070,2.070,2.070,2.070,350,188127
1524167340,2.070,2.070,2.070,2.070,0,0
1524167400,2.085,2.085,2.085,2.085,998,188477
1524167460,2.090,2.090,2.090,2.090,0,0
1524167580,2.100,2.100,2.100,2.100,0,0
1524167700,2.110,2.110,2.110,2.110,1264,189475
1524167880,2.110,2.110,2.110,2.110,0,0
1524167940,2.115,2.105,2.100,2.115,0,0
1524231000,2.100,2.100,2.100,2.100,0,0
1524231300,2.100,2.100,2.100,2.100,1213,0
1524231480,2.050,2.050,2.050,2.050,0,0
1524231600,2.050,2.050,2.050,2.050,200,1213
1524231840,2.050,2.050,2.050,2.050,0,0
1524231900,2.074,2.074,2.074,2.074,2000,1413
1524232020,2.074,2.074,2.074,2.074,0,0
1524232080,2.060,2.080,2.060,2.080,0,0
1524233400,2.100,2.100,2.100,2.100,1626,3413
1524233580,2.100,2.100,2.100,2.100,0,0
1524233700,2.110,2.110,2.110,2.110,1700,5039
1524233760,2.110,2.110,2.110,2.110,0,0
1524233880,2.090,2.090,2.090,2.090,0,0
1524234300,2.090,2.100,2.090,2.100,3030,6739
1524234360,2.090,2.100,2.090,2.100,0,0
1524234420,2.090,2.090,2.090,2.090,0,0
1524234480,2.087,2.087,2.087,2.087,0,0
1524234600,2.080,2.080,2.080,2.080,300,9769
1524235500,2.136,2.136,2.136,2.136,1050,10069
1524235560,2.136,2.136,2.136,2.136,0,0
1524235800,2.120,2.120,2.120,2.120,3400,11119
1524236700,2.130,2.130,2.130,2.130,600,14519
1524236760,2.130,2.130,2.130,2.130,0,0
1524237000,2.110,2.110,2.110,2.110,100,15119
1524238200,2.130,2.130,2.130,2.130,11400,15219
1524238260,2.125,2.125,2.125,2.125,0,0
1524238320,2.135,2.135,2.135,2.135,0,0
1524240900,2.120,2.120,2.120,2.120,725,26619
1524243300,2.130,2.130,2.130,2.130,16700,27344
1524243420,2.110,2.110,2.110,2.110,0,0
1524243540,2.115,2.115,2.115,2.115,0,0
1524243600,2.115,2.120,2.115,2.120,5100,44044
1524243660,2.115,2.120,2.115,2.120,0,0
1524243900,2.110,2.110,2.110,2.110,5000,49144
1524243960,2.110,2.110,2.110,2.110,0,0
1524244020,2.120,2.120,2.120,2.120,0,0
1524244200,2.110,2.110,2.110,2.110,600,54144
1524244260,2.110,2.110,2.110,2.110,0,0
1524244500,2.110,2.110,2.110,2.110,400,54744
1524244620,2.110,2.110,2.110,2.110,0,0
1524244680,2.110,2.110,2.110,2.110,0,0
1524244800,2.110,2.110,2.110,2.110,600,55144
1524245040,2.110,2.110,2.110,2.110,0,0
1524245100,2.110,2.110,2.110,2.110,700,55744
1524245160,2.110,2.110,2.110,2.110,0,0
1524245400,2.115,2.115,2.115,2.115,1300,56444
1524245640,2.115,2.115,2.115,2.115,0,0
1524245700,2.110,2.110,2.110,2.110,1325,57744
1524245760,2.115,2.115,2.115,2.115,0,0
1524245820,2.115,2.115,2.115,2.115,0,0
1524245880,2.110,2.110,2.110,2.110,0,0
1524245940,2.115,2.120,2.115,2.120,0,0
1524246300,2.125,2.125,2.125,2.125,900,59069
1524246600,2.125,2.125,2.125,2.125,1600,59969
1524246780,2.125,2.125,2.125,2.125,0,0
1524246900,2.125,2.125,2.125,2.125,800,61569
1524246960,2.125,2.125,2.125,2.125,0,0
1524247140,2.130,2.130,2.130,2.130,0,0
1524247500,2.120,2.120,2.120,2.120,1100,62369
1524247740,2.120,2.120,2.120,2.120,0,0
1524247800,2.120,2.120,2.120,2.120,300,63469
1524247860,2.120,2.120,2.120,2.120,0,0
1524248040,2.120,2.120,2.120,2.120,0,0
1524248100,2.120,2.120,2.120,2.120,4500,63769
1524248220,2.120,2.120,2.120,2.120,0,0
1524248700,2.140,2.140,2.140,2.140,6005,68269
1524249000,2.130,2.130,2.130,2.130,325,74274
1524249240,2.130,2.130,2.130,2.130,0,0
1524249600,2.140,2.140,2.140,2.140,1720,74599
1524249660,2.140,2.140,2.140,2.140,0,0
1524251100,2.110,2.110,2.110,2.110,5100,76319
1524251340,2.110,2.110,2.110,2.110,0,0
1524251400,2.100,2.100,2.100,2.100,3003,81419
1524251460,2.100,2.100,2.100,2.100,0,0
1524251520,2.100,2.100,2.100,2.100,0,0
1524252000,2.080,2.080,2.080,2.080,290,84422
1524252120,2.080,2.080,2.080,2.080,0,0
1524252300,2.085,2.085,2.085,2.085,470,84712
1524252480,2.085,2.085,2.085,2.085,0,0
1524252600,2.090,2.090,2.090,2.090,3423,85182
1524252780,2.088,2.100,2.088,2.100,0,0
1524252900,2.100,2.100,2.100,2.100,2800,88605
1524252960,2.100,2.100,2.100,2.100,0,0
1524253020,2.120,2.120,2.120,2.120,0,0
1524253080,2.115,2.115,2.115,2.115,0,0
1524253140,2.115,2.115,2.115,2.115,0,0
1524253200,2.120,2.120,2.120,2.120,2100,91405
1524253320,2.110,2.110,2.110,2.110,0,0
1524253380,2.110,2.110,2.110,2.110,0,0
1524253500,2.110,2.110,2.110,2.110,2300,93505
1524253560,2.100,2.100,2.100,2.100,0,0
1524253800,2.100,2.100,2.100,2.100,2400,95805
1524253980,2.099,2.099,2.099,2.099,0,0
1524254100,2.100,2.100,2.100,2.100,1180,98205
1524254160,2.100,2.100,2.100,2.100,0,0
1524254340,2.100,2.100,2.100,2.100,0,0
1524490200,2.110,2.110,2.110,2.110,0,0
1524491400,2.120,2.120,2.120,2.120,13130,0
1524491520,2.120,2.120,2.120,2.120,0,0
1524492000,2.150,2.150,2.150,2.150,135,13130
1524492600,2.140,2.140,2.140,2.140,3225,13265
1524492660,2.140,2.140,2.140,2.140,0,0
1524492720,2.130,2.130,2.130,2.130,0,0
1524493200,2.130,2.130,2.130,2.130,1400,16490
1524493500,2.150,2.150,2.150,2.150,900,17890
1524493680,2.150,2.150,2.150,2.150,0,0
1524495000,2.141,2.141,2.141,2.141,4304,18790
1524495120,2.141,2.141,2.141,2.141,0,0
1524496500,2.135,2.135,2.135,2.135,1237,23094
1524496620,2.120,2.120,2.120,2.120,0,0
1524496800,2.120,2.120,2.120,2.120,101,24331
1524497040,2.120,2.120,2.120,2.120,0,0
1524497100,2.070,2.070,2.070,2.070,4299,24432
1524497280,2.070,2.070,2.070,2.070,0,0
1524498000,2.146,2.146,2.146,2.146,4023,28731
1524498060,2.146,2.146,2.146,2.146,0,0
1524498600,2.120,2.120,2.120,2.120,900,32754
1524498660,2.120,2.120,2.120,2.120,0,0
1524498720,2.120,2.120,2.120,2.120,0,0
1524498900,2.120,2.120,2.120,2.120,200,33654
1524498960,2.120,2.120,2.120,2.120,0,0
1524499020,2.120,2.120,2.120,2.120,0,0
1524499140,2.120,2.120,2.120,2.120,0,0
1524500400,2.125,2.125,2.125,2.125,600,33854
1524500640,2.120,2.120,2.120,2.120,0,0
1524501300,2.090,2.090,2.090,2.090,2484,34454
1524501420,2.090,2.090,2.090,2.090,0,0
1524501900,2.090,2.090,2.090,2.090,601,36938
1524502080,2.090,2.090,2.090,2.090,0,0
1524502140,2.100,2.100,2.100,2.100,0,0
1524502200,2.090,2.090,2.090,2.090,300,37539
1524502380,2.090,2.090,2.090,2.090,0,0
1524503100,2.105,2.105,2.105,2.105,7100,37839
1524503280,2.105,2.105,2.105,2.105,0,0
1524503700,2.090,2.100,2.090,2.100,200,44939
1524503940,2.090,2.100,2.090,2.100,0,0
1524504000,2.100,2.100,2.100,2.100,1000,45139
1524504060,2.100,2.100,2.100,2.100,0,0
1524504300,2.100,2.100,2.100,2.100,100,46139
1524504360,2.100,2.100,2.100,2.100,0,0
1524504900,2.090,2.090,2.090,2.090,200,46239
1524505080,2.090,2.090,2.090,2.090,0,0
1524505200,2.140,2.140,2.140,2.140,13800,46439
1524505320,2.140,2.140,2.140,2.140,0,0
1524505800,2.110,2.110,2.110,2.110,12658,60239
1524505980,2.110,2.110,2.110,2.110,0,0
1524506400,2.115,2.115,2.115,2.115,1363,72897
1524506580,2.115,2.115,2.115,2.115,0,0
1524506700,2.110,2.110,2.110,2.110,100,74260
1524506760,2.110,2.110,2.110,2.110,0,0
1524507900,2.110,2.110,2.110,2.110,1275,74360
1524508020,2.110,2.110,2.110,2.110,0,0
1524508140,2.110,2.110,2.110,2.110,0,0
1524509100,2.100,2.100,2.100,2.100,1602,75635
1524509160,2.100,2.100,2.100,2.100,0,0
1524509700,2.100,2.100,2.100,2.100,2100,77237
1524509940,2.100,2.100,2.100,2.100,0,0
1524510000,2.080,2.080,2.080,2.080,150610,79337
1524510240,2.090,2.090,2.090,2.090,0,0
1524510300,2.090,2.090,2.090,2.090,200,229947
1524510420,2.090,2.090,2.090,2.090,0,0
1524510480,2.090,2.090,2.090,2.090,0,0
1524510600,2.100,2.100,2.100,2.100,1602,230147
1524510660,2.100,2.100,2.100,2.100,0,0
1524510720,2.100,2.100,2.100,2.100,0,0
1524511200,2.090,2.090,2.090,2.090,3710,231749
1524511260,2.090,2.090,2.090,2.090,0,0
1524511380,2.090,2.090,2.090,2.090,0,0
1524511440,2.090,2.090,2.090,2.090,0,0
1524511500,2.090,2.090,2.090,2.090,10406,235459
1524511560,2.090,2.080,2.080,2.090,0,0
1524511740,2.060,2.060,2.060,2.060,0,0
1524511800,2.075,2.075,2.075,2.075,497,245865
1524511860,2.075,2.075,2.075,2.075,0,0
1524512400,2.090,2.090,2.090,2.090,200,246362
1524512700,2.083,2.083,2.083,2.083,600,246562
1524513000,2.080,2.080,2.080,2.080,200,247162
1524513300,2.090,2.090,2.090,2.090,628,247362
1524513360,2.090,2.090,2.090,2.090,0,0
1524513540,2.080,2.080,2.080,2.080,0,0
1524576600,2.080,2.080,2.080,2.080,1390,0
1524576720,2.110,2.110,2.110,2.110,0,0
1524576840,2.104,2.104,2.104,2.104,0,0
1524577200,2.094,2.094,2.094,2.094,900,1390
1524577380,2.090,2.090,2.090,2.090,0,0
1524577500,2.090,2.090,2.090,2.090,100,2290
1524578400,2.090,2.100,2.090,2.100,300,2390
1524579000,2.100,2.100,2.100,2.100,100,2690
1524579240,2.100,2.100,2.100,2.100,0,0
1524579900,2.090,2.090,2.090,2.090,200,2790
1524580800,2.085,2.085,2.085,2.085,400,2990
1524580860,2.080,2.080,2.080,2.080,0,0
1524580980,2.090,2.090,2.090,2.090,0,0
1524581100,2.066,2.066,2.066,2.066,5560,3390
1524581280,2.066,2.066,2.066,2.066,0,0
1524581400,2.080,2.080,2.080,2.080,200,8950
1524581460,2.080,2.080,2.080,2.080,0,0
1524582000,2.080,2.080,2.080,2.080,3395,9150
1524582060,2.080,2.080,2.080,2.080,0,0
1524582300,2.090,2.090,2.090,2.090,105,12545
1524582900,2.085,2.085,2.085,2.085,211,12650
1524583200,2.087,2.087,2.087,2.087,7500,12861
1524583320,2.087,2.087,2.087,2.087,0,0
1524583500,2.085,2.085,2.085,2.085,105,20361
1524583560,2.085,2.085,2.085,2.085,0,0
1524583800,2.085,2.085,2.085,2.085,500,20466
1524583920,2.085,2.085,2.085,2.085,0,0
1524584100,2.090,2.090,2.090,2.090,105,20966
1524584160,2.090,2.090,2.090,2.090,0,0
1524584400,2.085,2.085,2.085,2.085,300,21071
1524584640,2.085,2.085,2.085,2.085,0,0
1524584700,2.080,2.080,2.080,2.080,100,21371
1524585000,2.080,2.080,2.080,2.080,205,21471
1524585240,2.080,2.080,2.080,2.080,0,0
1524585300,2.080,2.080,2.080,2.080,100,21676
1524585480,2.080,2.080,2.080,2.080,0,0
1524585540,2.080,2.080,2.080,2.080,0,0
1524586200,2.070,2.070,2.070,2.070,3545,21776
1524586440,2.070,2.070,2.070,2.070,0,0
1524586500,2.070,2.070,2.070,2.070,3162,25321
1524586620,2.070,2.070,2.070,2.070,0,0
1524586740,2.050,2.050,2.050,2.050,0,0
1524587100,2.055,2.055,2.055,2.055,1123,28483
1524587220,2.055,2.055,2.055,2.055,0,0
1524588000,2.040,2.040,2.040,2.040,2705,29606
1524588060,2.040,2.040,2.040,2.040,0,0
1524588180,2.050,2.036,2.036,2.050,0,0
1524588300,2.050,2.050,2.050,2.050,200,32311
1524588540,2.050,2.050,2.050,2.050,0,0
1524588900,2.050,2.050,2.050,2.050,105,32511
1524589500,2.050,2.050,2.050,2.050,155,32616
1524591000,2.020,2.020,2.020,2.020,10935,32771
1524591120,2.012,2.012,2.012,2.012,0,0
1524591300,2.030,2.030,2.030,2.030,800,43706
1524591420,2.026,2.026,2.026,2.026,0,0
1524592200,2.020,2.020,2.020,2.020,200,44506
1524592500,2.030,2.030,2.030,2.030,100,44706
1524592680,2.030,2.030,2.030,2.030,0,0
1524592800,2.010,2.010,2.010,2.010,7705,44806
1524593040,2.010,2.010,2.010,2.010,0,0
1524593100,2.014,2.014,2.014,2.014,5115,52511
1524593220,2.010,2.010,2.010,2.010,0,0
1524593700,2.020,2.020,2.020,2.020,705,57626
1524593820,2.020,2.020,2.020,2.020,0,0
1524594300,2.030,2.030,2.030,2.030,700,58331
1524594360,2.030,2.030,2.030,2.030,0,0
1524594900,2.040,2.040,2.040,2.040,105,59031
1524595200,2.040,2.040,2.040,2.040,200,59136
1524595500,2.050,2.050,2.050,2.050,105,59336
1524595620,2.050,2.050,2.050,2.050,0,0
1524596100,2.030,2.030,2.030,2.030,100,59441
1524596160,2.030,2.030,2.030,2.030,0,0
1524596340,2.050,2.050,2.050,2.050,0,0
1524596400,2.060,2.060,2.060,2.060,245,59541
1524596580,2.060,2.060,2.060,2.060,0,0
1524596700,2.050,2.050,2.050,2.050,200,59786
1524597900,2.060,2.060,2.060,2.060,200,59986
1524598080,2.050,2.050,2.050,2.050,0,0
1524598200,2.050,2.050,2.050,2.050,3705,60186
1524598440,2.050,2.050,2.050,2.050,0,0
1524598800,2.050,2.050,2.050,2.050,305,63891
1524598860,2.050,2.050,2.050,2.050,0,0
1524598980,2.060,2.060,2.060,2.060,0,0
1524599100,2.050,2.050,2.050,2.050,105,64196
1524599400,2.050,2.050,2.050,2.050,410,64301
1524599640,2.050,2.050,2.050,2.050,0,0
1524599700,2.050,2.050,2.050,2.050,2236,64711
1524599760,2.050,2.050,2.050,2.050,0,0
1524599940,2.060,2.030,2.030,2.060,0,0
1524663000,2.020,2.020,2.020,2.020,1114,0
1524663120,2.030,2.030,2.030,2.030,0,0
1524663900,2.020,2.020,2.020,2.020,501,1114
1524664080,2.020,2.020,2.020,2.020,0,0
1524665400,2.020,2.020,2.020,2.020,344,1615
1524665700,2.020,2.020,2.020,2.020,100,1959
1524665760,2.020,2.020,2.020,2.020,0,0
1524667500,2.020,2.020,2.020,2.020,100,2059
1524667560,2.020,2.020,2.020,2.020,0,0
1524670500,2.040,2.040,2.040,2.040,4200,2159
1524670680,2.040,2.040,2.040,2.040,0,0
1524671400,2.030,2.030,2.030,2.030,200,6359
1524671460,2.030,2.030,2.030,2.030,0,0
1524671700,2.040,2.040,2.040,2.040,533,6559
1524671760,2.040,2.040,2.040,2.040,0,0
1524672600,2.050,2.050,2.050,2.050,100,7092
1524673800,2.050,2.050,2.050,2.050,200,7192
1524673980,2.050,2.050,2.050,2.050,0,0
1524674100,2.050,2.050,2.050,2.050,368,7392
1524674160,2.050,2.050,2.050,2.050,0,0
1524675300,2.050,2.050,2.050,2.050,3400,7760
1524675360,2.050,2.050,2.050,2.050,0,0
1524675900,2.050,2.050,2.050,2.050,1073,11160
1524675960,2.050,2.050,2.050,2.050,0,0
1524676500,2.050,2.050,2.050,2.050,8153,12233
1524676680,2.050,2.050,2.050,2.050,0,0
1524677100,2.053,2.053,2.053,2.053,1100,20386
1524677280,2.053,2.053,2.053,2.053,0,0
1524677700,2.050,2.050,2.050,2.050,9685,21486
1524677760,2.050,2.050,2.050,2.050,0,0
1524677820,2.050,2.050,2.050,2.050,0,0
1524677880,2.050,2.050,2.050,2.050,0,0
1524677940,2.050,2.050,2.050,2.050,0,0
1524678000,2.050,2.050,2.050,2.050,2301,31171
1524678060,2.050,2.050,2.050,2.050,0,0
1524678120,2.050,2.050,2.050,2.050,0,0
1524678180,2.050,2.060,2.050,2.060,0,0
1524678600,2.060,2.060,2.060,2.060,200,33472
1524678660,2.060,2.060,2.060,2.060,0,0
1524678720,2.070,2.070,2.070,2.070,0,0
1524678780,2.060,2.060,2.060,2.060,0,0
1524678900,2.060,2.060,2.060,2.060,1237,33672
1524679140,2.060,2.060,2.060,2.060,0,0
1524679200,2.060,2.060,2.060,2.060,100,34909
1524679380,2.060,2.060,2.060,2.060,0,0
1524679440,2.060,2.060,2.060,2.060,0,0
1524680100,2.060,2.060,2.060,2.060,380,35009
1524680280,2.060,2.060,2.060,2.060,0,0
1524680400,2.060,2.060,2.060,2.060,954,35389
1524680520,2.060,2.060,2.060,2.060,0,0
1524680580,2.070,2.070,2.070,2.070,0,0
1524681300,2.060,2.060,2.060,2.060,205,36343
1524681360,2.060,2.060,2.060,2.060,0,0
1524681600,2.060,2.060,2.060,2.060,25939,36548
1524681720,2.004,2.004,2.004,2.004,0,0
1524681840,2.010,2.010,2.010,2.010,0,0
1524681900,2.000,2.000,2.000,2.000,19815,62487
1524682080,2.000,2.000,2.000,2.000,0,0
1524682140,2.000,2.000,2.000,2.000,0,0
1524682200,2.000,2.000,2.000,2.000,15670,82302
1524682320,2.000,2.000,2.000,2.000,0,0
1524682380,1.940,2.000,1.940,2.000,0,0
1524682800,1.990,1.970,1.970,1.990,14314,97972
1524682860,1.990,1.970,1.970,1.990,0,0
1524682980,1.980,1.980,1.980,1.980,0,0
1524683100,1.980,1.980,1.980,1.980,200,112286
1524683160,1.980,1.980,1.980,1.980,0,0
1524683220,1.980,1.980,1.980,1.980,0,0
1524683340,1.980,1.980,1.980,1.980,0,0
1524683400,1.980,2.005,1.980,2.005,6550,112486
1524683520,1.980,2.005,1.980,2.005,0,0
1524683580,2.000,1.990,1.990,2.000,0,0
1524683640,1.980,1.980,1.980,1.980,0,0
1524683700,1.980,1.980,1.980,1.980,5900,119036
1524683760,1.980,1.980,1.980,1.980,0,0
1524683820,1.980,1.980,1.980,1.980,0,0
1524683940,1.980,1.980,1.980,1.980,0,0
1524684000,1.980,1.980,1.980,1.980,5800,124936
1524684060,1.980,1.980,1.980,1.980,0,0
1524684240,1.990,1.995,1.990,1.995,0,0
1524684300,1.990,1.990,1.990,1.990,500,130736
1524684420,1.990,1.990,1.990,1.990,0,0
1524684600,2.000,2.000,2.000,2.000,600,131236
1524684660,2.000,2.000,2.000,2.000,0,0
1524684720,1.990,1.990,1.990,1.990,0,0
1524684780,1.990,1.990,1.990,1.990,0,0
1524684900,1.990,2.000,1.990,2.000,4650,131836
1524684960,2.000,2.000,2.000,2.000,0,0
1524685020,1.990,2.000,1.990,2.000,0,0
1524685080,2.000,1.990,1.990,2.000,0,0
1524685140,2.000,2.000,2.000,2.000,0,0
1524685200,2.000,2.000,2.000,2.000,2213,136486
1524685260,1.995,2.000,1.995,2.000,0,0
1524685320,1.995,2.000,1.995,2.000,0,0
1524685380,2.000,1.990,1.990,2.000,0,0
1524685440,1.990,1.990,1.990,1.990,0,0
1524685500,1.980,1.980,1.980,1.980,15837,138699
1524685560,1.980,1.980,1.980,1.980,0,0
1524685620,1.980,1.980,1.980,1.980,0,0
1524685680,1.990,1.980,1.980,1.990,0,0
1524685740,1.980,1.980,1.980,1.980,0,0
1524685800,1.970,1.980,1.970,1.980,900,154536
1524685860,1.980,1.980,1.980,1.980,0,0
1524685920,1.980,1.980,1.980,1.980,0,0
1524685980,1.980,1.980,1.980,1.980,0,0
1524686040,1.980,1.980,1.980,1.980,0,0
1524686100,1.980,1.980,1.980,1.980,79997,155436
1524686160,1.980,1.980,1.980,1.980,0,0
1524686220,1.980,2.000,1.980,2.000,0,0
1524686280,2.000,1.980,1.980,2.000,0,0
1524686340,1.980,2.000,1.980,2.000,0,0
1524749400,1.990,1.990,1.990,1.990,0,0
1524750000,1.990,1.990,1.990,1.990,1393,0
1524750120,1.990,1.990,1.990,1.990,0,0
1524750300,1.980,1.980,1.980,1.980,4000,1393
1524750540,1.980,1.980,1.980,1.980,0,0
1524750600,1.980,1.980,1.980,1.980,100,5393
1524750840,1.980,1.980,1.980,1.980,0,0
1524751500,2.000,1.995,1.995,2.000,3700,5493
1524751800,1.980,1.980,1.980,1.980,4010,9193
1524752040,1.980,1.980,1.980,1.980,0,0
1524752400,1.980,1.980,1.980,1.980,100,13203
1524752520,1.980,1.980,1.980,1.980,0,0
1524752700,1.980,1.980,1.980,1.980,2606,13303
1524752820,1.980,1.980,1.980,1.980,0,0
1524753000,1.980,1.980,1.980,1.980,9446,15909
1524753180,1.977,1.977,1.977,1.977,0,0
1524753240,1.980,1.980,1.980,1.980,0,0
1524753300,1.990,1.990,1.990,1.990,5951,25355
1524753360,1.985,1.985,1.985,1.985,0,0
1524753480,1.988,1.988,1.988,1.988,0,0
1524753600,1.980,1.980,1.980,1.980,5104,31306
1524753780,1.981,1.981,1.981,1.981,0,0
1524753840,1.980,1.980,1.980,1.980,0,0
1524753900,1.985,1.985,1.985,1.985,110,36410
1524754020,1.980,1.980,1.980,1.980,0,0
1524754800,1.980,1.980,1.980,1.980,12408,36520
1524755040,1.980,1.980,1.980,1.980,0,0
1524755100,1.970,1.970,1.970,1.970,6737,48928
1524755280,1.960,1.960,1.960,1.960,0,0
1524755340,1.950,1.950,1.950,1.950,0,0
1524755400,1.960,1.960,1.960,1.960,29195,55665
1524755520,1.960,1.960,1.960,1.960,0,0
1524755580,1.980,1.980,1.980,1.980,0,0
1524755640,1.980,1.980,1.980,1.980,0,0
1524755700,1.970,1.970,1.970,1.970,2397,84860
1524755940,1.970,1.970,1.970,1.970,0,0
1524756300,1.970,1.970,1.970,1.970,3038,87257
1524756420,1.970,1.970,1.970,1.970,0,0
1524756600,1.980,1.980,1.980,1.980,3200,90295
1524756840,1.980,1.980,1.980,1.980,0,0
1524756900,1.980,1.980,1.980,1.980,3903,93495
1524757020,1.980,1.980,1.980,1.980,0,0
1524757080,1.970,1.970,1.970,1.970,0,0
1524757200,1.973,1.970,1.970,1.973,802,97398
1524757500,1.960,1.960,1.960,1.960,2603,98200
1524757740,1.960,1.960,1.960,1.960,0,0
1524757800,1.960,1.955,1.955,1.960,8956,100803
1524758040,1.940,1.940,1.940,1.940,0,0
1524758100,1.932,1.932,1.932,1.932,500,109759
1524758340,1.932,1.932,1.932,1.932,0,0
1524758700,1.935,1.935,1.935,1.935,205,110259
1524758940,1.935,1.935,1.935,1.935,0,0
1524759300,1.940,1.940,1.940,1.940,102,110464
1524759480,1.940,1.940,1.940,1.940,0,0
1524760200,1.940,1.940,1.940,1.940,212,110566
1524760500,1.935,1.935,1.935,1.935,205,110778
1524760620,1.935,1.935,1.935,1.935,0,0
1524760740,1.940,1.940,1.940,1.940,0,0
1524760800,1.935,1.935,1.935,1.935,1901,110983
1524760920,1.935,1.935,1.935,1.935,0,0
1524761100,1.930,1.930,1.930,1.930,304,112884
1524761400,1.935,1.935,1.935,1.935,1900,113188
1524761520,1.935,1.935,1.935,1.935,0,0
1524762000,1.940,1.940,1.940,1.940,1604,115088
1524762240,1.940,1.940,1.940,1.940,0,0
1524762300,1.930,1.930,1.930,1.930,806,116692
1524762360,1.930,1.930,1.930,1.930,0,0
1524762420,1.930,1.930,1.930,1.930,0,0
1524762480,1.930,1.930,1.930,1.930,0,0
1524762600,1.930,1.930,1.930,1.930,1901,117498
1524762660,1.930,1.930,1.930,1.930,0,0
1524762720,1.935,1.935,1.935,1.935,0,0
1524763800,1.940,1.940,1.940,1.940,250,119399
1524764100,1.930,1.930,1.930,1.930,1304,119649
1524764280,1.930,1.930,1.930,1.930,0,0
1524764700,1.940,1.940,1.940,1.940,408,120953
1524765300,1.940,1.940,1.940,1.940,412,121361
1524765420,1.940,1.940,1.940,1.940,0,0
1524765900,1.940,1.940,1.940,1.940,48303,121773
1524765960,1.940,1.940,1.940,1.940,0,0
1524766080,1.949,1.940,1.940,1.949,0,0
1524766140,1.950,1.950,1.950,1.950,0,0
1524766200,1.950,1.950,1.950,1.950,8000,170076
1524766380,1.950,1.950,1.950,1.950,0,0
1524766440,1.950,1.950,1.950,1.950,0,0
1524766500,1.945,1.945,1.945,1.945,13500,178076
1524766560,1.945,1.945,1.945,1.945,0,0
1524766620,1.950,1.950,1.950,1.950,0,0
1524766800,1.950,1.950,1.950,1.950,709,191576
1524767040,1.950,1.950,1.950,1.950,0,0
1524767100,1.950,1.950,1.950,1.950,3000,192285
1524767280,1.950,1.950,1.950,1.950,0,0
1524767700,1.930,1.930,1.930,1.930,4803,195285
1524767940,1.930,1.930,1.930,1.930,0,0
1524768000,1.930,1.930,1.930,1.930,8656,200088
1524768120,1.930,1.930,1.930,1.930,0,0
1524768900,1.924,1.924,1.924,1.924,7244,208744
1524768960,1.924,1.924,1.924,1.924,0,0
1524769080,1.925,1.925,1.925,1.925,0,0
1524769500,1.929,1.929,1.929,1.929,4456,215988
1524769560,1.929,1.929,1.929,1.929,0,0
1524769680,1.940,1.940,1.940,1.940,0,0
1524769800,1.940,1.940,1.940,1.940,1496,220444
1524769860,1.940,1.940,1.940,1.940,0,0
1524769920,1.940,1.940,1.940,1.940,0,0
1524769980,1.940,1.940,1.940,1.940,0,0
1524770040,1.940,1.940,1.940,1.940,0,0
1524770100,1.934,1.934,1.934,1.934,4204,221940
1524770160,1.934,1.934,1.934,1.934,0,0
1524770400,1.920,1.911,1.911,1.920,17040,226144
1524770580,1.920,1.911,1.911,1.920,0,0
1524770640,1.910,1.910,1.910,1.910,0,0
1524770700,1.911,1.900,1.900,1.911,13133,243184
1524770820,1.911,1.900,1.900,1.911,0,0
1524770940,1.900,1.900,1.900,1.900,0,0
1524771000,1.909,1.909,1.909,1.909,4864,256317
1524771120,1.909,1.900,1.900,1.909,0,0
1524771300,1.900,1.900,1.900,1.900,6905,261181
1524771480,1.909,1.909,1.909,1.909,0,0
1524771900,1.930,1.930,1.930,1.930,4701,268086
1524771960,1.930,1.930,1.930,1.930,0,0
1524772020,1.920,1.920,1.920,1.920,0,0
1524772140,1.920,1.920,1.920,1.920,0,0
1524772200,1.930,1.930,1.930,1.930,2906,272787
1524772260,1.930,1.930,1.930,1.930,0,0
1524772320,1.914,1.914,1.914,1.914,0,0
1524772380,1.930,1.930,1.930,1.930,0,0
1524772440,1.911,1.911,1.911,1.911,0,0
1524772500,1.920,1.900,1.900,1.920,5738,275693
1524772620,1.930,1.930,1.930,1.930,0,0
1524772680,1.930,1.930,1.930,1.930,0,0
1524772740,1.910,1.910,1.910,1.910,0,0
1524835800,1.920,1.920,1.920,1.920,0,0
1524836100,1.930,1.920,1.920,1.930,6601,0
1524836220,1.930,1.920,1.920,1.930,0,0
1524836340,1.919,1.919,1.919,1.919,0,0
1524836400,1.910,1.910,1.910,1.910,10300,6601
1524836460,1.910,1.910,1.910,1.910,0,0
1524837600,1.880,1.880,1.880,1.880,814,16901
1524837780,1.880,1.880,1.880,1.880,0,0
1524838200,1.870,1.870,1.870,1.870,100,17715
1524838500,1.880,1.880,1.880,1.880,1310,17815
1524838800,1.880,1.880,1.880,1.880,1540,19125
1524838860,1.880,1.880,1.880,1.880,0,0
1524840000,1.860,1.860,1.860,1.860,2293,20665
1524840240,1.860,1.860,1.860,1.860,0,0
1524840600,1.870,1.869,1.869,1.870,2793,22958
1524840840,1.870,1.869,1.869,1.870,0,0
1524841200,1.860,1.860,1.860,1.860,1200,25751
1524841440,1.860,1.860,1.860,1.860,0,0
1524842700,1.860,1.910,1.860,1.910,8225,26951
1524842820,1.860,1.910,1.860,1.910,0,0
1524843900,1.900,1.900,1.900,1.900,300,35176
1524844080,1.900,1.900,1.900,1.900,0,0
1524845400,1.914,1.914,1.914,1.914,2602,35476
1524845520,1.914,1.914,1.914,1.914,0,0
1524846000,1.909,1.909,1.909,1.909,6300,38078
1524846240,1.909,1.909,1.909,1.909,0,0
1524848400,1.917,1.910,1.910,1.917,229355,44378
1524848460,1.910,1.910,1.910,1.910,0,0
1524848520,1.920,1.920,1.920,1.920,0,0
1524849000,1.950,1.950,1.950,1.950,4261,273733
1524849240,1.950,1.950,1.950,1.950,0,0
1524849300,1.950,1.970,1.950,1.970,1639,277994
1524849360,1.945,1.945,1.945,1.945,0,0
1524849480,1.950,1.950,1.950,1.950,0,0
1524849600,1.950,1.950,1.950,1.950,10150,279633
1524849660,1.949,1.949,1.949,1.949,0,0
1524849780,1.950,1.950,1.950,1.950,0,0
1524849900,1.960,1.977,1.960,1.977,11681,289783
1524850200,1.970,1.970,1.970,1.970,1360,301464
1524851100,1.970,1.970,1.970,1.970,4500,302824
1524851220,1.970,1.970,1.970,1.970,0,0
1524851340,1.968,1.968,1.968,1.968,0,0
1524851400,1.970,1.965,1.965,1.970,6400,307324
1524851520,1.970,1.965,1.965,1.970,0,0
1524851700,1.970,1.970,1.970,1.970,8500,313724
1524851760,1.970,1.970,1.970,1.970,0,0
1524851820,1.970,1.970,1.970,1.970,0,0
1524851880,1.960,1.960,1.960,1.960,0,0
1524852300,1.960,1.960,1.960,1.960,550,322224
1524852900,1.960,1.960,1.960,1.960,7483,322774
1524855000,1.965,1.965,1.965,1.965,2507,330257
1524855240,1.965,1.965,1.965,1.965,0,0
1524855900,1.964,1.964,1.964,1.964,1500,332764
1524856020,1.960,1.960,1.960,1.960,0,0
1524856200,1.969,1.969,1.969,1.969,9704,334264
1524856440,1.969,1.969,1.969,1.969,0,0
1524856800,1.960,1.960,1.960,1.960,1910,343968
1524856920,1.960,1.960,1.960,1.960,0,0
1524857040,1.950,1.950,1.950,1.950,0,0
1524857100,1.940,1.940,1.940,1.940,6000,345878
1524857160,1.940,1.940,1.940,1.940,0,0
1524857400,1.924,1.910,1.910,1.924,3382,351878
1524858000,1.930,1.920,1.920,1.930,3200,355260
1524858240,1.930,1.920,1.920,1.930,0,0
1524858300,1.929,1.929,1.929,1.929,8032,358460
1524858360,1.929,1.929,1.929,1.929,0,0
1524858420,1.920,1.940,1.920,1.940,0,0
1524858540,1.960,1.960,1.960,1.960,0,0
1524858600,1.950,1.950,1.950,1.950,17622,366492
1524858720,1.970,1.970,1.970,1.970,0,0
1524858780,1.960,1.960,1.960,1.960,0,0
1524858900,1.940,1.940,1.940,1.940,9875,384114
1524859020,1.940,1.940,1.940,1.940,0,0
1524859080,1.920,1.920,1.920,1.920,0,0
1524859140,1.920,1.920,1.920,1.920,0,0
1525095000,1.930,1.930,1.930,1.930,4391,0
1525095180,1.968,1.968,1.968,1.968,0,0
1525095300,1.990,1.970,1.970,1.990,3410,4391
1525095360,1.990,1.970,1.970,1.990,0,0
1525095420,1.970,1.970,1.970,1.970,0,0
1525095480,1.970,1.970,1.970,1.970,0,0
1525095900,1.960,1.974,1.960,1.974,3730,7801
1525095960,1.960,1.974,1.960,1.974,0,0
1525096080,1.960,1.950,1.950,1.960,0,0
1525096500,1.960,1.960,1.960,1.960,2200,11531
1525096740,1.967,1.967,1.967,1.967,0,0
1525096800,1.970,1.970,1.970,1.970,8402,13731
1525096860,1.960,1.960,1.960,1.960,0,0
1525096920,1.950,1.940,1.940,1.950,0,0
1525096980,1.930,1.930,1.930,1.930,0,0
1525097100,1.940,1.947,1.930,1.947,5875,22133
1525097280,1.940,1.947,1.930,1.947,0,0
1525097400,1.940,1.950,1.940,1.950,9999,28008
1525097520,1.940,1.950,1.940,1.950,0,0
1525097700,1.940,1.940,1.940,1.940,9200,38007
1525097760,1.940,1.940,1.940,1.940,0,0
1525097820,1.934,1.934,1.934,1.934,0,0
1525098000,1.913,1.913,1.913,1.913,6415,47207
1525098900,1.930,1.930,1.930,1.930,11101,53622
1525098960,1.930,1.930,1.930,1.930,0,0
1525099140,1.910,1.910,1.910,1.910,0,0
1525099200,1.910,1.910,1.910,1.910,16635,64723
1525099260,1.910,1.910,1.910,1.910,0,0
1525099380,1.850,1.850,1.850,1.850,0,0
1525099500,1.910,1.910,1.910,1.910,32375,81358
1525099560,1.910,1.875,1.875,1.910,0,0
1525099620,1.899,1.899,1.899,1.899,0,0
1525099680,1.900,1.895,1.890,1.900,0,0
1525099740,1.890,1.872,1.872,1.890,0,0
1525099800,1.881,1.881,1.881,1.881,34265,113733
1525099860,1.900,1.905,1.900,1.905,0,0
1525099980,1.830,1.830,1.830,1.830,0,0
1525100040,1.860,1.860,1.860,1.860,0,0
1525100100,1.863,1.863,1.863,1.863,6191,147998
1525100160,1.850,1.870,1.840,1.870,0,0
1525100400,1.910,1.910,1.910,1.910,3534,154189
1525100580,1.910,1.910,1.910,1.910,0,0
1525101300,1.880,1.880,1.880,1.880,4147,157723
1525101360,1.880,1.880,1.880,1.880,0,0
1525101540,1.882,1.882,1.882,1.882,0,0
1525101900,1.870,1.870,1.870,1.870,4803,161870
1525101960,1.870,1.870,1.870,1.870,0,0
1525102200,1.884,1.884,1.884,1.884,3600,166673
1525102500,1.870,1.870,1.870,1.870,2470,170273
1525102800,1.870,1.870,1.870,1.870,150,172743
1525102860,1.870,1.870,1.870,1.870,0,0
1525103100,1.884,1.884,1.884,1.884,210,172893
1525103280,1.884,1.884,1.884,1.884,0,0
1525103400,1.878,1.878,1.878,1.878,1441,173103
1525103580,1.880,1.880,1.880,1.880,0,0
1525103700,1.880,1.880,1.880,1.880,200,174544
1525103760,1.880,1.880,1.880,1.880,0,0
1525104000,1.877,1.877,1.877,1.877,400,174744
1525104180,1.877,1.877,1.877,1.877,0,0
1525104300,1.880,1.880,1.880,1.880,15802,175144
1525104420,1.870,1.860,1.860,1.870,0,0
1525104480,1.850,1.850,1.850,1.850,0,0
1525104540,1.830,1.830,1.830,1.830,0,0
1525104600,1.849,1.849,1.849,1.849,4700,190946
1525104660,1.849,1.849,1.849,1.849,0,0
1525104720,1.845,1.845,1.845,1.845,0,0
1525104840,1.853,1.853,1.853,1.853,0,0
1525104900,1.846,1.846,1.846,1.846,1000,195646
1525104960,1.846,1.846,1.846,1.846,0,0
1525105500,1.844,1.844,1.844,1.844,7400,196646
1525105560,1.844,1.844,1.844,1.844,0,0
1525105740,1.830,1.830,1.830,1.830,0,0
1525106400,1.780,1.780,1.780,1.780,6789,204046
1525106580,1.780,1.780,1.780,1.780,0,0
1525106700,1.770,1.770,1.770,1.770,18186,210835
1525106760,1.760,1.760,1.760,1.760,0,0
1525106820,1.751,1.751,1.751,1.751,0,0
1525106880,1.760,1.750,1.750,1.760,0,0
1525106940,1.770,1.760,1.760,1.770,0,0
1525107000,1.780,1.780,1.780,1.780,2250,229021
1525107240,1.800,1.800,1.800,1.800,0,0
1525107300,1.830,1.830,1.830,1.830,3101,231271
1525107540,1.830,1.830,1.830,1.830,0,0
1525107900,1.827,1.827,1.827,1.827,5063,234372
1525107960,1.827,1.827,1.827,1.827,0,0
1525108020,1.820,1.820,1.820,1.820,0,0
1525108140,1.814,1.814,1.814,1.814,0,0
1525108200,1.800,1.800,1.800,1.800,200,239435
1525108440,1.800,1.800,1.800,1.800,0,0
1525108500,1.790,1.790,1.790,1.790,9147,239635
1525108560,1.789,1.789,1.789,1.789,0,0
1525108620,1.780,1.780,1.780,1.780,0,0
1525108800,1.780,1.770,1.770,1.780,7600,248782
1525108860,1.780,1.770,1.770,1.780,0,0
1525108980,1.770,1.770,1.770,1.770,0,0
1525109040,1.778,1.778,1.778,1.778,0,0
1525109100,1.779,1.779,1.779,1.779,1900,256382
1525109400,1.780,1.775,1.775,1.780,2290,258282
1525110000,1.770,1.770,1.770,1.770,800,260572
1525110120,1.770,1.770,1.770,1.770,0,0
1525110600,1.775,1.770,1.770,1.775,8610,261372
1525110840,1.775,1.770,1.770,1.775,0,0
1525110900,1.770,1.770,1.770,1.770,476,269982
1525111080,1.770,1.770,1.770,1.770,0,0
1525111200,1.780,1.780,1.780,1.780,1144,270458
1525111320,1.780,1.780,1.780,1.780,0,0
1525111500,1.780,1.780,1.780,1.780,2786,271602
1525111740,1.770,1.770,1.770,1.770,0,0
1525111800,1.780,1.780,1.780,1.780,11208,274388
1525112100,1.810,1.824,1.810,1.824,18683,285596
1525112220,1.810,1.824,1.810,1.824,0,0
1525112280,1.800,1.800,1.800,1.800,0,0
1525112400,1.823,1.823,1.823,1.823,6264,304279
1525112460,1.823,1.823,1.823,1.823,0,0
1525112700,1.830,1.828,1.828,1.830,3400,310543
1525112820,1.830,1.828,1.828,1.830,0,0
1525113300,1.810,1.810,1.810,1.810,3715,313943
1525113540,1.810,1.810,1.810,1.810,0,0
1525113600,1.810,1.810,1.810,1.810,3350,317658
1525113660,1.830,1.830,1.830,1.830,0,0
1525113900,1.820,1.820,1.820,1.820,30475,321008
1525113960,1.820,1.820,1.820,1.820,0,0
1525114140,1.790,1.770,1.770,1.790,0,0
1525114200,1.840,1.840,1.840,1.840,10200,351483
1525114320,1.840,1.840,1.840,1.840,0,0
1525114380,1.830,1.830,1.830,1.830,0,0
1525114500,1.800,1.800,1.800,1.800,17250,361683
1525114620,1.784,1.784,1.784,1.784,0,0
1525114800,1.809,1.809,1.809,1.809,800,378933
1525114980,1.809,1.809,1.809,1.809,0,0
1525115100,1.790,1.790,1.790,1.790,500,379733
1525115400,1.805,1.805,1.805,1.805,224,380233
1525115580,1.805,1.805,1.805,1.805,0,0
1525115700,1.850,1.840,1.840,1.850,11911,380457
1525115760,1.850,1.840,1.840,1.850,0,0
1525115820,1.840,1.839,1.839,1.840,0,0
1525115880,1.840,1.840,1.840,1.840,0,0
1525115940,1.840,1.840,1.840,1.840,0,0
1525116000,1.840,1.840,1.840,1.840,3450,392368
1525116060,1.840,1.840,1.840,1.840,0,0
1525116120,1.830,1.820,1.820,1.830,0,0
1525116300,1.800,1.800,1.800,1.800,9800,395818
1525116360,1.810,1.800,1.800,1.810,0,0
1525117500,1.830,1.830,1.830,1.830,19244,405618
1525117560,1.830,1.830,1.830,1.830,0,0
1525117620,1.830,1.830,1.830,1.830,0,0
1525117680,1.820,1.820,1.820,1.820,0,0
1525117740,1.820,1.820,1.820,1.820,0,0
1525117800,1.810,1.810,1.810,1.810,2388,424862
1525117980,1.810,1.810,1.810,1.810,0,0
1525118100,1.805,1.800,1.800,1.805,52184,427250
1525118160,1.810,1.840,1.810,1.840,0,0
1525118280,1.820,1.820,1.820,1.820,0,0
1525118340,1.830,1.800,1.800,1.830,0,0
