1512138600,65.660,65.660,65.660,65.660,2053,0
1512138660,65.830,65.830,65.830,65.830,2050,0
1512138720,65.970,65.960,65.730,65.970,2050,0
1512138780,65.970,65.960,65.730,65.970,2050,0
1512138840,65.690,65.640,65.640,65.690,2050,0
1512138900,65.540,65.590,65.540,65.590,645,10253
1512138960,65.510,65.520,65.510,65.520,643,10253
1512139020,65.410,65.390,65.390,65.470,643,10253
1512139080,65.410,65.390,65.390,65.470,643,10253
1512139140,65.410,65.390,65.390,65.470,643,10253
1512139200,65.480,65.530,65.480,65.530,858,13470
1512139260,65.690,65.710,65.620,65.710,857,13470
1512139320,65.590,65.640,65.590,65.640,857,13470
1512139380,65.590,65.640,65.590,65.640,857,13470
1512139440,65.590,65.640,65.590,65.640,857,13470
1512139500,65.700,65.530,65.480,65.700,1323,17756
1512139560,65.590,65.590,65.590,65.590,1320,17756
1512139620,65.590,65.590,65.590,65.590,1320,17756
1512139680,65.520,65.520,65.520,65.520,1320,17756
1512139740,65.610,65.560,65.560,65.610,1320,17756
1512139800,65.610,65.560,65.560,65.610,624,24359
1512139860,65.610,65.560,65.560,65.610,624,24359
1512139920,65.620,65.540,65.540,65.620,624,24359
1512139980,65.480,65.460,65.460,65.480,624,24359
1512140040,65.430,65.460,65.430,65.460,624,24359
1512140100,65.430,65.460,65.430,65.460,752,27479
1512140160,65.610,65.500,65.500,65.610,748,27479
1512140220,65.470,65.470,65.470,65.470,748,27479
1512140280,65.470,65.470,65.470,65.470,748,27479
1512140340,65.450,65.410,65.410,65.450,748,27479
1512140400,65.400,65.360,65.360,65.400,1281,31223
1512140460,65.330,65.340,65.330,65.350,1277,31223
1512140520,65.240,65.240,65.240,65.240,1277,31223
1512140580,65.210,65.260,65.180,65.260,1277,31223
1512140640,65.250,65.250,65.250,65.250,1277,31223
1512140700,65.230,65.180,65.180,65.230,2434,37612
1512140760,65.180,65.230,65.170,65.230,2433,37612
1512140820,65.220,65.200,65.200,65.220,2433,37612
1512140880,65.200,65.310,65.200,65.310,2433,37612
1512140940,65.200,65.310,65.200,65.310,2433,37612
1512141000,65.200,65.310,65.200,65.310,712,49778
1512141060,65.400,65.400,65.400,65.400,712,49778
1512141120,65.480,65.480,65.480,65.480,712,49778
1512141180,65.520,65.520,65.520,65.520,712,49778
1512141240,65.430,65.460,65.430,65.460,712,49778
1512141300,65.430,65.460,65.430,65.460,586,53338
1512141360,65.430,65.460,65.430,65.460,586,53338
1512141420,65.370,65.370,65.370,65.370,586,53338
1512141480,65.370,65.370,65.370,65.370,586,53338
1512141540,65.530,65.530,65.530,65.530,586,53338
1512141600,65.510,65.510,65.510,65.510,668,56268
1512141660,65.510,65.510,65.510,65.510,665,56268
1512141720,65.580,65.580,65.580,65.580,665,56268
1512141780,65.580,65.580,65.580,65.580,665,56268
1512141840,65.530,65.460,65.460,65.530,665,56268
1512141900,65.490,65.490,65.490,65.490,653,59596
1512141960,65.530,65.530,65.530,65.530,649,59596
1512142020,65.530,65.530,65.530,65.530,649,59596
1512142080,65.530,65.580,65.530,65.580,649,59596
1512142140,65.530,65.580,65.530,65.580,649,59596
1512142200,65.600,65.600,65.600,65.600,887,62845
1512142260,65.660,65.640,65.640,65.660,886,62845
1512142320,65.730,65.730,65.730,65.730,886,62845
1512142380,65.670,65.670,65.670,65.670,886,62845
1512142440,65.670,65.610,65.610,65.670,886,62845
1512142500,65.590,65.540,65.540,65.590,944,67276
1512142560,65.580,65.580,65.580,65.580,942,67276
1512142620,65.580,65.580,65.580,65.580,942,67276
1512142680,65.580,65.580,65.580,65.580,942,67276
1512142740,65.520,65.470,65.470,65.520,942,67276
1512142800,65.550,65.550,65.550,65.550,778,71988
1512142860,65.600,65.600,65.600,65.600,775,71988
1512142920,65.650,65.650,65.650,65.650,775,71988
1512142980,65.620,65.620,65.620,65.620,775,71988
1512143040,65.540,65.560,65.540,65.560,775,71988
1512143100,65.580,65.580,65.580,65.580,822,75866
1512143160,65.650,65.630,65.630,65.650,818,75866
1512143220,65.610,65.580,65.580,65.610,818,75866
1512143280,65.490,65.490,65.490,65.490,818,75866
1512143340,65.520,65.520,65.520,65.520,818,75866
1512143400,65.560,65.560,65.560,65.560,1319,79960
1512143460,65.530,65.530,65.530,65.530,1319,79960
1512143520,65.530,65.530,65.530,65.530,1319,79960
1512143580,65.610,65.610,65.610,65.610,1319,79960
1512143640,65.650,65.650,65.650,65.650,1319,79960
1512143700,65.650,65.650,65.650,65.650,586,86555
1512143760,65.700,65.700,65.700,65.700,585,86555
1512143820,65.700,65.700,65.700,65.700,585,86555
1512143880,65.700,65.700,65.700,65.700,585,86555
1512143940,65.640,65.650,65.640,65.650,585,86555
1512144000,65.730,65.730,65.730,65.730,1562,89481
1512144060,65.720,65.740,65.720,65.800,1559,89481
1512144120,65.740,65.740,65.740,65.740,1559,89481
1512144180,65.730,65.730,65.730,65.730,1559,89481
1512144240,65.740,65.740,65.740,65.740,1559,89481
1512144300,65.740,65.640,65.630,65.740,1968,97279
1512144360,65.710,65.720,65.710,65.720,1968,97279
1512144420,65.750,65.640,65.640,65.750,1968,97279
1512144480,65.750,65.640,65.640,65.750,1968,97279
1512144540,65.750,65.640,65.640,65.750,1968,97279
1512144600,65.750,65.640,65.640,65.750,1968,97279
1512144660,65.750,65.640,65.640,65.750,1968,97279
1512144720,65.750,65.640,65.640,65.750,1968,97279
1512144780,65.750,65.640,65.640,65.750,1968,97279
1512144840,65.750,65.640,65.640,65.750,1968,97279
1512144900,65.750,65.640,65.640,65.750,1968,97279
1512144960,65.750,65.640,65.640,65.750,1968,97279
1512145020,65.750,65.640,65.640,65.750,1968,97279
1512145080,65.750,65.640,65.640,65.750,1968,97279
1512145140,65.750,65.640,65.640,65.750,1968,97279
1512145200,65.160,65.140,65.120,65.160,14950,107119
1512145260,65.060,65.060,65.060,65.060,14946,107119
1512145320,64.970,64.940,64.940,64.970,14946,107119
1512145380,64.850,64.730,64.730,64.850,14946,107119
1512145440,64.730,64.530,64.530,64.730,14946,107119
1512145500,64.520,64.550,64.520,64.550,934,181853
1512145560,64.590,64.590,64.590,64.590,933,181853
1512145620,64.460,64.460,64.460,64.550,933,181853
1512145680,64.410,64.410,64.410,64.410,933,181853
1512145740,64.410,64.410,64.410,64.410,933,181853
1512145800,64.260,64.260,64.260,64.260,4890,186519
1512145860,64.270,64.220,64.130,64.270,4887,186519
1512145920,64.220,64.110,64.110,64.220,4887,186519
1512145980,63.980,63.980,63.980,63.980,4887,186519
1512146040,63.980,63.980,63.980,63.980,4887,186519
1512146100,63.980,63.980,63.980,63.980,3365,210957
1512146160,64.310,64.400,64.310,64.400,3363,210957
1512146220,64.380,64.320,64.320,64.380,3363,210957
1512146280,64.640,64.640,64.640,64.640,3363,210957
1512146340,64.630,64.630,64.630,64.630,3363,210957
1512146400,64.720,64.810,64.720,64.810,1888,227774
1512146460,64.700,64.760,64.700,64.760,1887,227774
1512146520,64.690,64.680,64.680,64.690,1887,227774
1512146580,64.790,64.630,64.630,64.790,1887,227774
1512146640,64.710,64.640,64.640,64.710,1887,227774
1512146700,64.580,64.580,64.580,64.580,1061,237210
1512146760,64.520,64.570,64.520,64.570,1061,237210
1512146820,64.560,64.560,64.560,64.560,1061,237210
1512146880,64.550,64.550,64.550,64.550,1061,237210
1512146940,64.650,64.530,64.530,64.650,1061,237210
1512147000,64.430,64.430,64.430,64.430,1231,242515
1512147060,64.430,64.430,64.430,64.430,1228,242515
1512147120,64.630,64.600,64.600,64.650,1228,242515
1512147180,64.660,64.700,64.660,64.700,1228,242515
1512147240,64.740,64.630,64.540,64.740,1228,242515
1512147300,64.660,64.700,64.660,64.700,902,248658
1512147360,64.600,64.600,64.600,64.600,901,248658
1512147420,64.750,64.830,64.750,64.830,901,248658
1512147480,64.860,64.850,64.850,64.860,901,248658
1512147540,64.950,64.950,64.950,64.950,901,248658
1512147600,64.920,64.920,64.920,64.920,1777,253164
1512147660,64.970,64.900,64.900,64.970,1775,253164
1512147720,64.950,65.000,64.950,65.170,1775,253164
1512147780,65.070,65.070,65.070,65.070,1775,253164
1512147840,65.110,65.110,65.110,65.110,1775,253164
1512147900,65.130,65.150,65.130,65.150,1902,262041
1512147960,65.170,65.170,65.170,65.170,1898,262041
1512148020,65.170,65.170,65.170,65.170,1898,262041
1512148080,65.140,65.170,65.100,65.170,1898,262041
1512148140,65.080,65.110,65.080,65.110,1898,262041
1512148200,65.110,65.070,65.070,65.110,1126,271535
1512148260,65.100,65.100,65.100,65.100,1126,271535
1512148320,65.050,65.090,65.050,65.090,1126,271535
1512148380,65.180,65.180,65.180,65.180,1126,271535
1512148440,65.070,65.070,65.070,65.070,1126,271535
1512148500,65.190,65.190,65.190,65.190,582,277165
1512148560,65.170,65.170,65.170,65.170,579,277165
1512148620,65.170,65.170,65.170,65.170,579,277165
1512148680,65.170,65.170,65.170,65.170,579,277165
1512148740,65.090,65.090,65.090,65.090,579,277165
1512148800,65.090,65.090,65.090,65.090,613,280063
1512148860,65.080,65.010,65.010,65.080,613,280063
1512148920,65.080,65.010,65.010,65.080,613,280063
1512148980,65.080,65.010,65.010,65.080,613,280063
1512149040,65.100,65.100,65.100,65.100,613,280063
1512149100,65.100,65.100,65.100,65.100,645,283128
1512149160,65.080,65.050,65.010,65.080,642,283128
1512149220,65.080,65.050,65.010,65.080,642,283128
1512149280,65.080,65.050,65.010,65.080,642,283128
1512149340,65.010,64.970,64.970,65.010,642,283128
1512149400,65.010,64.970,64.970,65.010,818,286341
1512149460,64.980,64.980,64.980,64.980,818,286341
1512149520,64.980,64.980,64.980,64.980,818,286341
1512149580,64.980,64.980,64.980,64.980,818,286341
1512149640,65.090,65.090,65.090,65.090,818,286341
1512149700,65.090,65.090,65.090,65.090,866,290431
1512149760,65.230,65.230,65.230,65.230,863,290431
1512149820,65.230,65.230,65.230,65.230,863,290431
1512149880,65.200,65.200,65.200,65.200,863,290431
1512149940,65.170,65.170,65.170,65.170,863,290431
1512150000,65.170,65.170,65.170,65.170,742,294749
1512150060,65.180,65.180,65.180,65.180,741,294749
1512150120,65.140,65.130,65.130,65.140,741,294749
1512150180,65.180,65.180,65.180,65.180,741,294749
1512150240,65.170,65.210,65.170,65.210,741,294749
1512150300,65.180,65.250,65.180,65.250,1023,298455
1512150360,65.290,65.300,65.260,65.300,1020,298455
1512150420,65.300,65.300,65.300,65.300,1020,298455
1512150480,65.300,65.300,65.300,65.300,1020,298455
1512150540,65.370,65.370,65.370,65.370,1020,298455
1512150600,65.370,65.370,65.370,65.370,492,303558
1512150660,65.370,65.370,65.370,65.370,492,303558
1512150720,65.330,65.330,65.330,65.330,492,303558
1512150780,65.350,65.350,65.350,65.350,492,303558
1512150840,65.350,65.350,65.350,65.350,492,303558
1512150900,65.260,65.320,65.260,65.320,637,306018
1512150960,65.260,65.320,65.260,65.320,637,306018
1512151020,65.330,65.330,65.330,65.330,637,306018
1512151080,65.330,65.330,65.330,65.330,637,306018
1512151140,65.330,65.330,65.330,65.330,637,306018
1512151200,65.340,65.360,65.340,65.360,762,309203
1512151260,65.340,65.360,65.340,65.360,762,309203
1512151320,65.300,65.300,65.300,65.300,762,309203
1512151380,65.250,65.250,65.250,65.250,762,309203
1512151440,65.250,65.250,65.250,65.250,762,309203
1512151500,65.250,65.250,65.250,65.250,280,313013
1512151560,65.250,65.250,65.250,65.250,279,313013
1512151620,65.200,65.150,65.150,65.200,279,313013
1512151680,65.200,65.150,65.150,65.200,279,313013
1512151740,65.200,65.150,65.150,65.200,279,313013
1512151800,65.160,65.250,65.160,65.250,1836,314409
1512151860,65.240,65.240,65.240,65.240,1833,314409
1512151920,65.230,65.290,65.220,65.290,1833,314409
1512151980,65.260,65.260,65.260,65.260,1833,314409
1512152040,65.260,65.260,65.260,65.260,1833,314409
1512152100,65.270,65.270,65.270,65.270,1542,323577
1512152160,65.270,65.270,65.270,65.270,1538,323577
1512152220,65.270,65.270,65.270,65.270,1538,323577
1512152280,65.300,65.300,65.300,65.300,1538,323577
1512152340,65.310,65.320,65.310,65.320,1538,323577
1512152400,65.310,65.320,65.310,65.320,1474,331271
1512152460,65.290,65.370,65.290,65.370,1472,331271
1512152520,65.290,65.370,65.290,65.370,1472,331271
1512152580,65.300,65.310,65.300,65.310,1472,331271
1512152640,65.320,65.320,65.310,65.320,1472,331271
1512152700,65.300,65.300,65.300,65.320,2634,338633
1512152760,65.320,65.340,65.320,65.340,2631,338633
1512152820,65.330,65.300,65.300,65.330,2631,338633
1512152880,65.300,65.330,65.300,65.330,2631,338633
1512152940,65.390,65.440,65.390,65.440,2631,338633
1512153000,65.420,65.420,65.420,65.420,1454,351791
1512153060,65.440,65.440,65.440,65.440,1451,351791
1512153120,65.440,65.460,65.440,65.460,1451,351791
1512153180,65.470,65.500,65.460,65.500,1451,351791
1512153240,65.470,65.500,65.460,65.500,1451,351791
1512153300,65.670,65.700,65.670,65.700,1566,359049
1512153360,65.650,65.590,65.590,65.650,1562,359049
1512153420,65.570,65.610,65.570,65.610,1562,359049
1512153480,65.570,65.610,65.570,65.610,1562,359049
1512153540,65.570,65.610,65.570,65.610,1562,359049
1512153600,65.680,65.680,65.680,65.680,863,366863
1512153660,65.680,65.680,65.680,65.680,859,366863
1512153720,65.660,65.670,65.660,65.670,859,366863
1512153780,65.620,65.570,65.570,65.620,859,366863
1512153840,65.620,65.570,65.570,65.620,859,366863
1512153900,65.560,65.550,65.550,65.560,1454,371162
1512153960,65.560,65.550,65.550,65.560,1452,371162
1512154020,65.460,65.460,65.460,65.460,1452,371162
1512154080,65.460,65.460,65.460,65.460,1452,371162
1512154140,65.560,65.580,65.560,65.580,1452,371162
1512154200,65.620,65.620,65.620,65.620,653,378424
1512154260,65.620,65.620,65.620,65.620,650,378424
1512154320,65.640,65.710,65.640,65.710,650,378424
1512154380,65.660,65.640,65.630,65.660,650,378424
1512154440,65.660,65.640,65.630,65.660,650,378424
1512154500,65.630,65.610,65.610,65.630,1476,381677
1512154560,65.630,65.610,65.610,65.630,1474,381677
1512154620,65.650,65.720,65.650,65.720,1474,381677
1512154680,65.690,65.690,65.690,65.690,1474,381677
1512154740,65.650,65.560,65.560,65.650,1474,381677
1512154800,65.580,65.580,65.580,65.580,557,389049
1512154860,65.600,65.600,65.600,65.600,555,389049
1512154920,65.670,65.670,65.670,65.670,555,389049
1512154980,65.660,65.650,65.650,65.660,555,389049
1512155040,65.660,65.650,65.650,65.660,555,389049
1512155100,65.640,65.580,65.580,65.640,1319,391826
1512155160,65.580,65.550,65.550,65.580,1317,391826
1512155220,65.580,65.550,65.550,65.580,1317,391826
1512155280,65.530,65.560,65.530,65.560,1317,391826
1512155340,65.640,65.640,65.640,65.640,1317,391826
1512155400,65.590,65.590,65.590,65.590,619,398413
1512155460,65.590,65.590,65.590,65.590,617,398413
1512155520,65.590,65.630,65.590,65.630,617,398413
1512155580,65.610,65.610,65.610,65.610,617,398413
1512155640,65.610,65.610,65.610,65.610,617,398413
1512155700,65.610,65.610,65.610,65.610,606,401500
1512155760,65.630,65.630,65.630,65.630,606,401500
1512155820,65.630,65.630,65.630,65.630,606,401500
1512155880,65.630,65.630,65.630,65.630,606,401500
1512155940,65.630,65.630,65.630,65.630,606,401500
1512156000,65.630,65.630,65.630,65.630,307,404530
1512156060,65.630,65.630,65.630,65.630,305,404530
1512156120,65.630,65.630,65.630,65.630,305,404530
1512156180,65.630,65.630,65.630,65.630,305,404530
1512156240,65.530,65.530,65.530,65.530,305,404530
1512156300,65.500,65.560,65.500,65.560,1419,406057
1512156360,65.500,65.560,65.500,65.560,1417,406057
1512156420,65.530,65.540,65.510,65.570,1417,406057
1512156480,65.510,65.540,65.510,65.540,1417,406057
1512156540,65.510,65.540,65.510,65.540,1417,406057
1512156600,65.510,65.540,65.510,65.540,569,413144
1512156660,65.510,65.540,65.510,65.540,565,413144
1512156720,65.510,65.540,65.510,65.540,565,413144
1512156780,65.520,65.520,65.520,65.520,565,413144
1512156840,65.500,65.480,65.480,65.500,565,413144
1512156900,65.500,65.500,65.500,65.500,986,415973
1512156960,65.490,65.460,65.460,65.490,982,415973
1512157020,65.490,65.460,65.460,65.490,982,415973
1512157080,65.560,65.530,65.530,65.560,982,415973
1512157140,65.560,65.530,65.530,65.560,982,415973
1512157200,65.560,65.530,65.530,65.560,792,420887
1512157260,65.470,65.470,65.440,65.470,791,420887
1512157320,65.470,65.470,65.440,65.470,791,420887
1512157380,65.470,65.470,65.440,65.470,791,420887
1512157440,65.470,65.470,65.440,65.470,791,420887
1512157500,65.390,65.420,65.390,65.420,1194,424843
1512157560,65.390,65.420,65.390,65.420,1192,424843
1512157620,65.390,65.420,65.390,65.420,1192,424843
1512157680,65.320,65.330,65.320,65.330,1192,424843
1512157740,65.370,65.330,65.330,65.370,1192,424843
1512157800,65.370,65.330,65.330,65.370,422,430805
1512157860,65.370,65.330,65.330,65.370,418,430805
1512157920,65.410,65.410,65.410,65.410,418,430805
1512157980,65.400,65.400,65.400,65.400,418,430805
1512158040,65.350,65.350,65.350,65.350,418,430805
1512158100,65.370,65.320,65.320,65.370,1786,432899
1512158160,65.370,65.370,65.370,65.370,1782,432899
1512158220,65.320,65.290,65.280,65.320,1782,432899
1512158280,65.330,65.330,65.330,65.330,1782,432899
1512158340,65.300,65.320,65.300,65.340,1782,432899
1512158400,65.280,65.310,65.260,65.310,2449,441813
1512158460,65.280,65.310,65.260,65.310,2446,441813
1512158520,65.290,65.310,65.290,65.310,2446,441813
1512158580,65.330,65.310,65.310,65.330,2446,441813
1512158640,65.300,65.310,65.300,65.310,2446,441813
1512158700,65.350,65.310,65.310,65.350,1432,454046
1512158760,65.350,65.310,65.310,65.350,1432,454046
1512158820,65.320,65.320,65.320,65.320,1432,454046
1512158880,65.320,65.320,65.320,65.320,1432,454046
1512158940,65.330,65.330,65.330,65.330,1432,454046
1512159000,65.330,65.310,65.310,65.330,863,461206
1512159060,65.290,65.290,65.290,65.290,861,461206
1512159120,65.310,65.310,65.310,65.310,861,461206
1512159180,65.310,65.310,65.310,65.310,861,461206
1512159240,65.310,65.310,65.310,65.310,861,461206
1512159300,65.300,65.300,65.300,65.300,4097,465513
1512159360,65.300,65.360,65.300,65.360,4095,465513
1512159420,65.350,65.350,65.350,65.350,4095,465513
1512159480,65.370,65.340,65.340,65.370,4095,465513
1512159540,65.300,65.300,65.300,65.350,4095,465513
1512159600,65.300,65.300,65.300,65.300,1769,485990
1512159660,65.300,65.300,65.300,65.300,1766,485990
1512159720,65.290,65.310,65.290,65.310,1766,485990
1512159780,65.290,65.300,65.290,65.300,1766,485990
1512159840,65.300,65.300,65.300,65.300,1766,485990
1512159900,65.320,65.310,65.310,65.320,2049,494823
1512159960,65.300,65.290,65.290,65.300,2047,494823
1512160020,65.300,65.300,65.300,65.300,2047,494823
1512160080,65.330,65.330,65.330,65.330,2047,494823
1512160140,65.350,65.320,65.320,65.350,2047,494823
1512160200,65.320,65.340,65.310,65.340,1414,505060
1512160260,65.370,65.340,65.340,65.370,1411,505060
1512160320,65.360,65.360,65.360,65.360,1411,505060
1512160380,65.370,65.380,65.370,65.380,1411,505060
1512160440,65.380,65.400,65.380,65.400,1411,505060
1512160500,65.390,65.410,65.390,65.410,2917,512118
1512160560,65.410,65.410,65.410,65.410,2917,512118
1512160620,65.410,65.390,65.390,65.410,2917,512118
1512160680,65.400,65.410,65.400,65.410,2917,512118
1512160740,65.390,65.390,65.370,65.390,2917,512118
1512160800,65.420,65.460,65.420,65.460,2611,526703
1512160860,65.480,65.460,65.460,65.480,2607,526703
1512160920,65.460,65.460,65.460,65.460,2607,526703
1512160980,65.430,65.440,65.430,65.440,2607,526703
1512161040,65.430,65.440,65.430,65.440,2607,526703
1512161100,65.470,65.470,65.450,65.480,4480,539742
1512161160,65.470,65.440,65.430,65.470,4477,539742
1512161220,65.450,65.430,65.430,65.460,4477,539742
1512161280,65.430,65.420,65.420,65.430,4477,539742
1512161340,65.440,65.440,65.430,65.440,4477,539742
1512161400,65.460,65.480,65.440,65.480,3804,562130
1512161460,65.500,65.550,65.500,65.550,3801,562130
1512161520,65.540,65.500,65.500,65.540,3801,562130
1512161580,65.500,65.500,65.490,65.500,3801,562130
1512161640,65.480,65.480,65.470,65.490,3801,562130
1512161700,65.490,65.520,65.490,65.530,6720,581138
1512161760,65.510,65.500,65.500,65.530,6717,581138
1512161820,65.500,65.460,65.450,65.500,6717,581138
1512161880,65.460,65.420,65.420,65.460,6717,581138
1512161940,65.430,65.460,65.430,65.460,6717,581138
1512397860,66.460,66.460,66.460,66.460,0,0
1512397920,66.460,66.460,66.460,66.460,0,0
1512397980,66.230,66.230,66.230,66.230,0,0
1512398040,66.120,66.120,66.120,66.120,0,0
1512398100,66.290,66.290,66.290,66.290,1234,14011
1512398160,66.390,66.390,66.390,66.390,1233,14011
1512398220,66.380,66.380,66.380,66.380,1233,14011
1512398280,66.380,66.380,66.380,66.380,1233,14011
1512398340,66.380,66.260,66.260,66.380,1233,14011
1512398400,66.210,66.290,66.210,66.330,2146,20177
1512398460,66.300,66.300,66.300,66.300,2144,20177
1512398520,66.450,66.440,66.440,66.450,2144,20177
1512398580,66.360,66.320,66.320,66.360,2144,20177
1512398640,66.360,66.320,66.320,66.360,2144,20177
1512398700,66.350,66.490,66.350,66.490,5724,30899
1512398760,66.480,66.390,66.390,66.480,5724,30899
1512398820,66.360,66.390,66.360,66.390,5724,30899
1512398880,66.470,66.980,66.470,66.980,5724,30899
1512398940,67.050,66.880,66.880,67.050,5724,30899
1512399000,66.840,66.820,66.820,66.840,1330,59519
1512399060,66.780,66.780,66.780,66.780,1326,59519
1512399120,66.780,66.780,66.780,66.780,1326,59519
1512399180,66.800,66.860,66.800,66.860,1326,59519
1512399240,66.820,66.820,66.820,66.820,1326,59519
1512399300,66.910,66.940,66.910,66.940,1601,66153
1512399360,66.960,66.960,66.960,66.960,1599,66153
1512399420,66.960,66.960,66.960,66.960,1599,66153
1512399480,66.950,66.810,66.810,66.950,1599,66153
1512399540,66.800,66.760,66.760,66.800,1599,66153
1512399600,66.780,66.800,66.760,66.800,4046,74150
1512399660,66.930,66.980,66.930,66.980,4042,74150
1512399720,67.100,67.240,67.100,67.240,4042,74150
1512399780,67.260,67.420,67.250,67.420,4042,74150
1512399840,67.500,67.500,67.500,67.500,4042,74150
1512399900,67.540,67.520,67.450,67.540,2343,94364
1512399960,67.490,67.490,67.490,67.490,2341,94364
1512400020,67.440,67.430,67.430,67.440,2341,94364
1512400080,67.400,67.340,67.340,67.400,2341,94364
1512400140,67.330,67.310,67.310,67.350,2341,94364
1512400200,67.280,67.270,67.270,67.280,1468,106071
1512400260,67.280,67.270,67.270,67.280,1466,106071
1512400320,67.150,67.150,67.120,67.150,1466,106071
1512400380,67.140,67.190,67.140,67.190,1466,106071
1512400440,67.220,67.220,67.220,67.220,1466,106071
1512400500,67.220,67.220,67.220,67.220,1599,113403
1512400560,67.370,67.370,67.370,67.370,1596,113403
1512400620,67.310,67.310,67.310,67.310,1596,113403
1512400680,67.300,67.300,67.260,67.300,1596,113403
1512400740,67.300,67.300,67.260,67.300,1596,113403
1512400800,67.240,67.300,67.170,67.300,3429,121386
1512400860,67.200,67.200,67.170,67.200,3427,121386
1512400920,67.190,67.260,67.190,67.280,3427,121386
1512400980,67.220,67.360,67.210,67.360,3427,121386
1512401040,67.390,67.400,67.390,67.400,3427,121386
1512401100,67.420,67.420,67.420,67.420,6025,138523
1512401160,67.380,67.400,67.380,67.400,6025,138523
1512401220,67.420,67.370,67.330,67.420,6025,138523
1512401280,67.350,67.400,67.350,67.400,6025,138523
1512401340,67.360,67.420,67.360,67.420,6025,138523
1512401400,67.390,67.390,67.390,67.420,2149,168648
1512401460,67.380,67.450,67.380,67.450,2148,168648
1512401520,67.380,67.450,67.380,67.450,2148,168648
1512401580,67.490,67.440,67.440,67.490,2148,168648
1512401640,67.390,67.430,67.390,67.430,2148,168648
1512401700,67.480,67.470,67.470,67.480,1184,179389
1512401760,67.480,67.480,67.480,67.480,1181,179389
1512401820,67.450,67.450,67.450,67.450,1181,179389
1512401880,67.450,67.450,67.450,67.450,1181,179389
1512401940,67.460,67.460,67.460,67.460,1181,179389
1512402000,67.460,67.460,67.460,67.460,2104,185297
1512402060,67.460,67.460,67.460,67.460,2100,185297
1512402120,67.400,67.340,67.340,67.400,2100,185297
1512402180,67.370,67.180,67.180,67.400,2100,185297
1512402240,67.120,67.190,67.120,67.190,2100,185297
1512402300,67.180,67.180,67.160,67.180,2265,195801
1512402360,67.180,67.180,67.160,67.180,2263,195801
1512402420,67.120,67.270,67.120,67.270,2263,195801
1512402480,67.230,67.230,67.220,67.260,2263,195801
1512402540,67.300,67.190,67.190,67.300,2263,195801
1512402600,67.180,67.180,67.180,67.180,1981,207118
1512402660,67.090,67.050,67.050,67.090,1979,207118
1512402720,67.050,67.080,66.980,67.080,1979,207118
1512402780,66.980,66.980,66.980,66.980,1979,207118
1512402840,66.960,66.960,66.960,66.960,1979,207118
1512402900,66.960,66.960,66.960,66.960,3023,217015
1512402960,66.960,66.960,66.960,66.960,3021,217015
1512403020,66.960,66.960,66.960,66.960,3021,217015
1512403080,67.000,67.150,66.980,67.150,3021,217015
1512403140,67.070,67.070,67.070,67.070,3021,217015
1512403200,67.070,67.070,67.070,67.070,1657,232122
1512403260,67.070,67.070,67.070,67.070,1655,232122
1512403320,66.960,67.020,66.870,67.020,1655,232122
1512403380,66.960,67.020,66.870,67.020,1655,232122
1512403440,67.020,67.040,67.020,67.040,1655,232122
1512403500,67.010,67.010,67.010,67.010,981,240399
1512403560,67.020,67.020,67.020,67.020,979,240399
1512403620,67.020,67.020,67.020,67.020,979,240399
1512403680,67.020,66.940,66.940,67.020,979,240399
1512403740,67.020,66.940,66.940,67.020,979,240399
1512403800,66.930,66.890,66.890,66.930,1178,245296
1512403860,66.850,66.910,66.850,66.920,1174,245296
1512403920,66.990,66.960,66.940,66.990,1174,245296
1512403980,66.990,66.960,66.940,66.990,1174,245296
1512404040,67.000,67.000,67.000,67.000,1174,245296
1512404100,67.030,67.070,67.030,67.070,752,251170
1512404160,67.060,67.060,67.060,67.060,751,251170
1512404220,67.060,67.060,67.060,67.060,751,251170
1512404280,67.060,67.060,67.060,67.060,751,251170
1512404340,67.060,67.060,67.060,67.060,751,251170
1512404400,67.120,67.120,67.120,67.120,1034,254926
1512404460,67.200,67.200,67.200,67.200,1030,254926
1512404520,67.200,67.200,67.200,67.200,1030,254926
1512404580,67.200,67.200,67.200,67.200,1030,254926
1512404640,67.190,67.190,67.190,67.190,1030,254926
1512404700,67.250,67.190,67.190,67.250,1591,260080
1512404760,67.250,67.190,67.190,67.250,1589,260080
1512404820,67.170,67.110,67.090,67.170,1589,260080
1512404880,67.210,67.250,67.210,67.250,1589,260080
1512404940,67.200,67.200,67.200,67.200,1589,260080
1512405000,67.290,67.290,67.290,67.290,747,268027
1512405060,67.290,67.290,67.290,67.290,745,268027
1512405120,67.300,67.350,67.300,67.390,745,268027
1512405180,67.300,67.350,67.300,67.390,745,268027
1512405240,67.300,67.350,67.300,67.390,745,268027
1512405300,67.400,67.400,67.400,67.400,1881,271754
1512405360,67.400,67.400,67.400,67.400,1881,271754
1512405420,67.400,67.430,67.400,67.430,1881,271754
1512405480,67.420,67.540,67.420,67.540,1881,271754
1512405540,67.580,67.550,67.540,67.580,1881,271754
1512405600,67.600,67.600,67.570,67.600,2492,281159
1512405660,67.560,67.560,67.560,67.560,2492,281159
1512405720,67.560,67.560,67.560,67.560,2492,281159
1512405780,67.600,67.650,67.600,67.650,2492,281159
1512405840,67.670,67.670,67.670,67.670,2492,281159
1512405900,67.690,67.600,67.600,67.690,1323,293619
1512405960,67.640,67.650,67.630,67.650,1323,293619
1512406020,67.600,67.600,67.600,67.600,1323,293619
1512406080,67.620,67.620,67.620,67.620,1323,293619
1512406140,67.620,67.620,67.620,67.620,1323,293619
1512406200,67.620,67.620,67.620,67.620,781,300234
1512406260,67.600,67.590,67.590,67.600,780,300234
1512406320,67.560,67.560,67.560,67.560,780,300234
1512406380,67.560,67.560,67.560,67.560,780,300234
1512406440,67.460,67.460,67.460,67.460,780,300234
1512406500,67.410,67.390,67.360,67.410,1311,304135
1512406560,67.410,67.390,67.360,67.410,1308,304135
1512406620,67.410,67.390,67.360,67.410,1308,304135
1512406680,67.430,67.400,67.400,67.480,1308,304135
1512406740,67.450,67.480,67.450,67.480,1308,304135
1512406800,67.410,67.420,67.410,67.420,1570,310678
1512406860,67.360,67.300,67.300,67.360,1570,310678
1512406920,67.260,67.260,67.260,67.260,1570,310678
1512406980,67.300,67.320,67.300,67.320,1570,310678
1512407040,67.300,67.320,67.300,67.320,1570,310678
1512407100,67.390,67.400,67.390,67.400,1204,318528
1512407160,67.390,67.400,67.390,67.400,1201,318528
1512407220,67.470,67.470,67.470,67.470,1201,318528
1512407280,67.460,67.390,67.390,67.460,1201,318528
1512407340,67.320,67.300,67.300,67.320,1201,318528
1512407400,67.250,67.250,67.250,67.250,456,324536
1512407460,67.250,67.250,67.250,67.250,454,324536
1512407520,67.250,67.250,67.250,67.250,454,324536
1512407580,67.310,67.290,67.290,67.310,454,324536
1512407640,67.300,67.300,67.300,67.300,454,324536
1512407700,67.280,67.270,67.270,67.280,663,326808
1512407760,67.280,67.290,67.280,67.290,659,326808
1512407820,67.280,67.290,67.280,67.290,659,326808
1512407880,67.250,67.220,67.200,67.250,659,326808
1512407940,67.250,67.220,67.200,67.250,659,326808
1512408000,67.140,67.150,67.140,67.150,768,330107
1512408060,67.190,67.100,67.100,67.190,768,330107
1512408120,67.190,67.100,67.100,67.190,768,330107
1512408180,67.190,67.100,67.100,67.190,768,330107
1512408240,67.190,67.100,67.100,67.190,768,330107
1512408300,67.190,67.100,67.100,67.190,969,333947
1512408360,67.110,67.110,67.110,67.110,968,333947
1512408420,67.040,67.010,67.010,67.040,968,333947
1512408480,66.980,66.980,66.980,66.980,968,333947
1512408540,67.070,67.040,67.040,67.070,968,333947
1512408600,67.080,66.960,66.960,67.080,1413,338788
1512408660,66.890,66.940,66.890,66.940,1413,338788
1512408720,66.880,67.060,66.880,67.060,1413,338788
1512408780,67.040,67.040,67.040,67.040,1413,338788
1512408840,67.000,67.000,67.000,67.000,1413,338788
1512408900,67.000,67.000,67.000,67.000,912,345853
1512408960,66.960,66.970,66.960,66.970,909,345853
1512409020,66.960,66.960,66.960,66.960,909,345853
1512409080,66.940,66.940,66.940,66.940,909,345853
1512409140,67.000,67.010,67.000,67.010,909,345853
1512409200,67.000,67.010,67.000,67.010,1186,350401
1512409260,67.050,67.090,67.050,67.120,1184,350401
1512409320,67.170,67.170,67.170,67.170,1184,350401
1512409380,67.140,67.150,67.140,67.150,1184,350401
1512409440,67.140,67.150,67.140,67.150,1184,350401
1512409500,67.180,67.240,67.170,67.240,1423,356323
1512409560,67.210,67.210,67.210,67.210,1421,356323
1512409620,67.220,67.160,67.160,67.220,1421,356323
1512409680,67.100,67.100,67.100,67.100,1421,356323
1512409740,67.100,67.100,67.100,67.100,1421,356323
1512409800,67.130,67.130,67.130,67.130,619,363430
1512409860,67.130,67.130,67.130,67.130,616,363430
1512409920,67.130,67.030,67.030,67.130,616,363430
1512409980,67.060,67.060,67.050,67.060,616,363430
1512410040,67.060,67.060,67.050,67.060,616,363430
1512410100,67.060,67.060,67.050,67.060,214,366513
1512410160,67.060,67.060,67.050,67.060,210,366513
1512410220,67.000,67.000,67.000,67.000,210,366513
1512410280,67.000,67.000,67.000,67.000,210,366513
1512410340,67.000,67.000,67.000,67.000,210,366513
1512410400,67.000,67.000,67.000,67.000,326,367567
1512410460,67.000,67.000,67.000,67.000,324,367567
1512410520,67.080,67.110,67.080,67.150,324,367567
1512410580,67.080,67.110,67.080,67.150,324,367567
1512410640,67.080,67.110,67.080,67.150,324,367567
1512410700,67.120,67.120,67.120,67.120,3570,369189
1512410760,67.130,67.140,67.130,67.140,3567,369189
1512410820,67.150,67.150,67.140,67.220,3567,369189
1512410880,67.140,67.200,67.140,67.200,3567,369189
1512410940,67.140,67.200,67.140,67.200,3567,369189
1512411000,67.140,67.180,67.140,67.180,289,387027
1512411060,67.140,67.180,67.140,67.180,289,387027
1512411120,67.200,67.200,67.200,67.200,289,387027
1512411180,67.210,67.210,67.210,67.210,289,387027
1512411240,67.210,67.210,67.210,67.210,289,387027
1512411300,67.210,67.210,67.210,67.210,1179,388472
1512411360,67.200,67.200,67.200,67.200,1179,388472
1512411420,67.220,67.220,67.220,67.220,1179,388472
1512411480,67.220,67.220,67.220,67.250,1179,388472
1512411540,67.220,67.220,67.220,67.250,1179,388472
1512411600,67.280,67.280,67.270,67.280,904,394367
1512411660,67.260,67.210,67.210,67.260,901,394367
1512411720,67.230,67.230,67.230,67.230,901,394367
1512411780,67.220,67.220,67.220,67.220,901,394367
1512411840,67.220,67.220,67.220,67.220,901,394367
1512411900,67.210,67.210,67.210,67.210,1409,398875
1512411960,67.180,67.180,67.180,67.180,1409,398875
1512412020,67.150,67.150,67.150,67.150,1409,398875
1512412080,67.120,67.120,67.120,67.120,1409,398875
1512412140,67.150,67.170,67.110,67.170,1409,398875
1512412200,67.150,67.180,67.150,67.180,178,405920
1512412260,67.150,67.180,67.150,67.180,178,405920
1512412320,67.210,67.210,67.210,67.210,178,405920
1512412380,67.210,67.210,67.210,67.210,178,405920
1512412440,67.210,67.210,67.210,67.210,178,405920
1512412500,67.200,67.200,67.200,67.200,902,406810
1512412560,67.230,67.220,67.220,67.230,898,406810
1512412620,67.230,67.220,67.220,67.230,898,406810
1512412680,67.210,67.210,67.210,67.210,898,406810
1512412740,67.200,67.230,67.200,67.230,898,406810
1512412800,67.200,67.230,67.200,67.230,584,411304
1512412860,67.250,67.210,67.210,67.250,584,411304
1512412920,67.290,67.290,67.290,67.290,584,411304
1512412980,67.290,67.290,67.290,67.290,584,411304
1512413040,67.230,67.200,67.200,67.230,584,411304
1512413100,67.210,67.210,67.210,67.210,314,414224
1512413160,67.210,67.210,67.210,67.210,312,414224
1512413220,67.210,67.210,67.210,67.210,312,414224
1512413280,67.230,67.230,67.230,67.230,312,414224
1512413340,67.230,67.230,67.230,67.230,312,414224
1512413400,67.240,67.240,67.240,67.240,604,415786
1512413460,67.260,67.260,67.260,67.260,604,415786
1512413520,67.250,67.250,67.250,67.250,604,415786
1512413580,67.240,67.240,67.240,67.240,604,415786
1512413640,67.270,67.290,67.270,67.290,604,415786
1512413700,67.270,67.270,67.270,67.290,702,418806
1512413760,67.240,67.240,67.240,67.240,701,418806
1512413820,67.240,67.240,67.240,67.240,701,418806
1512413880,67.230,67.150,67.130,67.230,701,418806
1512413940,67.230,67.150,67.130,67.230,701,418806
1512414000,67.150,67.150,67.150,67.150,1316,422312
1512414060,67.150,67.150,67.150,67.150,1313,422312
1512414120,67.100,67.150,67.100,67.150,1313,422312
1512414180,67.130,67.180,67.130,67.180,1313,422312
1512414240,67.130,67.180,67.130,67.180,1313,422312
1512414300,67.130,67.180,67.130,67.180,1910,428880
1512414360,67.150,67.140,67.140,67.150,1906,428880
1512414420,67.150,67.130,67.130,67.150,1906,428880
1512414480,67.140,67.150,67.140,67.160,1906,428880
1512414540,67.140,67.150,67.140,67.160,1906,428880
1512414600,67.140,67.150,67.140,67.160,1558,438414
1512414660,67.160,67.160,67.160,67.160,1554,438414
1512414720,67.170,67.160,67.150,67.170,1554,438414
1512414780,67.150,67.170,67.150,67.190,1554,438414
1512414840,67.150,67.150,67.150,67.150,1554,438414
1512414900,67.150,67.150,67.150,67.150,2657,446188
1512414960,67.140,67.150,67.140,67.150,2656,446188
1512415020,67.180,67.220,67.180,67.220,2656,446188
1512415080,67.150,67.150,67.150,67.150,2656,446188
1512415140,67.160,67.180,67.160,67.180,2656,446188
1512415200,67.160,67.180,67.160,67.180,2254,459469
1512415260,67.160,67.180,67.160,67.180,2254,459469
1512415320,67.160,67.180,67.160,67.180,2254,459469
1512415380,67.160,67.180,67.160,67.180,2254,459469
1512415440,67.140,67.150,67.140,67.160,2254,459469
1512415500,67.150,67.150,67.130,67.150,2950,470739
1512415560,67.140,67.140,67.140,67.150,2946,470739
1512415620,67.150,67.150,67.150,67.150,2946,470739
1512415680,67.150,67.150,67.150,67.150,2946,470739
1512415740,67.150,67.150,67.150,67.150,2946,470739
1512415800,67.130,67.080,67.080,67.130,1232,485473
1512415860,67.050,67.020,67.020,67.050,1228,485473
1512415920,66.980,66.980,66.980,67.010,1228,485473
1512415980,66.960,66.960,66.960,66.960,1228,485473
1512416040,66.880,66.920,66.880,66.920,1228,485473
1512416100,66.890,66.890,66.890,66.890,1240,491617
1512416160,66.900,66.900,66.900,66.900,1238,491617
1512416220,66.900,66.930,66.900,66.930,1238,491617
1512416280,66.890,66.890,66.890,66.890,1238,491617
1512416340,66.880,66.880,66.880,66.880,1238,491617
1512416400,66.890,66.860,66.830,66.890,2041,497809
1512416460,66.890,66.880,66.880,66.890,2038,497809
1512416520,66.830,66.870,66.830,66.870,2038,497809
1512416580,66.790,66.780,66.780,66.840,2038,497809
1512416640,66.830,66.830,66.830,66.830,2038,497809
1512416700,66.850,66.790,66.790,66.850,2222,508002
1512416760,66.840,66.700,66.700,66.840,2218,508002
1512416820,66.710,66.690,66.690,66.710,2218,508002
1512416880,66.660,66.670,66.660,66.670,2218,508002
1512416940,66.710,66.670,66.670,66.710,2218,508002
1512417000,66.670,66.670,66.670,66.670,2255,519096
1512417060,66.650,66.690,66.650,66.690,2251,519096
1512417120,66.690,66.710,66.690,66.730,2251,519096
1512417180,66.690,66.710,66.690,66.730,2251,519096
1512417240,66.680,66.710,66.680,66.710,2251,519096
1512417300,66.730,66.710,66.710,66.730,1215,530355
1512417360,66.730,66.710,66.710,66.730,1215,530355
1512417420,66.710,66.680,66.680,66.710,1215,530355
1512417480,66.700,66.760,66.700,66.760,1215,530355
1512417540,66.700,66.760,66.700,66.760,1215,530355
1512417600,66.750,66.750,66.750,66.750,1596,536430
1512417660,66.800,66.810,66.800,66.810,1593,536430
1512417720,66.820,66.810,66.790,66.820,1593,536430
1512417780,66.820,66.810,66.790,66.820,1593,536430
1512417840,66.780,66.860,66.780,66.860,1593,536430
1512417900,66.850,66.860,66.850,66.860,1471,544398
1512417960,66.880,66.880,66.880,66.880,1467,544398
1512418020,66.830,66.840,66.830,66.840,1467,544398
1512418080,66.890,66.890,66.890,66.890,1467,544398
1512418140,66.980,66.990,66.980,66.990,1467,544398
1512418200,66.960,67.000,66.960,67.000,1302,551737
1512418260,66.960,67.000,66.960,67.000,1298,551737
1512418320,66.990,66.940,66.940,67.010,1298,551737
1512418380,66.940,66.980,66.940,66.980,1298,551737
1512418440,66.940,66.980,66.940,66.980,1298,551737
1512418500,66.920,66.900,66.900,66.920,1533,558231
1512418560,66.900,66.890,66.890,66.900,1531,558231
1512418620,66.910,66.920,66.890,66.920,1531,558231
1512418680,66.910,66.920,66.890,66.920,1531,558231
1512418740,66.870,66.810,66.810,66.870,1531,558231
1512418800,66.830,66.820,66.820,66.830,1878,565888
1512418860,66.780,66.790,66.770,66.790,1877,565888
1512418920,66.770,66.770,66.770,66.770,1877,565888
1512418980,66.780,66.780,66.780,66.780,1877,565888
1512419040,66.790,66.880,66.790,66.900,1877,565888
1512419100,66.880,66.880,66.880,66.880,1278,575274
1512419160,66.850,66.840,66.840,66.850,1275,575274
1512419220,66.870,66.840,66.840,66.870,1275,575274
1512419280,66.870,66.840,66.840,66.870,1275,575274
1512419340,66.830,66.810,66.800,66.830,1275,575274
1512419400,66.810,66.820,66.810,66.860,2345,581652
1512419460,66.820,66.840,66.810,66.840,2341,581652
1512419520,66.800,66.750,66.750,66.800,2341,581652
1512419580,66.750,66.770,66.750,66.770,2341,581652
1512419640,66.690,66.700,66.690,66.710,2341,581652
1512419700,66.700,66.720,66.700,66.720,2300,593361
1512419760,66.670,66.650,66.650,66.670,2296,593361
1512419820,66.650,66.640,66.640,66.660,2296,593361
1512419880,66.690,66.660,66.660,66.690,2296,593361
1512419940,66.630,66.630,66.630,66.630,2296,593361
1512420000,66.580,66.600,66.580,66.620,5838,604845
1512420060,66.640,66.650,66.640,66.650,5836,604845
1512420120,66.560,66.610,66.560,66.610,5836,604845
1512420180,66.620,66.800,66.620,66.800,5836,604845
1512420240,66.810,66.900,66.810,66.900,5836,604845
1512420300,66.940,66.900,66.900,66.960,7741,634027
1512420360,66.860,66.830,66.820,66.860,7740,634027
1512420420,66.840,66.830,66.780,66.840,7740,634027
1512420480,66.770,66.760,66.760,66.850,7740,634027
1512420540,66.710,66.720,66.700,66.740,7740,634027
1512420600,66.730,66.720,66.720,66.740,4992,672728
1512420660,66.740,66.770,66.740,66.770,4989,672728
1512420720,66.750,66.730,66.730,66.760,4989,672728
1512420780,66.720,66.720,66.680,66.720,4989,672728
1512420840,66.710,66.670,66.670,66.720,4989,672728
1512420900,66.690,66.700,66.690,66.720,78857,697676
1512420960,66.710,66.740,66.710,66.750,78855,697676
1512421020,66.750,66.720,66.700,66.750,78855,697676
1512421080,66.710,66.720,66.690,66.720,78855,697676
1512421140,66.710,66.690,66.690,66.720,78855,697676
1512484260,66.800,66.790,66.790,66.800,0,0
1512484320,66.620,66.450,66.450,66.620,0,0
1512484380,66.500,66.730,66.500,66.730,0,0
1512484440,66.790,66.710,66.710,66.790,0,0
1512484500,66.790,66.710,66.710,66.790,667,15777
1512484560,66.740,66.740,66.740,66.740,665,15777
1512484620,66.420,66.740,66.420,66.740,665,15777
1512484680,66.570,66.570,66.570,66.570,665,15777
1512484740,66.570,66.570,66.570,66.570,665,15777
1512484800,66.500,66.610,66.500,66.610,4342,19104
1512484860,66.520,66.420,66.390,66.520,4338,19104
1512484920,66.340,66.350,66.340,66.350,4338,19104
1512484980,66.150,66.260,66.150,66.260,4338,19104
1512485040,66.320,66.450,66.320,66.450,4338,19104
1512485100,66.480,66.450,66.420,66.480,1101,40798
1512485160,66.510,66.420,66.420,66.510,1098,40798
1512485220,66.510,66.420,66.420,66.510,1098,40798
1512485280,66.230,66.320,66.230,66.320,1098,40798
1512485340,66.380,66.380,66.380,66.380,1098,40798
1512485400,66.410,66.400,66.400,66.410,1400,46291
1512485460,66.420,66.360,66.360,66.490,1397,46291
1512485520,66.390,66.410,66.390,66.410,1397,46291
1512485580,66.340,66.340,66.340,66.340,1397,46291
1512485640,66.320,66.270,66.270,66.320,1397,46291
1512485700,66.280,66.280,66.280,66.280,1826,53279
1512485760,66.360,66.340,66.340,66.360,1823,53279
1512485820,66.380,66.380,66.380,66.380,1823,53279
1512485880,66.420,66.330,66.330,66.420,1823,53279
1512485940,66.310,66.280,66.280,66.310,1823,53279
1512486000,66.340,66.340,66.340,66.400,1325,62397
1512486060,66.400,66.410,66.380,66.410,1321,62397
1512486120,66.400,66.410,66.380,66.410,1321,62397
1512486180,66.400,66.410,66.380,66.410,1321,62397
1512486240,66.350,66.350,66.350,66.350,1321,62397
1512486300,66.330,66.330,66.330,66.330,1624,69006
1512486360,66.310,66.300,66.300,66.310,1623,69006
1512486420,66.310,66.310,66.300,66.310,1623,69006
1512486480,66.300,66.300,66.300,66.300,1623,69006
1512486540,66.280,66.300,66.270,66.300,1623,69006
1512486600,66.380,66.350,66.350,66.380,1345,77122
1512486660,66.350,66.380,66.350,66.380,1344,77122
1512486720,66.410,66.400,66.400,66.410,1344,77122
1512486780,66.420,66.360,66.360,66.420,1344,77122
1512486840,66.320,66.380,66.320,66.380,1344,77122
1512486900,66.460,66.380,66.380,66.460,1581,83843
1512486960,66.390,66.390,66.390,66.390,1580,83843
1512487020,66.310,66.340,66.310,66.340,1580,83843
1512487080,66.350,66.350,66.350,66.350,1580,83843
1512487140,66.360,66.430,66.360,66.430,1580,83843
1512487200,66.440,66.460,66.440,66.460,445,91744
1512487260,66.440,66.460,66.440,66.460,441,91744
1512487320,66.420,66.440,66.420,66.440,441,91744
1512487380,66.470,66.470,66.470,66.470,441,91744
1512487440,66.470,66.470,66.470,66.470,441,91744
1512487500,66.400,66.390,66.370,66.400,2467,93953
1512487560,66.370,66.340,66.300,66.370,2466,93953
1512487620,66.320,66.320,66.320,66.320,2466,93953
1512487680,66.300,66.390,66.300,66.390,2466,93953
1512487740,66.390,66.400,66.390,66.400,2466,93953
1512487800,66.380,66.420,66.380,66.420,1944,106284
1512487860,66.420,66.440,66.400,66.440,1941,106284
1512487920,66.480,66.480,66.480,66.480,1941,106284
1512487980,66.460,66.460,66.430,66.460,1941,106284
1512488040,66.460,66.460,66.430,66.460,1941,106284
1512488100,66.510,66.580,66.500,66.580,2091,115992
1512488160,66.530,66.510,66.510,66.590,2088,115992
1512488220,66.530,66.510,66.510,66.590,2088,115992
1512488280,66.530,66.510,66.510,66.590,2088,115992
1512488340,66.420,66.440,66.410,66.440,2088,115992
1512488400,66.440,66.440,66.440,66.440,694,126435
1512488460,66.440,66.440,66.440,66.440,690,126435
1512488520,66.440,66.440,66.440,66.440,690,126435
1512488580,66.440,66.440,66.440,66.440,690,126435
1512488640,66.580,66.580,66.580,66.580,690,126435
1512488700,66.580,66.580,66.580,66.580,631,129889
1512488760,66.580,66.580,66.580,66.580,630,129889
1512488820,66.510,66.510,66.510,66.510,630,129889
1512488880,66.510,66.500,66.460,66.510,630,129889
1512488940,66.480,66.470,66.470,66.480,630,129889
1512489000,66.510,66.480,66.480,66.510,789,133040
1512489060,66.510,66.480,66.480,66.510,785,133040
1512489120,66.440,66.400,66.400,66.440,785,133040
1512489180,66.440,66.400,66.400,66.440,785,133040
1512489240,66.350,66.400,66.350,66.400,785,133040
1512489300,66.350,66.400,66.350,66.400,820,136969
1512489360,66.420,66.420,66.420,66.420,817,136969
1512489420,66.420,66.420,66.420,66.420,817,136969
1512489480,66.450,66.470,66.450,66.470,817,136969
1512489540,66.560,66.500,66.500,66.560,817,136969
1512489600,66.530,66.530,66.530,66.530,2306,141057
1512489660,66.660,66.630,66.630,66.660,2303,141057
1512489720,66.560,66.580,66.560,66.590,2303,141057
1512489780,66.570,66.570,66.570,66.570,2303,141057
1512489840,66.560,66.570,66.560,66.570,2303,141057
1512489900,66.580,66.560,66.560,66.600,441,152575
1512489960,66.580,66.560,66.560,66.600,441,152575
1512490020,66.520,66.520,66.520,66.520,441,152575
1512490080,66.550,66.550,66.550,66.550,441,152575
1512490140,66.570,66.550,66.550,66.570,441,152575
1512490200,66.570,66.550,66.550,66.570,1132,154780
1512490260,66.550,66.530,66.530,66.550,1129,154780
1512490320,66.540,66.540,66.530,66.540,1129,154780
1512490380,66.470,66.430,66.430,66.470,1129,154780
1512490440,66.470,66.430,66.430,66.470,1129,154780
1512490500,66.400,66.430,66.400,66.430,1665,160428
1512490560,66.500,66.560,66.500,66.560,1661,160428
1512490620,66.520,66.520,66.520,66.520,1661,160428
1512490680,66.520,66.520,66.520,66.520,1661,160428
1512490740,66.540,66.550,66.540,66.550,1661,160428
1512490800,66.540,66.550,66.540,66.550,1778,168737
1512490860,66.600,66.600,66.600,66.600,1774,168737
1512490920,66.580,66.590,66.580,66.620,1774,168737
1512490980,66.540,66.540,66.540,66.540,1774,168737
1512491040,66.470,66.470,66.470,66.470,1774,168737
1512491100,66.460,66.480,66.440,66.480,519,177611
1512491160,66.420,66.390,66.390,66.420,515,177611
1512491220,66.390,66.390,66.390,66.390,515,177611
1512491280,66.430,66.430,66.430,66.430,515,177611
1512491340,66.430,66.430,66.430,66.430,515,177611
1512491400,66.430,66.430,66.430,66.430,871,180190
1512491460,66.450,66.450,66.450,66.450,869,180190
1512491520,66.450,66.430,66.390,66.450,869,180190
1512491580,66.450,66.450,66.450,66.450,869,180190
1512491640,66.450,66.410,66.410,66.450,869,180190
1512491700,66.460,66.450,66.450,66.460,1409,184537
1512491760,66.450,66.480,66.450,66.480,1407,184537
1512491820,66.510,66.490,66.490,66.510,1407,184537
1512491880,66.500,66.540,66.500,66.540,1407,184537
1512491940,66.530,66.530,66.530,66.530,1407,184537
1512492000,66.500,66.500,66.500,66.500,507,191574
1512492060,66.520,66.520,66.520,66.520,505,191574
1512492120,66.490,66.490,66.490,66.490,505,191574
1512492180,66.500,66.500,66.500,66.500,505,191574
1512492240,66.470,66.470,66.470,66.470,505,191574
1512492300,66.450,66.440,66.440,66.450,1396,194101
1512492360,66.430,66.440,66.430,66.470,1393,194101
1512492420,66.450,66.450,66.450,66.450,1393,194101
1512492480,66.450,66.450,66.450,66.450,1393,194101
1512492540,66.470,66.480,66.470,66.500,1393,194101
1512492600,66.470,66.440,66.440,66.510,2546,201069
1512492660,66.440,66.490,66.440,66.490,2546,201069
1512492720,66.440,66.490,66.440,66.490,2546,201069
1512492780,66.460,66.460,66.460,66.460,2546,201069
1512492840,66.490,66.490,66.490,66.490,2546,201069
1512492900,66.530,66.530,66.530,66.530,396,213799
1512492960,66.550,66.530,66.530,66.550,393,213799
1512493020,66.540,66.540,66.540,66.540,393,213799
1512493080,66.570,66.570,66.570,66.570,393,213799
1512493140,66.570,66.570,66.570,66.570,393,213799
1512493200,66.570,66.570,66.570,66.570,2165,215767
1512493260,66.540,66.470,66.460,66.540,2163,215767
1512493320,66.540,66.470,66.460,66.540,2163,215767
1512493380,66.480,66.470,66.470,66.480,2163,215767
1512493440,66.480,66.460,66.460,66.480,2163,215767
1512493500,66.440,66.440,66.440,66.450,1845,226584
1512493560,66.450,66.440,66.440,66.460,1842,226584
1512493620,66.450,66.450,66.450,66.450,1842,226584
1512493680,66.440,66.430,66.410,66.450,1842,226584
1512493740,66.450,66.450,66.450,66.450,1842,226584
1512493800,66.440,66.470,66.440,66.470,965,235797
1512493860,66.470,66.470,66.470,66.470,964,235797
1512493920,66.470,66.470,66.470,66.470,964,235797
1512493980,66.470,66.470,66.470,66.470,964,235797
1512494040,66.470,66.470,66.470,66.470,964,235797
1512494100,66.470,66.470,66.470,66.470,964,240618
1512494160,66.450,66.450,66.450,66.450,960,240618
1512494220,66.450,66.450,66.450,66.450,960,240618
1512494280,66.450,66.540,66.450,66.540,960,240618
1512494340,66.550,66.550,66.550,66.550,960,240618
1512494400,66.510,66.490,66.490,66.510,828,245422
1512494460,66.470,66.470,66.470,66.470,825,245422
1512494520,66.480,66.530,66.480,66.530,825,245422
1512494580,66.510,66.510,66.510,66.510,825,245422
1512494640,66.500,66.500,66.500,66.500,825,245422
1512494700,66.510,66.530,66.510,66.530,829,249550
1512494760,66.530,66.540,66.530,66.540,825,249550
1512494820,66.530,66.540,66.530,66.540,825,249550
1512494880,66.550,66.500,66.500,66.550,825,249550
1512494940,66.550,66.500,66.500,66.550,825,249550
1512495000,66.550,66.550,66.550,66.550,999,253679
1512495060,66.550,66.550,66.550,66.570,995,253679
1512495120,66.550,66.550,66.550,66.570,995,253679
1512495180,66.550,66.550,66.550,66.570,995,253679
1512495240,66.560,66.630,66.560,66.630,995,253679
1512495300,66.600,66.650,66.600,66.660,598,258658
1512495360,66.560,66.560,66.560,66.560,594,258658
1512495420,66.560,66.560,66.560,66.560,594,258658
1512495480,66.620,66.620,66.620,66.620,594,258658
1512495540,66.590,66.590,66.590,66.590,594,258658
1512495600,66.550,66.550,66.530,66.550,881,261632
1512495660,66.530,66.530,66.530,66.530,880,261632
1512495720,66.530,66.530,66.530,66.530,880,261632
1512495780,66.550,66.540,66.540,66.550,880,261632
1512495840,66.550,66.540,66.540,66.550,880,261632
1512495900,66.550,66.540,66.540,66.550,887,266033
1512495960,66.480,66.480,66.480,66.480,886,266033
1512496020,66.440,66.440,66.440,66.440,886,266033
1512496080,66.440,66.540,66.440,66.540,886,266033
1512496140,66.440,66.540,66.440,66.540,886,266033
1512496200,66.490,66.490,66.490,66.490,928,270464
1512496260,66.500,66.520,66.500,66.520,926,270464
1512496320,66.530,66.550,66.530,66.550,926,270464
1512496380,66.530,66.550,66.530,66.550,926,270464
1512496440,66.560,66.580,66.560,66.580,926,270464
1512496500,66.560,66.580,66.560,66.580,596,275096
1512496560,66.640,66.590,66.590,66.640,594,275096
1512496620,66.640,66.590,66.590,66.640,594,275096
1512496680,66.640,66.590,66.590,66.640,594,275096
1512496740,66.600,66.580,66.580,66.600,594,275096
1512496800,66.600,66.580,66.580,66.600,1255,278068
1512496860,66.600,66.580,66.580,66.600,1253,278068
1512496920,66.640,66.640,66.640,66.640,1253,278068
1512496980,66.780,66.780,66.780,66.780,1253,278068
1512497040,66.750,66.750,66.750,66.750,1253,278068
1512497100,66.750,66.720,66.720,66.750,715,284335
1512497160,66.770,66.810,66.770,66.810,713,284335
1512497220,66.770,66.810,66.770,66.810,713,284335
1512497280,66.770,66.810,66.770,66.810,713,284335
1512497340,66.720,66.720,66.720,66.720,713,284335
1512497400,66.680,66.680,66.680,66.680,352,287902
1512497460,66.680,66.680,66.680,66.680,349,287902
1512497520,66.680,66.680,66.680,66.680,349,287902
1512497580,66.680,66.680,66.680,66.680,349,287902
1512497640,66.710,66.660,66.660,66.710,349,287902
1512497700,66.690,66.730,66.680,66.730,1731,289650
1512497760,66.780,66.790,66.780,66.790,1730,289650
1512497820,66.790,66.800,66.790,66.800,1730,289650
1512497880,66.840,66.860,66.840,66.860,1730,289650
1512497940,66.880,66.880,66.880,66.880,1730,289650
1512498000,66.840,66.840,66.840,66.840,338,298301
1512498060,66.840,66.840,66.840,66.840,335,298301
1512498120,66.840,66.840,66.840,66.840,335,298301
1512498180,66.870,66.870,66.870,66.870,335,298301
1512498240,66.870,66.870,66.870,66.870,335,298301
1512498300,66.820,66.800,66.800,66.820,835,299979
1512498360,66.820,66.800,66.800,66.820,834,299979
1512498420,66.740,66.740,66.740,66.740,834,299979
1512498480,66.750,66.760,66.730,66.760,834,299979
1512498540,66.750,66.760,66.730,66.760,834,299979
1512498600,66.750,66.760,66.730,66.760,401,304150
1512498660,66.760,66.760,66.760,66.760,399,304150
1512498720,66.760,66.740,66.740,66.760,399,304150
1512498780,66.760,66.740,66.740,66.760,399,304150
1512498840,66.760,66.740,66.740,66.760,399,304150
1512498900,66.750,66.790,66.750,66.790,1215,306147
1512498960,66.800,66.800,66.800,66.800,1213,306147
1512499020,66.800,66.800,66.800,66.800,1213,306147
1512499080,66.750,66.700,66.700,66.750,1213,306147
1512499140,66.730,66.730,66.730,66.730,1213,306147
1512499200,66.730,66.730,66.730,66.730,470,312214
1512499260,66.700,66.700,66.700,66.700,466,312214
1512499320,66.650,66.650,66.650,66.650,466,312214
1512499380,66.650,66.640,66.640,66.650,466,312214
1512499440,66.650,66.640,66.640,66.650,466,312214
1512499500,66.620,66.600,66.600,66.620,1005,314548
1512499560,66.580,66.590,66.540,66.590,1003,314548
1512499620,66.580,66.590,66.540,66.590,1003,314548
1512499680,66.570,66.580,66.560,66.580,1003,314548
1512499740,66.570,66.580,66.560,66.580,1003,314548
1512499800,66.600,66.600,66.600,66.600,793,319565
1512499860,66.610,66.610,66.610,66.610,789,319565
1512499920,66.610,66.610,66.610,66.610,789,319565
1512499980,66.610,66.610,66.610,66.610,789,319565
1512500040,66.550,66.550,66.550,66.550,789,319565
1512500100,66.540,66.570,66.540,66.590,1783,323514
1512500160,66.580,66.560,66.560,66.580,1780,323514
1512500220,66.590,66.660,66.590,66.660,1780,323514
1512500280,66.590,66.660,66.590,66.660,1780,323514
1512500340,66.610,66.610,66.610,66.610,1780,323514
1512500400,66.600,66.600,66.600,66.600,910,332417
1512500460,66.590,66.590,66.590,66.590,910,332417
1512500520,66.590,66.590,66.590,66.590,910,332417
1512500580,66.620,66.620,66.610,66.620,910,332417
1512500640,66.620,66.620,66.610,66.620,910,332417
1512500700,66.670,66.700,66.670,66.700,1150,336967
1512500760,66.730,66.730,66.730,66.730,1150,336967
1512500820,66.740,66.740,66.730,66.740,1150,336967
1512500880,66.710,66.730,66.710,66.730,1150,336967
1512500940,66.720,66.720,66.720,66.720,1150,336967
1512501000,66.710,66.700,66.700,66.710,820,342717
1512501060,66.710,66.700,66.700,66.710,820,342717
1512501120,66.710,66.710,66.710,66.710,820,342717
1512501180,66.680,66.600,66.600,66.680,820,342717
1512501240,66.610,66.610,66.610,66.610,820,342717
1512501300,66.660,66.650,66.650,66.660,1789,346817
1512501360,66.670,66.670,66.670,66.670,1786,346817
1512501420,66.630,66.600,66.600,66.630,1786,346817
1512501480,66.680,66.650,66.650,66.680,1786,346817
1512501540,66.610,66.600,66.600,66.610,1786,346817
1512501600,66.590,66.590,66.590,66.590,1342,355750
1512501660,66.540,66.570,66.520,66.570,1338,355750
1512501720,66.540,66.570,66.520,66.570,1338,355750
1512501780,66.560,66.560,66.560,66.560,1338,355750
1512501840,66.580,66.620,66.580,66.620,1338,355750
1512501900,66.610,66.610,66.610,66.610,743,362444
1512501960,66.570,66.600,66.570,66.600,742,362444
1512502020,66.610,66.590,66.590,66.610,742,362444
1512502080,66.610,66.610,66.610,66.610,742,362444
1512502140,66.600,66.620,66.600,66.630,742,362444
1512502200,66.600,66.590,66.590,66.640,2370,366155
1512502260,66.600,66.620,66.600,66.620,2366,366155
1512502320,66.580,66.580,66.580,66.580,2366,366155
1512502380,66.570,66.530,66.530,66.570,2366,366155
1512502440,66.530,66.530,66.530,66.530,2366,366155
1512502500,66.530,66.530,66.530,66.530,1598,377989
1512502560,66.530,66.530,66.530,66.530,1596,377989
1512502620,66.530,66.510,66.500,66.530,1596,377989
1512502680,66.510,66.450,66.450,66.520,1596,377989
1512502740,66.410,66.430,66.410,66.430,1596,377989
1512502800,66.410,66.490,66.410,66.490,2212,385971
1512502860,66.410,66.490,66.410,66.490,2211,385971
1512502920,66.450,66.450,66.450,66.450,2211,385971
1512502980,66.450,66.450,66.450,66.450,2211,385971
1512503040,66.470,66.470,66.470,66.470,2211,385971
1512503100,66.510,66.510,66.510,66.510,932,397027
1512503160,66.510,66.510,66.510,66.510,930,397027
1512503220,66.440,66.460,66.440,66.460,930,397027
1512503280,66.450,66.450,66.450,66.450,930,397027
1512503340,66.420,66.450,66.420,66.450,930,397027
1512503400,66.450,66.450,66.450,66.450,1722,401679
1512503460,66.480,66.480,66.480,66.480,1718,401679
1512503520,66.480,66.480,66.480,66.480,1718,401679
1512503580,66.480,66.480,66.480,66.480,1718,401679
1512503640,66.450,66.470,66.450,66.470,1718,401679
1512503700,66.460,66.450,66.430,66.460,3810,410273
1512503760,66.430,66.470,66.430,66.470,3806,410273
1512503820,66.480,66.490,66.480,66.520,3806,410273
1512503880,66.480,66.490,66.480,66.520,3806,410273
1512503940,66.460,66.460,66.460,66.460,3806,410273
1512504000,66.450,66.440,66.440,66.450,3199,429307
1512504060,66.450,66.450,66.450,66.460,3196,429307
1512504120,66.450,66.460,66.450,66.460,3196,429307
1512504180,66.470,66.470,66.470,66.470,3196,429307
1512504240,66.450,66.400,66.400,66.470,3196,429307
1512504300,66.390,66.410,66.390,66.470,5920,445290
1512504360,66.380,66.370,66.370,66.410,5919,445290
1512504420,66.310,66.360,66.310,66.360,5919,445290
1512504480,66.390,66.350,66.350,66.390,5919,445290
1512504540,66.390,66.310,66.310,66.400,5919,445290
1512504600,66.340,66.340,66.340,66.340,2352,474886
1512504660,66.340,66.400,66.310,66.400,2352,474886
1512504720,66.390,66.390,66.390,66.390,2352,474886
1512504780,66.410,66.410,66.370,66.410,2352,474886
1512504840,66.370,66.370,66.370,66.370,2352,474886
1512504900,66.320,66.370,66.320,66.380,2274,486646
1512504960,66.320,66.370,66.320,66.380,2270,486646
1512505020,66.370,66.340,66.340,66.370,2270,486646
1512505080,66.320,66.310,66.290,66.320,2270,486646
1512505140,66.290,66.300,66.280,66.300,2270,486646
1512505200,66.280,66.330,66.280,66.330,2877,498000
1512505260,66.340,66.390,66.340,66.390,2875,498000
1512505320,66.370,66.400,66.370,66.400,2875,498000
1512505380,66.410,66.430,66.400,66.430,2875,498000
1512505440,66.440,66.440,66.440,66.440,2875,498000
1512505500,66.510,66.490,66.490,66.510,1590,512377
1512505560,66.450,66.470,66.450,66.470,1588,512377
1512505620,66.480,66.500,66.480,66.500,1588,512377
1512505680,66.500,66.520,66.500,66.530,1588,512377
1512505740,66.500,66.520,66.500,66.530,1588,512377
1512505800,66.520,66.550,66.520,66.550,4257,520319
1512505860,66.530,66.520,66.520,66.530,4255,520319
1512505920,66.530,66.550,66.530,66.560,4255,520319
1512505980,66.540,66.540,66.540,66.550,4255,520319
1512506040,66.540,66.520,66.520,66.560,4255,520319
1512506100,66.530,66.530,66.530,66.530,2143,541596
1512506160,66.500,66.500,66.500,66.500,2142,541596
1512506220,66.500,66.510,66.490,66.530,2142,541596
1512506280,66.490,66.490,66.490,66.540,2142,541596
1512506340,66.490,66.490,66.490,66.490,2142,541596
1512506400,66.480,66.480,66.480,66.480,2297,552307
1512506460,66.490,66.510,66.490,66.510,2295,552307
1512506520,66.520,66.520,66.520,66.530,2295,552307
1512506580,66.510,66.510,66.510,66.520,2295,552307
1512506640,66.500,66.500,66.500,66.500,2295,552307
1512506700,66.470,66.450,66.450,66.490,4202,563784
1512506760,66.430,66.410,66.400,66.430,4198,563784
1512506820,66.410,66.400,66.400,66.420,4198,563784
1512506880,66.420,66.440,66.390,66.440,4198,563784
1512506940,66.480,66.480,66.480,66.480,4198,563784
1512507000,66.460,66.460,66.460,66.480,4793,584778
1512507060,66.460,66.450,66.450,66.460,4789,584778
1512507120,66.450,66.460,66.450,66.470,4789,584778
1512507180,66.440,66.430,66.430,66.450,4789,584778
1512507240,66.440,66.460,66.430,66.460,4789,584778
1512507300,66.480,66.540,66.480,66.540,36677,608727
1512507360,66.490,66.470,66.470,66.540,36673,608727
1512507420,66.450,66.460,66.440,66.490,36673,608727
1512507480,66.470,66.440,66.440,66.470,36673,608727
1512507540,66.460,66.460,66.460,66.480,36673,608727
1512570960,66.540,66.540,66.540,66.540,0,0
1512571020,66.310,66.490,66.310,66.540,0,0
1512571080,66.490,66.440,66.330,66.490,0,0
1512571140,66.330,66.330,66.330,66.330,0,0
1512571200,66.500,66.460,66.460,66.500,2435,13481
1512571260,66.450,66.420,66.420,66.450,2432,13481
1512571320,66.600,66.680,66.600,66.680,2432,13481
1512571380,66.600,66.680,66.600,66.680,2432,13481
1512571440,66.720,67.230,66.720,67.230,2432,13481
1512571500,67.220,67.000,67.000,67.220,1893,25644
1512571560,67.080,67.110,67.080,67.110,1893,25644
1512571620,67.080,67.120,67.040,67.120,1893,25644
1512571680,67.040,67.040,67.040,67.040,1893,25644
1512571740,67.040,67.070,67.020,67.070,1893,25644
1512571800,67.040,67.070,67.020,67.070,3101,35109
1512571860,67.100,67.070,67.070,67.160,3097,35109
1512571920,67.040,66.980,66.980,67.050,3097,35109
1512571980,66.970,67.040,66.970,67.050,3097,35109
1512572040,67.010,67.050,67.000,67.050,3097,35109
1512572100,67.050,67.300,67.050,67.300,5199,50598
1512572160,67.340,67.360,67.340,67.360,5196,50598
1512572220,67.320,67.360,67.260,67.360,5196,50598
1512572280,67.320,67.360,67.260,67.360,5196,50598
1512572340,67.380,67.320,67.270,67.380,5196,50598
1512572400,67.380,67.320,67.270,67.380,2590,76581
1512572460,67.290,67.270,67.270,67.290,2588,76581
1512572520,67.250,67.250,67.220,67.250,2588,76581
1512572580,67.240,67.230,67.230,67.240,2588,76581
1512572640,67.240,67.290,67.240,67.290,2588,76581
1512572700,67.270,67.260,67.230,67.270,2853,89523
1512572760,67.300,67.380,67.300,67.380,2852,89523
1512572820,67.370,67.370,67.370,67.370,2852,89523
1512572880,67.340,67.370,67.340,67.370,2852,89523
1512572940,67.410,67.420,67.400,67.420,2852,89523
1512573000,67.410,67.400,67.400,67.410,3090,103784
1512573060,67.370,67.370,67.370,67.370,3088,103784
1512573120,67.370,67.370,67.370,67.370,3088,103784
1512573180,67.360,67.320,67.320,67.360,3088,103784
1512573240,67.260,67.260,67.250,67.290,3088,103784
1512573300,67.310,67.240,67.240,67.310,1930,119226
1512573360,67.270,67.170,67.170,67.270,1928,119226
1512573420,67.270,67.170,67.170,67.270,1928,119226
1512573480,67.170,67.170,67.170,67.170,1928,119226
1512573540,67.170,67.170,67.170,67.170,1928,119226
1512573600,67.230,67.330,67.230,67.330,1919,128868
1512573660,67.250,67.200,67.200,67.250,1915,128868
1512573720,67.160,67.150,67.150,67.160,1915,128868
1512573780,67.160,67.150,67.150,67.160,1915,128868
1512573840,67.150,67.150,67.150,67.150,1915,128868
1512573900,67.230,67.230,67.230,67.250,2833,138447
1512573960,67.270,67.250,67.250,67.270,2833,138447
1512574020,67.220,67.240,67.220,67.240,2833,138447
1512574080,67.220,67.240,67.220,67.240,2833,138447
1512574140,67.200,67.290,67.200,67.290,2833,138447
1512574200,67.360,67.410,67.350,67.410,3652,152612
1512574260,67.370,67.440,67.370,67.440,3649,152612
1512574320,67.430,67.430,67.430,67.430,3649,152612
1512574380,67.430,67.430,67.430,67.430,3649,152612
1512574440,67.430,67.340,67.340,67.430,3649,152612
1512574500,67.280,67.280,67.280,67.280,2843,170860
1512574560,67.280,67.190,67.190,67.280,2843,170860
1512574620,67.230,67.230,67.230,67.230,2843,170860
1512574680,67.220,67.220,67.220,67.220,2843,170860
1512574740,67.230,67.230,67.230,67.260,2843,170860
1512574800,67.300,67.330,67.300,67.330,2074,185075
1512574860,67.340,67.340,67.340,67.340,2070,185075
1512574920,67.280,67.280,67.280,67.280,2070,185075
1512574980,67.270,67.270,67.270,67.270,2070,185075
1512575040,67.320,67.320,67.320,67.320,2070,185075
1512575100,67.280,67.380,67.280,67.390,1574,195429
1512575160,67.280,67.380,67.280,67.390,1570,195429
1512575220,67.280,67.380,67.280,67.390,1570,195429
1512575280,67.340,67.370,67.340,67.370,1570,195429
1512575340,67.340,67.370,67.340,67.370,1570,195429
1512575400,67.370,67.410,67.370,67.410,1233,203283
1512575460,67.380,67.380,67.380,67.380,1230,203283
1512575520,67.370,67.380,67.370,67.420,1230,203283
1512575580,67.370,67.380,67.370,67.420,1230,203283
1512575640,67.370,67.380,67.370,67.420,1230,203283
1512575700,67.370,67.350,67.350,67.370,1996,209436
1512575760,67.430,67.590,67.430,67.590,1996,209436
1512575820,67.430,67.590,67.430,67.590,1996,209436
1512575880,67.580,67.580,67.580,67.580,1996,209436
1512575940,67.580,67.580,67.580,67.580,1996,209436
1512576000,67.600,67.600,67.600,67.600,2676,219416
1512576060,67.560,67.550,67.550,67.560,2676,219416
1512576120,67.560,67.540,67.540,67.560,2676,219416
1512576180,67.610,67.680,67.610,67.680,2676,219416
1512576240,67.680,67.730,67.680,67.730,2676,219416
1512576300,67.640,67.600,67.600,67.640,2251,232796
1512576360,67.630,67.630,67.630,67.630,2251,232796
1512576420,67.630,67.630,67.630,67.630,2251,232796
1512576480,67.630,67.680,67.620,67.680,2251,232796
1512576540,67.650,67.650,67.650,67.650,2251,232796
1512576600,67.690,67.800,67.690,67.800,2499,244051
1512576660,67.740,67.740,67.740,67.740,2495,244051
1512576720,67.710,67.700,67.700,67.710,2495,244051
1512576780,67.690,67.680,67.680,67.690,2495,244051
1512576840,67.670,67.710,67.670,67.710,2495,244051
1512576900,67.670,67.710,67.670,67.710,1824,256530
1512576960,67.700,67.670,67.670,67.700,1820,256530
1512577020,67.660,67.650,67.650,67.660,1820,256530
1512577080,67.620,67.600,67.600,67.620,1820,256530
1512577140,67.580,67.580,67.580,67.580,1820,256530
1512577200,67.630,67.670,67.630,67.670,1524,265634
1512577260,67.670,67.710,67.670,67.730,1522,265634
1512577320,67.740,67.680,67.680,67.740,1522,265634
1512577380,67.740,67.680,67.680,67.740,1522,265634
1512577440,67.710,67.720,67.710,67.720,1522,265634
1512577500,67.720,67.730,67.720,67.730,3102,273246
1512577560,67.750,67.760,67.750,67.760,3099,273246
1512577620,67.790,67.740,67.740,67.790,3099,273246
1512577680,67.760,67.730,67.730,67.760,3099,273246
1512577740,67.760,67.760,67.760,67.760,3099,273246
1512577800,67.780,67.740,67.740,67.780,2022,288744
1512577860,67.740,67.780,67.740,67.780,2018,288744
1512577920,67.760,67.740,67.740,67.780,2018,288744
1512577980,67.720,67.710,67.710,67.720,2018,288744
1512578040,67.630,67.660,67.630,67.660,2018,288744
1512578100,67.670,67.680,67.670,67.680,1919,298838
1512578160,67.700,67.680,67.680,67.700,1918,298838
1512578220,67.630,67.630,67.630,67.630,1918,298838
1512578280,67.540,67.540,67.540,67.540,1918,298838
1512578340,67.500,67.500,67.500,67.500,1918,298838
1512578400,67.500,67.500,67.500,67.500,1666,308429
1512578460,67.470,67.470,67.470,67.470,1665,308429
1512578520,67.470,67.470,67.470,67.470,1665,308429
1512578580,67.440,67.410,67.410,67.440,1665,308429
1512578640,67.390,67.440,67.390,67.440,1665,308429
1512578700,67.420,67.410,67.410,67.420,1175,316755
1512578760,67.470,67.470,67.470,67.470,1175,316755
1512578820,67.430,67.430,67.430,67.430,1175,316755
1512578880,67.450,67.450,67.450,67.450,1175,316755
1512578940,67.430,67.430,67.430,67.430,1175,316755
1512579000,67.430,67.440,67.430,67.440,2361,322630
1512579060,67.490,67.490,67.490,67.490,2358,322630
1512579120,67.440,67.450,67.440,67.450,2358,322630
1512579180,67.450,67.470,67.450,67.470,2358,322630
1512579240,67.480,67.520,67.480,67.520,2358,322630
1512579300,67.500,67.490,67.490,67.500,3740,334423
1512579360,67.550,67.540,67.540,67.580,3739,334423
1512579420,67.570,67.550,67.550,67.570,3739,334423
1512579480,67.540,67.450,67.450,67.540,3739,334423
1512579540,67.450,67.450,67.440,67.470,3739,334423
1512579600,67.450,67.440,67.440,67.450,1037,353119
1512579660,67.430,67.430,67.430,67.430,1035,353119
1512579720,67.420,67.420,67.420,67.420,1035,353119
1512579780,67.480,67.490,67.480,67.490,1035,353119
1512579840,67.480,67.490,67.480,67.490,1035,353119
1512579900,67.530,67.560,67.530,67.570,2526,358296
1512579960,67.530,67.560,67.530,67.570,2524,358296
1512580020,67.560,67.600,67.560,67.620,2524,358296
1512580080,67.610,67.630,67.600,67.630,2524,358296
1512580140,67.610,67.630,67.600,67.630,2524,358296
1512580200,67.610,67.610,67.610,67.610,3131,370918
1512580260,67.610,67.600,67.600,67.610,3130,370918
1512580320,67.610,67.560,67.560,67.610,3130,370918
1512580380,67.580,67.560,67.560,67.580,3130,370918
1512580440,67.560,67.580,67.530,67.580,3130,370918
1512580500,67.560,67.560,67.540,67.560,3654,386569
1512580560,67.550,67.560,67.530,67.560,3652,386569
1512580620,67.550,67.590,67.550,67.590,3652,386569
1512580680,67.590,67.570,67.570,67.590,3652,386569
1512580740,67.580,67.540,67.540,67.580,3652,386569
1512580800,67.520,67.530,67.520,67.530,4565,404831
1512580860,67.560,67.570,67.560,67.590,4561,404831
1512580920,67.580,67.560,67.560,67.580,4561,404831
1512580980,67.550,67.550,67.550,67.550,4561,404831
1512581040,67.550,67.530,67.520,67.550,4561,404831
1512581100,67.560,67.550,67.550,67.570,1823,427640
1512581160,67.570,67.590,67.560,67.600,1821,427640
1512581220,67.580,67.580,67.580,67.580,1821,427640
1512581280,67.570,67.620,67.570,67.620,1821,427640
1512581340,67.620,67.590,67.590,67.620,1821,427640
1512581400,67.620,67.630,67.620,67.630,3463,436747
1512581460,67.650,67.620,67.620,67.650,3460,436747
1512581520,67.570,67.560,67.560,67.580,3460,436747
1512581580,67.570,67.560,67.560,67.580,3460,436747
1512581640,67.540,67.580,67.530,67.580,3460,436747
1512581700,67.590,67.580,67.580,67.590,1355,454050
1512581760,67.580,67.560,67.560,67.620,1352,454050
1512581820,67.560,67.560,67.560,67.560,1352,454050
1512581880,67.560,67.530,67.530,67.560,1352,454050
1512581940,67.530,67.530,67.530,67.530,1352,454050
1512582000,67.530,67.610,67.530,67.610,3134,460813
1512582060,67.570,67.570,67.570,67.570,3130,460813
1512582120,67.590,67.610,67.580,67.610,3130,460813
1512582180,67.590,67.600,67.590,67.600,3130,460813
1512582240,67.580,67.610,67.570,67.610,3130,460813
1512582300,67.600,67.600,67.600,67.600,613,476467
1512582360,67.630,67.630,67.630,67.630,613,476467
1512582420,67.620,67.620,67.620,67.620,613,476467
1512582480,67.620,67.590,67.590,67.620,613,476467
1512582540,67.620,67.600,67.600,67.620,613,476467
1512582600,67.590,67.520,67.520,67.590,4081,479532
1512582660,67.530,67.720,67.530,67.720,4079,479532
1512582720,67.720,67.720,67.680,67.720,4079,479532
1512582780,67.740,67.780,67.740,67.780,4079,479532
1512582840,67.740,67.750,67.740,67.750,4079,479532
1512582900,67.730,67.810,67.730,67.830,4383,499929
1512582960,67.790,67.810,67.770,67.810,4380,499929
1512583020,67.810,67.790,67.790,67.810,4380,499929
1512583080,67.800,67.770,67.770,67.800,4380,499929
1512583140,67.740,67.770,67.740,67.780,4380,499929
1512583200,67.780,67.770,67.770,67.780,820,521832
1512583260,67.780,67.780,67.780,67.780,820,521832
1512583320,67.780,67.780,67.780,67.780,820,521832
1512583380,67.780,67.780,67.780,67.780,820,521832
1512583440,67.750,67.660,67.660,67.750,820,521832
1512583500,67.640,67.670,67.640,67.670,3282,525932
1512583560,67.670,67.670,67.670,67.670,3281,525932
1512583620,67.640,67.620,67.620,67.640,3281,525932
1512583680,67.610,67.610,67.610,67.620,3281,525932
1512583740,67.640,67.740,67.640,67.740,3281,525932
1512583800,67.710,67.680,67.680,67.710,960,542338
1512583860,67.700,67.700,67.700,67.700,958,542338
1512583920,67.690,67.740,67.690,67.740,958,542338
1512583980,67.740,67.740,67.740,67.740,958,542338
1512584040,67.740,67.740,67.740,67.740,958,542338
1512584100,67.740,67.740,67.740,67.740,1229,547130
1512584160,67.740,67.740,67.740,67.740,1228,547130
1512584220,67.740,67.740,67.740,67.740,1228,547130
1512584280,67.740,67.750,67.740,67.750,1228,547130
1512584340,67.790,67.790,67.790,67.790,1228,547130
1512584400,67.820,67.820,67.820,67.820,1872,553271
1512584460,67.800,67.820,67.800,67.820,1871,553271
1512584520,67.800,67.790,67.790,67.800,1871,553271
1512584580,67.780,67.800,67.780,67.800,1871,553271
1512584640,67.800,67.800,67.800,67.800,1871,553271
1512584700,67.790,67.740,67.740,67.790,3979,562627
1512584760,67.730,67.690,67.690,67.730,3979,562627
1512584820,67.700,67.700,67.680,67.700,3979,562627
1512584880,67.730,67.820,67.730,67.820,3979,562627
1512584940,67.820,67.780,67.780,67.830,3979,562627
1512585000,67.780,67.780,67.780,67.780,1236,582522
1512585060,67.760,67.790,67.760,67.790,1235,582522
1512585120,67.800,67.820,67.800,67.820,1235,582522
1512585180,67.830,67.830,67.830,67.830,1235,582522
1512585240,67.840,67.870,67.840,67.870,1235,582522
1512585300,67.890,67.910,67.890,67.910,4463,588698
1512585360,67.950,68.090,67.950,68.090,4459,588698
1512585420,68.120,67.950,67.950,68.120,4459,588698
1512585480,67.960,68.000,67.960,68.000,4459,588698
1512585540,68.000,68.020,68.000,68.020,4459,588698
1512585600,68.020,68.030,68.020,68.040,1775,610997
1512585660,68.070,68.010,68.010,68.070,1771,610997
1512585720,67.980,67.900,67.890,67.980,1771,610997
1512585780,67.920,67.990,67.920,67.990,1771,610997
1512585840,67.920,67.920,67.920,67.920,1771,610997
1512585900,67.900,67.930,67.900,67.930,1732,619856
1512585960,67.970,67.970,67.970,67.970,1729,619856
1512586020,67.980,67.960,67.960,67.980,1729,619856
1512586080,68.000,68.000,68.000,68.000,1729,619856
1512586140,68.030,68.020,68.020,68.030,1729,619856
1512586200,68.050,67.920,67.920,68.050,2448,628504
1512586260,67.920,67.940,67.920,67.940,2448,628504
1512586320,67.920,67.910,67.910,67.920,2448,628504
1512586380,67.880,67.880,67.860,67.880,2448,628504
1512586440,67.890,67.860,67.860,67.890,2448,628504
1512586500,67.840,67.890,67.840,67.890,2150,640744
1512586560,67.890,67.890,67.890,67.910,2147,640744
1512586620,67.890,67.890,67.890,67.890,2147,640744
1512586680,67.890,67.850,67.850,67.890,2147,640744
1512586740,67.830,67.910,67.830,67.910,2147,640744
1512586800,67.880,67.880,67.870,67.880,1778,651482
1512586860,67.870,67.980,67.870,67.980,1774,651482
1512586920,67.990,67.990,67.990,67.990,1774,651482
1512586980,67.940,67.940,67.940,67.970,1774,651482
1512587040,67.950,67.970,67.950,67.970,1774,651482
1512587100,67.980,68.030,67.980,68.030,3441,660356
1512587160,68.010,67.940,67.940,68.010,3437,660356
1512587220,67.960,67.990,67.960,67.990,3437,660356
1512587280,67.980,67.960,67.960,67.980,3437,660356
1512587340,67.950,67.990,67.950,67.990,3437,660356
1512587400,67.990,68.000,67.990,68.020,3111,677545
1512587460,67.970,67.940,67.940,67.970,3108,677545
1512587520,67.940,67.880,67.880,67.940,3108,677545
1512587580,67.880,67.830,67.830,67.880,3108,677545
1512587640,67.800,67.720,67.720,67.800,3108,677545
1512587700,67.700,67.700,67.700,67.700,2164,693088
1512587760,67.750,67.800,67.750,67.800,2164,693088
1512587820,67.810,67.840,67.810,67.840,2164,693088
1512587880,67.790,67.750,67.750,67.790,2164,693088
1512587940,67.750,67.750,67.750,67.750,2164,693088
1512588000,67.730,67.730,67.730,67.730,2126,703908
1512588060,67.760,67.690,67.690,67.760,2123,703908
1512588120,67.680,67.680,67.680,67.680,2123,703908
1512588180,67.660,67.620,67.600,67.660,2123,703908
1512588240,67.670,67.710,67.670,67.710,2123,703908
1512588300,67.720,67.690,67.690,67.750,1779,714526
1512588360,67.690,67.720,67.680,67.720,1778,714526
1512588420,67.720,67.720,67.720,67.720,1778,714526
1512588480,67.690,67.710,67.670,67.710,1778,714526
1512588540,67.690,67.680,67.680,67.690,1778,714526
1512588600,67.660,67.620,67.620,67.660,3485,723417
1512588660,67.600,67.620,67.600,67.620,3483,723417
1512588720,67.640,67.670,67.630,67.670,3483,723417
1512588780,67.690,67.720,67.690,67.720,3483,723417
1512588840,67.680,67.640,67.640,67.680,3483,723417
1512588900,67.640,67.620,67.620,67.640,2884,740834
1512588960,67.660,67.790,67.660,67.790,2884,740834
1512589020,67.780,67.750,67.730,67.780,2884,740834
1512589080,67.720,67.700,67.700,67.720,2884,740834
1512589140,67.700,67.680,67.680,67.700,2884,740834
1512589200,67.700,67.680,67.680,67.700,2463,755254
1512589260,67.640,67.690,67.640,67.690,2461,755254
1512589320,67.640,67.640,67.630,67.680,2461,755254
1512589380,67.660,67.640,67.640,67.660,2461,755254
1512589440,67.640,67.640,67.610,67.640,2461,755254
1512589500,67.630,67.630,67.630,67.630,1541,767561
1512589560,67.650,67.570,67.570,67.650,1539,767561
1512589620,67.580,67.580,67.580,67.580,1539,767561
1512589680,67.620,67.610,67.600,67.620,1539,767561
1512589740,67.630,67.620,67.620,67.630,1539,767561
1512589800,67.640,67.620,67.610,67.640,2757,775258
1512589860,67.630,67.630,67.630,67.630,2754,775258
1512589920,67.610,67.610,67.610,67.630,2754,775258
1512589980,67.630,67.630,67.630,67.630,2754,775258
1512590040,67.580,67.610,67.570,67.610,2754,775258
1512590100,67.620,67.620,67.620,67.620,1995,789031
1512590160,67.620,67.620,67.620,67.620,1992,789031
1512590220,67.580,67.620,67.570,67.620,1992,789031
1512590280,67.580,67.620,67.570,67.620,1992,789031
1512590340,67.640,67.630,67.630,67.640,1992,789031
1512590400,67.640,67.650,67.640,67.650,2120,798994
1512590460,67.620,67.620,67.620,67.620,2116,798994
1512590520,67.610,67.610,67.600,67.610,2116,798994
1512590580,67.600,67.610,67.600,67.610,2116,798994
1512590640,67.620,67.610,67.610,67.620,2116,798994
1512590700,67.620,67.620,67.620,67.620,3404,809578
1512590760,67.640,67.750,67.640,67.750,3404,809578
1512590820,67.750,67.740,67.740,67.750,3404,809578
1512590880,67.690,67.660,67.660,67.690,3404,809578
1512590940,67.700,67.700,67.700,67.700,3404,809578
1512591000,67.680,67.650,67.650,67.680,2566,826598
1512591060,67.670,67.680,67.670,67.680,2565,826598
1512591120,67.670,67.670,67.670,67.670,2565,826598
1512591180,67.640,67.620,67.620,67.640,2565,826598
1512591240,67.640,67.660,67.640,67.660,2565,826598
1512591300,67.660,67.680,67.660,67.680,2141,839424
1512591360,67.660,67.680,67.660,67.680,2138,839424
1512591420,67.730,67.730,67.730,67.730,2138,839424
1512591480,67.700,67.720,67.700,67.720,2138,839424
1512591540,67.730,67.730,67.730,67.750,2138,839424
1512591600,67.720,67.710,67.700,67.720,3767,850117
1512591660,67.710,67.710,67.710,67.710,3763,850117
1512591720,67.720,67.770,67.720,67.770,3763,850117
1512591780,67.720,67.770,67.720,67.770,3763,850117
1512591840,67.780,67.750,67.750,67.800,3763,850117
1512591900,67.800,67.800,67.800,67.800,5013,868936
1512591960,67.830,67.740,67.740,67.830,5012,868936
1512592020,67.740,67.730,67.690,67.740,5012,868936
1512592080,67.740,67.750,67.740,67.750,5012,868936
1512592140,67.780,67.760,67.760,67.780,5012,868936
1512592200,67.760,67.740,67.730,67.760,3818,893997
1512592260,67.740,67.760,67.740,67.760,3817,893997
1512592320,67.750,67.680,67.680,67.750,3817,893997
1512592380,67.710,67.710,67.710,67.710,3817,893997
1512592440,67.670,67.660,67.660,67.690,3817,893997
1512592500,67.670,67.730,67.670,67.730,4122,913083
1512592560,67.710,67.700,67.700,67.710,4119,913083
1512592620,67.680,67.710,67.680,67.710,4119,913083
1512592680,67.720,67.700,67.700,67.720,4119,913083
1512592740,67.700,67.700,67.700,67.710,4119,913083
1512592800,67.690,67.690,67.670,67.690,5718,933681
1512592860,67.690,67.690,67.670,67.690,5715,933681
1512592920,67.680,67.680,67.680,67.680,5715,933681
1512592980,67.690,67.720,67.680,67.720,5715,933681
1512593040,67.730,67.800,67.730,67.800,5715,933681
1512593100,67.800,67.780,67.780,67.820,6151,962259
1512593160,67.780,67.780,67.770,67.780,6149,962259
1512593220,67.790,67.710,67.710,67.790,6149,962259
1512593280,67.720,67.730,67.720,67.740,6149,962259
1512593340,67.710,67.690,67.690,67.710,6149,962259
1512593400,67.690,67.700,67.680,67.710,9483,993006
1512593460,67.710,67.720,67.700,67.720,9480,993006
1512593520,67.730,67.770,67.730,67.770,9480,993006
1512593580,67.750,67.710,67.710,67.750,9480,993006
1512593640,67.700,67.710,67.700,67.710,9480,993006
1512593700,67.710,67.720,67.710,67.730,38167,1040409
1512593760,67.730,67.700,67.690,67.730,38165,1040409
1512593820,67.690,67.690,67.680,67.700,38165,1040409
1512593880,67.670,67.700,67.670,67.700,38165,1040409
1512593940,67.720,67.690,67.690,67.730,38165,1040409
1512657000,68.970,68.970,68.970,68.970,3214,0
1512657060,68.040,67.900,67.900,68.040,3213,0
1512657120,68.000,68.020,68.000,68.020,3213,0
1512657180,68.190,68.190,68.190,68.190,3213,0
1512657240,68.190,68.190,68.190,68.190,3213,0
1512657300,68.300,68.300,68.300,68.300,1120,16066
1512657360,68.300,68.300,68.300,68.300,1117,16066
1512657420,68.380,68.380,68.380,68.380,1117,16066
1512657480,68.410,68.350,68.350,68.410,1117,16066
1512657540,68.410,68.350,68.350,68.410,1117,16066
1512657600,68.310,68.300,68.300,68.310,1075,21654
1512657660,68.350,68.350,68.350,68.350,1072,21654
1512657720,68.380,68.380,68.380,68.380,1072,21654
1512657780,68.360,68.360,68.360,68.360,1072,21654
1512657840,68.270,68.310,68.270,68.310,1072,21654
1512657900,68.310,68.320,68.310,68.320,4078,27017
1512657960,68.320,68.430,68.320,68.430,4075,27017
1512658020,68.370,68.440,68.360,68.440,4075,27017
1512658080,68.390,68.230,68.230,68.390,4075,27017
1512658140,68.260,68.190,68.150,68.270,4075,27017
1512658200,68.190,68.150,68.150,68.190,927,47395
1512658260,68.150,68.160,68.150,68.160,927,47395
1512658320,68.270,68.270,68.270,68.270,927,47395
1512658380,68.270,68.270,68.270,68.270,927,47395
1512658440,68.200,68.150,68.150,68.210,927,47395
1512658500,68.180,68.180,68.180,68.180,893,52030
1512658560,68.180,68.180,68.180,68.180,889,52030
1512658620,68.230,68.280,68.230,68.280,889,52030
1512658680,68.250,68.250,68.250,68.250,889,52030
1512658740,68.330,68.330,68.330,68.330,889,52030
1512658800,68.330,68.180,68.180,68.330,1245,56479
1512658860,68.160,68.160,68.160,68.160,1241,56479
1512658920,68.160,68.160,68.160,68.160,1241,56479
1512658980,68.170,68.170,68.170,68.170,1241,56479
1512659040,68.110,68.130,68.110,68.130,1241,56479
1512659100,68.110,68.130,68.110,68.130,856,62688
1512659160,68.130,68.130,68.130,68.130,855,62688
1512659220,68.110,68.160,68.110,68.160,855,62688
1512659280,68.170,68.170,68.170,68.170,855,62688
1512659340,68.190,68.190,68.190,68.190,855,62688
1512659400,68.190,68.190,68.190,68.190,836,66964
1512659460,68.260,68.240,68.240,68.290,835,66964
1512659520,68.160,68.160,68.160,68.160,835,66964
1512659580,68.140,68.140,68.140,68.140,835,66964
1512659640,68.140,68.140,68.140,68.140,835,66964
1512659700,68.090,68.090,68.090,68.140,665,71140
1512659760,68.090,68.090,68.090,68.140,664,71140
1512659820,68.090,68.090,68.090,68.140,664,71140
1512659880,68.080,68.130,68.080,68.130,664,71140
1512659940,68.080,68.130,68.080,68.130,664,71140
1512660000,68.120,68.120,68.120,68.120,542,74461
1512660060,68.090,68.090,68.090,68.090,539,74461
1512660120,68.090,68.090,68.090,68.090,539,74461
1512660180,68.090,68.090,68.090,68.090,539,74461
1512660240,68.080,68.080,68.080,68.080,539,74461
1512660300,68.060,68.100,68.060,68.100,604,77159
1512660360,68.090,68.100,68.090,68.100,603,77159
1512660420,68.120,68.120,68.120,68.120,603,77159
1512660480,68.120,68.120,68.120,68.120,603,77159
1512660540,68.150,68.150,68.150,68.150,603,77159
1512660600,68.150,68.150,68.150,68.150,710,80175
1512660660,68.110,68.180,68.110,68.180,707,80175
1512660720,68.150,68.150,68.150,68.150,707,80175
1512660780,68.150,68.150,68.150,68.150,707,80175
1512660840,68.180,68.180,68.180,68.180,707,80175
1512660900,68.190,68.190,68.190,68.190,706,83713
1512660960,68.220,68.220,68.220,68.220,706,83713
1512661020,68.220,68.220,68.220,68.220,706,83713
1512661080,68.180,68.170,68.170,68.180,706,83713
1512661140,68.180,68.170,68.170,68.180,706,83713
1512661200,68.200,68.240,68.200,68.250,2757,87243
1512661260,68.250,68.250,68.250,68.250,2757,87243
1512661320,68.260,68.260,68.260,68.260,2757,87243
1512661380,68.260,68.260,68.260,68.260,2757,87243
1512661440,68.300,68.300,68.300,68.300,2757,87243
1512661500,68.290,68.350,68.290,68.350,340,101028
1512661560,68.310,68.290,68.290,68.310,338,101028
1512661620,68.310,68.290,68.290,68.310,338,101028
1512661680,68.310,68.290,68.290,68.310,338,101028
1512661740,68.310,68.290,68.290,68.310,338,101028
1512661800,68.270,68.310,68.270,68.310,1130,102720
1512661860,68.270,68.310,68.270,68.310,1130,102720
1512661920,68.270,68.310,68.270,68.310,1130,102720
1512661980,68.270,68.200,68.200,68.270,1130,102720
1512662040,68.270,68.200,68.200,68.270,1130,102720
1512662100,68.260,68.260,68.260,68.260,477,108370
1512662160,68.210,68.220,68.210,68.220,473,108370
1512662220,68.200,68.200,68.200,68.200,473,108370
1512662280,68.200,68.200,68.200,68.200,473,108370
1512662340,68.200,68.200,68.200,68.250,473,108370
1512662400,68.240,68.260,68.240,68.260,677,110739
1512662460,68.310,68.310,68.310,68.310,676,110739
1512662520,68.310,68.310,68.310,68.310,676,110739
1512662580,68.300,68.270,68.270,68.300,676,110739
1512662640,68.300,68.290,68.290,68.300,676,110739
1512662700,68.310,68.310,68.310,68.310,1587,114120
1512662760,68.290,68.320,68.290,68.320,1587,114120
1512662820,68.290,68.230,68.230,68.290,1587,114120
1512662880,68.210,68.160,68.160,68.210,1587,114120
1512662940,68.170,68.140,68.140,68.170,1587,114120
1512663000,68.140,68.120,68.110,68.140,1181,122055
1512663060,68.140,68.120,68.110,68.140,1179,122055
1512663120,68.160,68.180,68.150,68.180,1179,122055
1512663180,68.200,68.200,68.200,68.200,1179,122055
1512663240,68.220,68.220,68.220,68.220,1179,122055
1512663300,68.220,68.200,68.200,68.220,1078,127952
1512663360,68.200,68.200,68.170,68.200,1076,127952
1512663420,68.210,68.200,68.200,68.210,1076,127952
1512663480,68.210,68.250,68.210,68.250,1076,127952
1512663540,68.270,68.270,68.270,68.270,1076,127952
1512663600,68.250,68.270,68.250,68.270,760,133334
1512663660,68.270,68.210,68.210,68.270,759,133334
1512663720,68.260,68.260,68.260,68.260,759,133334
1512663780,68.260,68.260,68.260,68.260,759,133334
1512663840,68.290,68.290,68.290,68.290,759,133334
1512663900,68.270,68.250,68.250,68.270,1207,137130
1512663960,68.240,68.280,68.240,68.280,1206,137130
1512664020,68.240,68.240,68.240,68.240,1206,137130
1512664080,68.210,68.260,68.210,68.260,1206,137130
1512664140,68.250,68.280,68.250,68.280,1206,137130
1512664200,68.270,68.270,68.270,68.270,2369,143161
1512664260,68.320,68.350,68.310,68.350,2366,143161
1512664320,68.330,68.320,68.320,68.340,2366,143161
1512664380,68.350,68.340,68.340,68.370,2366,143161
1512664440,68.360,68.340,68.340,68.360,2366,143161
1512664500,68.370,68.350,68.350,68.380,528,154994
1512664560,68.340,68.350,68.340,68.350,525,154994
1512664620,68.340,68.320,68.320,68.340,525,154994
1512664680,68.340,68.320,68.320,68.340,525,154994
1512664740,68.340,68.320,68.320,68.340,525,154994
1512664800,68.330,68.330,68.330,68.330,689,157622
1512664860,68.310,68.330,68.310,68.330,686,157622
1512664920,68.310,68.330,68.310,68.330,686,157622
1512664980,68.270,68.280,68.270,68.300,686,157622
1512665040,68.270,68.280,68.270,68.300,686,157622
1512665100,68.260,68.220,68.220,68.260,709,161055
1512665160,68.220,68.220,68.220,68.220,705,161055
1512665220,68.280,68.220,68.220,68.280,705,161055
1512665280,68.140,68.140,68.140,68.140,705,161055
1512665340,68.140,68.140,68.140,68.140,705,161055
1512665400,68.170,68.230,68.170,68.230,719,164584
1512665460,68.230,68.230,68.230,68.230,718,164584
1512665520,68.180,68.230,68.180,68.230,718,164584
1512665580,68.210,68.210,68.210,68.210,718,164584
1512665640,68.260,68.240,68.240,68.260,718,164584
1512665700,68.220,68.220,68.220,68.220,2238,168175
1512665760,68.260,68.230,68.230,68.260,2237,168175
1512665820,68.250,68.290,68.250,68.290,2237,168175
1512665880,68.280,68.210,68.210,68.280,2237,168175
1512665940,68.210,68.170,68.160,68.210,2237,168175
1512666000,68.140,68.140,68.140,68.140,1407,179361
1512666060,68.140,68.140,68.140,68.140,1403,179361
1512666120,68.140,68.140,68.140,68.140,1403,179361
1512666180,68.070,68.030,68.030,68.070,1403,179361
1512666240,68.060,68.040,68.030,68.060,1403,179361
1512666300,68.020,68.020,68.020,68.020,3247,186380
1512666360,67.970,67.890,67.890,67.990,3245,186380
1512666420,67.890,67.890,67.890,67.890,3245,186380
1512666480,67.920,67.950,67.920,67.950,3245,186380
1512666540,67.980,68.030,67.980,68.030,3245,186380
1512666600,68.050,68.050,68.050,68.050,1140,202607
1512666660,68.090,68.080,68.060,68.090,1139,202607
1512666720,68.050,68.050,68.050,68.050,1139,202607
1512666780,68.080,68.080,68.080,68.080,1139,202607
1512666840,68.120,68.120,68.120,68.150,1139,202607
1512666900,68.110,68.110,68.110,68.110,739,208303
1512666960,68.110,68.110,68.110,68.110,738,208303
1512667020,68.110,68.110,68.110,68.110,738,208303
1512667080,68.120,68.080,68.080,68.120,738,208303
1512667140,68.090,68.110,68.090,68.110,738,208303
1512667200,68.090,68.110,68.090,68.110,1704,211994
1512667260,68.110,68.110,68.110,68.120,1703,211994
1512667320,68.100,68.100,68.100,68.100,1703,211994
1512667380,68.120,68.110,68.110,68.130,1703,211994
1512667440,68.120,68.060,68.060,68.120,1703,211994
1512667500,68.060,68.060,68.060,68.060,1191,220510
1512667560,68.060,68.100,68.060,68.100,1187,220510
1512667620,68.110,68.110,68.110,68.110,1187,220510
1512667680,68.140,68.140,68.140,68.140,1187,220510
1512667740,68.140,68.130,68.130,68.140,1187,220510
1512667800,68.120,68.120,68.120,68.120,1018,226449
1512667860,68.100,68.100,68.100,68.100,1015,226449
1512667920,68.130,68.070,68.070,68.130,1015,226449
1512667980,68.050,68.050,68.050,68.050,1015,226449
1512668040,68.060,68.080,68.060,68.080,1015,226449
1512668100,68.070,68.060,68.060,68.070,957,231527
1512668160,68.060,68.060,68.060,68.060,955,231527
1512668220,68.060,68.080,68.060,68.080,955,231527
1512668280,68.090,68.090,68.090,68.090,955,231527
1512668340,68.080,68.100,68.080,68.100,955,231527
1512668400,68.070,68.060,68.060,68.070,1164,236304
1512668460,68.050,68.040,68.040,68.050,1162,236304
1512668520,68.050,68.050,68.050,68.050,1162,236304
1512668580,68.030,68.020,68.020,68.030,1162,236304
1512668640,68.040,68.030,68.030,68.040,1162,236304
1512668700,68.050,68.030,68.030,68.050,607,242116
1512668760,68.000,68.000,68.000,68.000,605,242116
1512668820,67.990,67.990,67.990,67.990,605,242116
1512668880,67.990,67.990,67.990,67.990,605,242116
1512668940,67.990,67.990,67.990,67.990,605,242116
1512669000,68.030,68.030,68.030,68.030,847,245143
1512669060,68.090,68.090,68.090,68.090,843,245143
1512669120,68.090,68.090,68.090,68.090,843,245143
1512669180,68.100,68.150,68.100,68.150,843,245143
1512669240,68.100,68.150,68.100,68.150,843,245143
1512669300,68.180,68.150,68.150,68.180,1209,249362
1512669360,68.160,68.160,68.160,68.160,1205,249362
1512669420,68.180,68.180,68.180,68.180,1205,249362
1512669480,68.170,68.190,68.170,68.190,1205,249362
1512669540,68.160,68.160,68.160,68.160,1205,249362
1512669600,68.180,68.200,68.180,68.200,1633,255391
1512669660,68.190,68.130,68.130,68.190,1631,255391
1512669720,68.110,68.110,68.110,68.110,1631,255391
1512669780,68.090,68.080,68.080,68.090,1631,255391
1512669840,68.090,68.110,68.090,68.110,1631,255391
1512669900,68.120,68.120,68.120,68.140,1085,263548
1512669960,68.130,68.140,68.130,68.140,1082,263548
1512670020,68.170,68.180,68.170,68.180,1082,263548
1512670080,68.180,68.160,68.160,68.180,1082,263548
1512670140,68.140,68.130,68.130,68.140,1082,263548
1512670200,68.130,68.160,68.130,68.160,788,268961
1512670260,68.140,68.150,68.140,68.150,786,268961
1512670320,68.170,68.170,68.170,68.170,786,268961
1512670380,68.170,68.170,68.170,68.170,786,268961
1512670440,68.140,68.140,68.140,68.140,786,268961
1512670500,68.110,68.110,68.110,68.110,2119,272893
1512670560,68.100,68.100,68.100,68.100,2119,272893
1512670620,68.120,68.130,68.120,68.130,2119,272893
1512670680,68.150,68.170,68.150,68.170,2119,272893
1512670740,68.170,68.140,68.140,68.170,2119,272893
1512670800,68.140,68.140,68.140,68.140,1966,283488
1512670860,68.080,68.060,68.060,68.090,1964,283488
1512670920,68.060,68.060,68.060,68.060,1964,283488
1512670980,68.140,68.140,68.140,68.140,1964,283488
1512671040,68.120,68.120,68.120,68.120,1964,283488
1512671100,68.110,68.130,68.110,68.130,611,293310
1512671160,68.110,68.130,68.110,68.130,608,293310
1512671220,68.160,68.170,68.160,68.170,608,293310
1512671280,68.160,68.170,68.160,68.170,608,293310
1512671340,68.170,68.160,68.160,68.170,608,293310
1512671400,68.140,68.140,68.140,68.140,1106,296353
1512671460,68.120,68.120,68.120,68.120,1104,296353
1512671520,68.150,68.140,68.130,68.150,1104,296353
1512671580,68.120,68.120,68.120,68.120,1104,296353
1512671640,68.120,68.100,68.100,68.120,1104,296353
1512671700,68.110,68.120,68.110,68.120,2338,301875
1512671760,68.120,68.110,68.110,68.120,2334,301875
1512671820,68.120,68.180,68.120,68.180,2334,301875
1512671880,68.160,68.170,68.160,68.170,2334,301875
1512671940,68.160,68.150,68.150,68.160,2334,301875
1512672000,68.160,68.180,68.160,68.180,1123,313549
1512672060,68.160,68.170,68.160,68.170,1119,313549
1512672120,68.170,68.170,68.170,68.170,1119,313549
1512672180,68.190,68.170,68.170,68.210,1119,313549
1512672240,68.190,68.170,68.170,68.210,1119,313549
1512672300,68.210,68.180,68.170,68.210,2380,319148
1512672360,68.150,68.150,68.150,68.150,2378,319148
1512672420,68.120,68.120,68.120,68.120,2378,319148
1512672480,68.140,68.180,68.140,68.180,2378,319148
1512672540,68.140,68.110,68.110,68.170,2378,319148
1512672600,68.130,68.110,68.110,68.130,1308,331040
1512672660,68.110,68.090,68.090,68.110,1306,331040
1512672720,68.090,68.070,68.070,68.090,1306,331040
1512672780,68.110,68.090,68.090,68.110,1306,331040
1512672840,68.120,68.070,68.070,68.120,1306,331040
1512672900,68.070,68.050,68.050,68.100,1185,337572
1512672960,68.020,68.020,68.020,68.020,1184,337572
1512673020,68.060,68.040,68.040,68.060,1184,337572
1512673080,68.020,68.040,68.020,68.040,1184,337572
1512673140,68.020,68.040,68.020,68.040,1184,337572
1512673200,68.030,68.020,68.020,68.030,2217,343493
1512673260,68.000,68.010,68.000,68.010,2214,343493
1512673320,67.990,67.950,67.950,67.990,2214,343493
1512673380,67.930,67.970,67.930,67.970,2214,343493
1512673440,68.020,68.040,68.010,68.040,2214,343493
1512673500,68.050,68.010,68.010,68.050,2870,354566
1512673560,68.050,68.150,68.050,68.150,2868,354566
1512673620,68.170,68.180,68.170,68.190,2868,354566
1512673680,68.170,68.180,68.170,68.190,2868,354566
1512673740,68.190,68.200,68.190,68.200,2868,354566
1512673800,68.220,68.200,68.190,68.230,1833,368908
1512673860,68.210,68.200,68.200,68.210,1832,368908
1512673920,68.190,68.160,68.160,68.190,1832,368908
1512673980,68.140,68.140,68.140,68.140,1832,368908
1512674040,68.140,68.140,68.140,68.140,1832,368908
1512674100,68.140,68.140,68.140,68.140,2021,378069
1512674160,68.140,68.190,68.140,68.190,2020,378069
1512674220,68.190,68.190,68.190,68.190,2020,378069
1512674280,68.170,68.170,68.160,68.170,2020,378069
1512674340,68.140,68.180,68.140,68.190,2020,378069
1512674400,68.120,68.140,68.110,68.140,1405,388170
1512674460,68.120,68.140,68.110,68.140,1402,388170
1512674520,68.120,68.170,68.120,68.170,1402,388170
1512674580,68.190,68.190,68.170,68.190,1402,388170
1512674640,68.180,68.180,68.180,68.180,1402,388170
1512674700,68.150,68.060,68.060,68.150,1993,395183
1512674760,68.070,68.070,68.070,68.070,1990,395183
1512674820,68.100,68.040,68.040,68.100,1990,395183
1512674880,68.040,68.070,68.040,68.070,1990,395183
1512674940,68.080,68.080,68.080,68.080,1990,395183
1512675000,68.100,68.010,68.010,68.100,2244,405136
1512675060,68.030,67.990,67.990,68.030,2243,405136
1512675120,68.020,67.980,67.980,68.020,2243,405136
1512675180,68.020,67.980,67.980,68.020,2243,405136
1512675240,67.940,68.010,67.940,68.010,2243,405136
1512675300,68.020,68.010,68.010,68.020,1079,416352
1512675360,68.000,68.000,68.000,68.000,1079,416352
1512675420,67.990,67.990,67.990,68.010,1079,416352
1512675480,67.970,67.980,67.970,67.980,1079,416352
1512675540,67.990,68.000,67.990,68.000,1079,416352
1512675600,67.980,67.970,67.970,67.980,1274,421747
1512675660,67.960,67.960,67.960,67.960,1270,421747
1512675720,67.910,67.940,67.910,67.940,1270,421747
1512675780,67.940,67.950,67.940,67.950,1270,421747
1512675840,67.920,67.920,67.920,67.920,1270,421747
1512675900,67.880,67.880,67.880,67.900,2439,428101
1512675960,67.870,67.900,67.870,67.900,2436,428101
1512676020,67.910,67.940,67.910,67.940,2436,428101
1512676080,67.970,67.970,67.970,67.970,2436,428101
1512676140,67.970,67.970,67.970,67.970,2436,428101
1512676200,67.990,67.970,67.970,67.990,2029,440284
1512676260,67.950,67.940,67.930,67.950,2029,440284
1512676320,67.970,68.000,67.970,68.000,2029,440284
1512676380,67.980,67.980,67.980,67.980,2029,440284
1512676440,67.990,67.970,67.970,67.990,2029,440284
1512676500,67.970,67.980,67.970,67.980,2149,450429
1512676560,67.980,67.960,67.960,67.980,2147,450429
1512676620,67.970,67.990,67.970,67.990,2147,450429
1512676680,67.990,67.970,67.970,67.990,2147,450429
1512676740,68.000,68.020,67.990,68.020,2147,450429
1512676800,68.040,68.010,68.010,68.040,1709,461166
1512676860,67.990,67.980,67.980,68.000,1707,461166
1512676920,67.970,68.000,67.970,68.000,1707,461166
1512676980,67.970,68.000,67.970,68.000,1707,461166
1512677040,68.000,67.970,67.970,68.000,1707,461166
1512677100,67.940,67.950,67.940,67.950,2051,469703
1512677160,67.950,67.940,67.940,67.950,2049,469703
1512677220,67.930,67.920,67.920,67.940,2049,469703
1512677280,67.900,67.880,67.880,67.900,2049,469703
1512677340,67.880,67.830,67.830,67.880,2049,469703
1512677400,67.830,67.850,67.830,67.850,2020,479950
1512677460,67.840,67.800,67.800,67.840,2019,479950
1512677520,67.800,67.760,67.760,67.800,2019,479950
1512677580,67.770,67.800,67.770,67.800,2019,479950
1512677640,67.780,67.780,67.780,67.780,2019,479950
1512677700,67.800,67.840,67.800,67.840,3080,490046
1512677760,67.820,67.820,67.820,67.820,3080,490046
1512677820,67.830,67.840,67.830,67.850,3080,490046
1512677880,67.800,67.810,67.800,67.810,3080,490046
1512677940,67.820,67.820,67.820,67.820,3080,490046
1512678000,67.820,67.810,67.810,67.820,4571,505446
1512678060,67.820,67.810,67.810,67.820,4569,505446
1512678120,67.820,67.830,67.820,67.830,4569,505446
1512678180,67.840,67.840,67.840,67.840,4569,505446
1512678240,67.850,67.830,67.830,67.850,4569,505446
1512678300,67.870,67.850,67.850,67.870,2252,528293
1512678360,67.870,67.870,67.860,67.870,2251,528293
1512678420,67.860,67.870,67.860,67.870,2251,528293
1512678480,67.870,67.860,67.860,67.870,2251,528293
1512678540,67.810,67.840,67.810,67.840,2251,528293
1512678600,67.840,67.890,67.840,67.890,3027,539549
1512678660,67.890,67.880,67.880,67.890,3026,539549
1512678720,67.880,67.890,67.880,67.890,3026,539549
1512678780,67.880,67.890,67.880,67.890,3026,539549
1512678840,67.890,67.880,67.880,67.900,3026,539549
1512678900,67.880,67.890,67.880,67.890,3294,554680
1512678960,67.930,67.930,67.930,67.930,3293,554680
1512679020,67.910,67.880,67.880,67.920,3293,554680
1512679080,67.870,67.900,67.870,67.900,3293,554680
1512679140,67.900,67.860,67.860,67.900,3293,554680
1512679200,67.890,67.860,67.860,67.890,2816,571146
1512679260,67.890,67.860,67.860,67.890,2813,571146
1512679320,67.870,67.870,67.830,67.870,2813,571146
1512679380,67.870,67.840,67.810,67.870,2813,571146
1512679440,67.820,67.800,67.800,67.820,2813,571146
1512679500,67.810,67.790,67.770,67.810,4099,585214
1512679560,67.800,67.800,67.800,67.800,4098,585214
1512679620,67.810,67.820,67.810,67.820,4098,585214
1512679680,67.820,67.790,67.790,67.820,4098,585214
1512679740,67.770,67.770,67.770,67.770,4098,585214
1512679800,67.750,67.750,67.730,67.750,5940,605705
1512679860,67.730,67.740,67.730,67.740,5939,605705
1512679920,67.770,67.750,67.750,67.770,5939,605705
1512679980,67.750,67.770,67.750,67.770,5939,605705
1512680040,67.780,67.710,67.710,67.780,5939,605705
1512680100,67.700,67.580,67.570,67.700,81148,635401
1512680160,67.590,67.650,67.580,67.670,81147,635401
1512680220,67.660,67.700,67.660,67.720,81147,635401
1512680280,67.710,67.690,67.690,67.710,81147,635401
1512680340,67.690,67.690,67.680,67.700,81147,635401
1512743400,67.950,67.790,67.790,67.950,2301,0
1512743460,67.950,67.790,67.790,67.950,2301,0
1512743520,67.810,67.810,67.810,67.810,2301,0
1512743580,67.810,67.810,67.810,67.810,2301,0
1512743640,67.810,67.810,67.810,67.810,2301,0
1512743700,67.670,67.670,67.670,67.670,718,11505
1512743760,67.680,67.680,67.680,67.680,714,11505
1512743820,67.680,67.680,67.680,67.680,714,11505
1512743880,67.720,67.720,67.720,67.720,714,11505
1512743940,67.720,67.720,67.720,67.720,714,11505
1512744000,67.660,67.720,67.660,67.720,1280,15079
1512744060,67.680,67.680,67.680,67.680,1279,15079
1512744120,67.700,67.720,67.700,67.780,1279,15079
1512744180,67.700,67.720,67.700,67.780,1279,15079
1512744240,67.640,67.940,67.640,67.940,1279,15079
1512744300,67.860,67.900,67.740,67.900,806,21475
1512744360,67.800,67.930,67.800,67.930,805,21475
1512744420,67.810,67.810,67.810,67.810,805,21475
1512744480,67.870,67.740,67.740,67.870,805,21475
1512744540,67.790,67.790,67.790,67.790,805,21475
1512744600,67.820,67.900,67.820,67.900,4048,25501
1512744660,67.900,67.950,67.870,67.950,4045,25501
1512744720,67.900,67.950,67.870,67.950,4045,25501
1512744780,67.980,68.000,67.980,68.000,4045,25501
1512744840,68.190,68.300,68.190,68.300,4045,25501
1512744900,68.320,68.320,68.320,68.320,1686,45729
1512744960,68.320,68.320,68.320,68.320,1683,45729
1512745020,68.260,68.220,68.220,68.260,1683,45729
1512745080,68.150,68.150,68.150,68.150,1683,45729
1512745140,68.150,67.980,67.980,68.150,1683,45729
1512745200,67.780,67.940,67.780,67.940,1043,54147
1512745260,67.950,67.990,67.950,67.990,1041,54147
1512745320,68.220,68.250,68.220,68.250,1041,54147
1512745380,68.310,68.310,68.310,68.310,1041,54147
1512745440,68.290,68.180,68.180,68.290,1041,54147
1512745500,68.180,68.180,68.180,68.180,1322,59354
1512745560,68.170,68.170,68.170,68.170,1321,59354
1512745620,68.170,68.000,68.000,68.170,1321,59354
1512745680,67.990,67.990,67.990,67.990,1321,59354
1512745740,68.050,68.050,68.050,68.050,1321,59354
1512745800,67.980,67.990,67.980,67.990,3024,65960
1512745860,67.960,67.800,67.800,67.960,3020,65960
1512745920,67.850,67.860,67.850,67.860,3020,65960
1512745980,67.760,67.700,67.700,67.760,3020,65960
1512746040,67.700,67.870,67.700,67.870,3020,65960
1512746100,67.810,67.810,67.810,67.810,2369,81064
1512746160,67.850,67.800,67.800,67.850,2369,81064
1512746220,67.790,67.790,67.790,67.790,2369,81064
1512746280,67.850,67.970,67.850,67.970,2369,81064
1512746340,67.970,67.970,67.940,67.970,2369,81064
1512746400,67.940,67.890,67.890,67.940,2909,92909
1512746460,67.880,67.810,67.810,67.880,2907,92909
1512746520,67.850,67.850,67.850,67.850,2907,92909
1512746580,67.910,67.960,67.910,67.960,2907,92909
1512746640,67.970,67.890,67.850,67.970,2907,92909
1512746700,67.890,67.810,67.780,67.890,1636,107446
1512746760,67.810,67.810,67.810,67.810,1636,107446
1512746820,67.730,67.730,67.730,67.730,1636,107446
1512746880,67.660,67.670,67.660,67.730,1636,107446
1512746940,67.660,67.660,67.660,67.660,1636,107446
1512747000,67.660,67.800,67.660,67.800,2057,115626
1512747060,67.780,67.850,67.780,67.850,2056,115626
1512747120,67.720,67.720,67.720,67.790,2056,115626
1512747180,67.690,67.660,67.660,67.730,2056,115626
1512747240,67.650,67.660,67.620,67.670,2056,115626
1512747300,67.660,67.680,67.660,67.680,2333,125907
1512747360,67.740,67.800,67.740,67.800,2333,125907
1512747420,67.770,67.810,67.750,67.830,2333,125907
1512747480,67.800,67.750,67.750,67.810,2333,125907
1512747540,67.800,67.750,67.750,67.810,2333,125907
1512747600,67.820,67.830,67.820,67.830,2202,137572
1512747660,67.830,67.790,67.790,67.830,2199,137572
1512747720,67.750,67.680,67.680,67.750,2199,137572
1512747780,67.700,67.700,67.700,67.700,2199,137572
1512747840,67.700,67.700,67.700,67.700,2199,137572
1512747900,67.630,67.660,67.630,67.660,1248,148570
1512747960,67.630,67.660,67.630,67.660,1246,148570
1512748020,67.630,67.660,67.630,67.660,1246,148570
1512748080,67.630,67.660,67.630,67.660,1246,148570
1512748140,67.640,67.690,67.640,67.690,1246,148570
1512748200,67.700,67.710,67.690,67.710,2361,154802
1512748260,67.700,67.710,67.690,67.710,2357,154802
1512748320,67.660,67.710,67.660,67.710,2357,154802
1512748380,67.670,67.670,67.670,67.670,2357,154802
1512748440,67.700,67.680,67.680,67.700,2357,154802
1512748500,67.660,67.660,67.660,67.660,1946,166591
1512748560,67.660,67.660,67.660,67.660,1944,166591
1512748620,67.710,67.710,67.710,67.710,1944,166591
1512748680,67.720,67.660,67.660,67.720,1944,166591
1512748740,67.720,67.700,67.700,67.730,1944,166591
1512748800,67.690,67.810,67.690,67.810,4070,176313
1512748860,67.790,67.800,67.790,67.820,4068,176313
1512748920,67.800,67.770,67.770,67.810,4068,176313
1512748980,67.800,67.770,67.770,67.800,4068,176313
1512749040,67.740,67.740,67.710,67.740,4068,176313
1512749100,67.750,67.720,67.720,67.750,2343,196655
1512749160,67.720,67.690,67.690,67.720,2341,196655
1512749220,67.680,67.680,67.680,67.680,2341,196655
1512749280,67.680,67.680,67.660,67.680,2341,196655
1512749340,67.680,67.680,67.660,67.680,2341,196655
1512749400,67.720,67.720,67.720,67.720,857,208362
1512749460,67.730,67.750,67.730,67.750,853,208362
1512749520,67.690,67.750,67.690,67.750,853,208362
1512749580,67.690,67.750,67.690,67.750,853,208362
1512749640,67.760,67.710,67.710,67.760,853,208362
1512749700,67.680,67.650,67.650,67.680,1204,212631
1512749760,67.680,67.680,67.680,67.680,1204,212631
1512749820,67.720,67.720,67.720,67.720,1204,212631
1512749880,67.720,67.720,67.720,67.720,1204,212631
1512749940,67.730,67.730,67.730,67.730,1204,212631
1512750000,67.770,67.770,67.770,67.770,839,218651
1512750060,67.780,67.780,67.780,67.780,837,218651
1512750120,67.740,67.670,67.670,67.740,837,218651
1512750180,67.610,67.610,67.610,67.610,837,218651
1512750240,67.610,67.610,67.610,67.610,837,218651
1512750300,67.670,67.720,67.670,67.760,1381,222838
1512750360,67.670,67.720,67.670,67.760,1381,222838
1512750420,67.710,67.690,67.690,67.770,1381,222838
1512750480,67.680,67.610,67.610,67.680,1381,222838
1512750540,67.720,67.660,67.660,67.720,1381,222838
1512750600,67.660,67.670,67.660,67.680,1412,229743
1512750660,67.660,67.670,67.660,67.680,1411,229743
1512750720,67.750,67.750,67.750,67.750,1411,229743
1512750780,67.750,67.750,67.750,67.750,1411,229743
1512750840,67.780,67.680,67.680,67.780,1411,229743
1512750900,67.670,67.720,67.670,67.720,3862,236799
1512750960,67.730,67.730,67.730,67.730,3859,236799
1512751020,67.780,67.780,67.780,67.780,3859,236799
1512751080,67.780,67.800,67.780,67.800,3859,236799
1512751140,67.810,67.750,67.750,67.810,3859,236799
1512751200,67.730,67.800,67.730,67.830,3329,256097
1512751260,67.810,67.790,67.790,67.820,3326,256097
1512751320,67.800,67.760,67.760,67.800,3326,256097
1512751380,67.760,67.730,67.730,67.760,3326,256097
1512751440,67.760,67.760,67.740,67.760,3326,256097
1512751500,67.790,67.800,67.790,67.820,1979,272730
1512751560,67.810,67.760,67.760,67.810,1976,272730
1512751620,67.760,67.760,67.760,67.760,1976,272730
1512751680,67.800,67.800,67.800,67.800,1976,272730
1512751740,67.800,67.800,67.800,67.800,1976,272730
1512751800,67.820,67.820,67.820,67.820,1872,282613
1512751860,67.820,67.820,67.820,67.820,1870,282613
1512751920,67.740,67.620,67.620,67.740,1870,282613
1512751980,67.600,67.600,67.560,67.600,1870,282613
1512752040,67.600,67.600,67.560,67.600,1870,282613
1512752100,67.700,67.720,67.700,67.720,853,291965
1512752160,67.700,67.720,67.700,67.720,850,291965
1512752220,67.760,67.760,67.720,67.760,850,291965
1512752280,67.730,67.760,67.730,67.760,850,291965
1512752340,67.750,67.750,67.750,67.750,850,291965
1512752400,67.780,67.800,67.780,67.800,937,296218
1512752460,67.800,67.800,67.800,67.800,936,296218
1512752520,67.780,67.780,67.780,67.780,936,296218
1512752580,67.800,67.800,67.800,67.800,936,296218
1512752640,67.800,67.800,67.800,67.800,936,296218
1512752700,67.820,67.820,67.820,67.820,828,300899
1512752760,67.800,67.790,67.790,67.820,824,300899
1512752820,67.800,67.790,67.790,67.820,824,300899
1512752880,67.820,67.820,67.820,67.820,824,300899
1512752940,67.800,67.800,67.800,67.800,824,300899
1512753000,67.790,67.770,67.770,67.790,1236,305023
1512753060,67.760,67.750,67.750,67.760,1234,305023
1512753120,67.750,67.770,67.750,67.770,1234,305023
1512753180,67.800,67.800,67.800,67.800,1234,305023
1512753240,67.800,67.800,67.800,67.800,1234,305023
1512753300,67.810,67.800,67.800,67.810,1230,311195
1512753360,67.780,67.760,67.760,67.780,1229,311195
1512753420,67.810,67.810,67.810,67.810,1229,311195
1512753480,67.800,67.800,67.800,67.830,1229,311195
1512753540,67.810,67.800,67.800,67.810,1229,311195
1512753600,67.820,67.810,67.800,67.820,1770,317341
1512753660,67.790,67.800,67.790,67.810,1769,317341
1512753720,67.810,67.800,67.800,67.810,1769,317341
1512753780,67.830,67.830,67.830,67.830,1769,317341
1512753840,67.790,67.760,67.760,67.790,1769,317341
1512753900,67.740,67.720,67.720,67.740,1168,326187
1512753960,67.770,67.770,67.770,67.770,1167,326187
1512754020,67.770,67.770,67.770,67.770,1167,326187
1512754080,67.820,67.800,67.800,67.820,1167,326187
1512754140,67.810,67.750,67.750,67.810,1167,326187
1512754200,67.780,67.780,67.780,67.780,1541,332023
1512754260,67.800,67.800,67.800,67.800,1541,332023
1512754320,67.800,67.800,67.800,67.800,1541,332023
1512754380,67.800,67.770,67.770,67.820,1541,332023
1512754440,67.760,67.800,67.760,67.800,1541,332023
1512754500,67.790,67.790,67.790,67.810,3479,339728
1512754560,67.800,67.800,67.800,67.800,3479,339728
1512754620,67.800,67.800,67.800,67.800,3479,339728
1512754680,67.780,67.800,67.770,67.810,3479,339728
1512754740,67.810,67.800,67.800,67.810,3479,339728
1512754800,67.770,67.770,67.770,67.770,2141,357123
1512754860,67.780,67.780,67.780,67.780,2141,357123
1512754920,67.780,67.780,67.780,67.780,2141,357123
1512754980,67.790,67.760,67.760,67.810,2141,357123
1512755040,67.800,67.780,67.780,67.800,2141,357123
1512755100,67.780,67.800,67.780,67.800,2216,367828
1512755160,67.800,67.800,67.800,67.800,2216,367828
1512755220,67.780,67.800,67.770,67.800,2216,367828
1512755280,67.800,67.770,67.770,67.800,2216,367828
1512755340,67.770,67.800,67.770,67.820,2216,367828
1512755400,67.800,67.800,67.790,67.800,5626,378908
1512755460,67.800,67.800,67.800,67.830,5624,378908
1512755520,67.820,67.900,67.820,67.900,5624,378908
1512755580,67.890,68.080,67.890,68.080,5624,378908
1512755640,67.890,68.080,67.890,68.080,5624,378908
1512755700,68.090,68.060,68.060,68.090,577,407030
1512755760,68.060,68.060,68.060,68.060,574,407030
1512755820,68.060,68.010,68.000,68.080,574,407030
1512755880,68.060,68.010,68.000,68.080,574,407030
1512755940,68.060,68.010,68.000,68.080,574,407030
1512756000,68.100,68.020,68.020,68.100,661,409903
1512756060,67.980,67.980,67.980,67.980,657,409903
1512756120,67.950,67.950,67.950,67.950,657,409903
1512756180,68.010,68.010,68.010,68.010,657,409903
1512756240,68.010,68.010,68.010,68.010,657,409903
1512756300,67.980,67.990,67.980,68.010,443,413192
1512756360,68.010,68.050,68.010,68.050,440,413192
1512756420,68.010,68.050,68.010,68.050,440,413192
1512756480,68.070,68.070,68.070,68.070,440,413192
1512756540,68.070,68.070,68.070,68.070,440,413192
1512756600,68.100,68.150,68.100,68.150,7881,415395
1512756660,68.210,68.200,68.160,68.210,7878,415395
1512756720,68.280,68.460,68.280,68.580,7878,415395
1512756780,68.480,68.690,68.480,68.690,7878,415395
1512756840,68.540,68.540,68.540,68.540,7878,415395
1512756900,68.320,68.360,68.320,68.360,475,454788
1512756960,68.480,68.480,68.480,68.480,472,454788
1512757020,68.480,68.480,68.480,68.480,472,454788
1512757080,68.480,68.480,68.480,68.480,472,454788
1512757140,68.480,68.480,68.480,68.480,472,454788
1512757200,68.510,68.510,68.470,68.510,613,457151
1512757260,68.510,68.510,68.470,68.510,609,457151
1512757320,68.420,68.420,68.420,68.420,609,457151
1512757380,68.420,68.420,68.420,68.420,609,457151
1512757440,68.470,68.470,68.470,68.470,609,457151
1512757500,68.460,68.420,68.420,68.460,735,460200
1512757560,68.460,68.420,68.420,68.460,735,460200
1512757620,68.480,68.480,68.480,68.480,735,460200
1512757680,68.430,68.430,68.430,68.430,735,460200
1512757740,68.340,68.360,68.340,68.360,735,460200
1512757800,68.380,68.380,68.380,68.380,189,463875
1512757860,68.380,68.380,68.380,68.380,187,463875
1512757920,68.420,68.420,68.420,68.420,187,463875
1512757980,68.430,68.430,68.430,68.430,187,463875
1512758040,68.430,68.430,68.430,68.430,187,463875
1512758100,68.380,68.250,68.250,68.380,7202,464812
1512758160,68.300,68.300,68.300,68.300,7201,464812
1512758220,68.300,68.300,68.300,68.300,7201,464812
1512758280,68.300,68.320,68.300,68.320,7201,464812
1512758340,68.290,68.290,68.290,68.290,7201,464812
1512758400,68.290,68.290,68.290,68.290,619,500818
1512758460,68.250,68.250,68.250,68.250,618,500818
1512758520,68.260,68.270,68.230,68.270,618,500818
1512758580,68.260,68.270,68.230,68.270,618,500818
1512758640,68.300,68.300,68.300,68.300,618,500818
1512758700,68.300,68.300,68.300,68.300,379,503909
1512758760,68.360,68.360,68.360,68.360,375,503909
1512758820,68.360,68.360,68.360,68.360,375,503909
1512758880,68.350,68.350,68.350,68.350,375,503909
1512758940,68.390,68.390,68.390,68.390,375,503909
1512759000,68.390,68.390,68.390,68.390,747,505788
1512759060,68.420,68.420,68.420,68.420,745,505788
1512759120,68.430,68.430,68.430,68.430,745,505788
1512759180,68.430,68.390,68.390,68.430,745,505788
1512759240,68.430,68.390,68.390,68.430,745,505788
1512759300,68.410,68.370,68.370,68.410,1233,509515
1512759360,68.360,68.360,68.360,68.360,1233,509515
1512759420,68.380,68.380,68.380,68.410,1233,509515
1512759480,68.390,68.410,68.380,68.410,1233,509515
1512759540,68.420,68.450,68.420,68.450,1233,509515
1512759600,68.480,68.500,68.480,68.500,1636,515680
1512759660,68.490,68.490,68.490,68.490,1635,515680
1512759720,68.480,68.440,68.440,68.480,1635,515680
1512759780,68.470,68.480,68.470,68.480,1635,515680
1512759840,68.470,68.480,68.470,68.480,1635,515680
1512759900,68.490,68.480,68.480,68.490,2395,523856
1512759960,68.500,68.430,68.430,68.500,2394,523856
1512760020,68.450,68.460,68.440,68.460,2394,523856
1512760080,68.410,68.410,68.410,68.410,2394,523856
1512760140,68.410,68.410,68.410,68.410,2394,523856
1512760200,68.440,68.440,68.440,68.460,1299,535827
1512760260,68.410,68.410,68.410,68.410,1296,535827
1512760320,68.390,68.380,68.380,68.390,1296,535827
1512760380,68.360,68.370,68.320,68.370,1296,535827
1512760440,68.410,68.400,68.400,68.410,1296,535827
1512760500,68.430,68.390,68.390,68.430,3855,542310
1512760560,68.390,68.320,68.320,68.390,3855,542310
1512760620,68.420,68.420,68.420,68.420,3855,542310
1512760680,68.460,68.450,68.450,68.480,3855,542310
1512760740,68.460,68.450,68.450,68.480,3855,542310
1512760800,68.460,68.450,68.450,68.480,954,561585
1512760860,68.420,68.450,68.420,68.490,954,561585
1512760920,68.450,68.450,68.450,68.450,954,561585
1512760980,68.450,68.450,68.450,68.450,954,561585
1512761040,68.390,68.430,68.390,68.430,954,561585
1512761100,68.430,68.430,68.430,68.430,547,566355
1512761160,68.430,68.450,68.430,68.480,546,566355
1512761220,68.450,68.450,68.450,68.450,546,566355
1512761280,68.490,68.490,68.490,68.490,546,566355
1512761340,68.480,68.440,68.440,68.480,546,566355
1512761400,68.420,68.410,68.410,68.420,2066,569086
1512761460,68.410,68.370,68.370,68.410,2063,569086
1512761520,68.400,68.370,68.370,68.400,2063,569086
1512761580,68.360,68.400,68.360,68.400,2063,569086
1512761640,68.400,68.430,68.400,68.430,2063,569086
1512761700,68.460,68.400,68.400,68.460,1589,579404
1512761760,68.430,68.450,68.430,68.450,1588,579404
1512761820,68.470,68.440,68.440,68.470,1588,579404
1512761880,68.460,68.460,68.460,68.460,1588,579404
1512761940,68.490,68.490,68.490,68.490,1588,579404
1512762000,68.500,68.470,68.470,68.500,904,587345
1512762060,68.460,68.430,68.430,68.460,900,587345
1512762120,68.430,68.430,68.430,68.430,900,587345
1512762180,68.430,68.430,68.430,68.430,900,587345
1512762240,68.460,68.440,68.440,68.460,900,587345
1512762300,68.470,68.500,68.470,68.500,1271,591849
1512762360,68.500,68.500,68.500,68.500,1270,591849
1512762420,68.520,68.500,68.500,68.520,1270,591849
1512762480,68.490,68.490,68.490,68.490,1270,591849
1512762540,68.490,68.490,68.490,68.490,1270,591849
1512762600,68.490,68.490,68.490,68.490,2075,598200
1512762660,68.500,68.500,68.500,68.500,2074,598200
1512762720,68.520,68.520,68.520,68.520,2074,598200
1512762780,68.510,68.510,68.510,68.510,2074,598200
1512762840,68.520,68.520,68.520,68.520,2074,598200
1512762900,68.520,68.470,68.470,68.520,2412,608571
1512762960,68.510,68.510,68.510,68.510,2410,608571
1512763020,68.520,68.520,68.520,68.520,2410,608571
1512763080,68.530,68.530,68.530,68.530,2410,608571
1512763140,68.530,68.490,68.490,68.530,2410,608571
1512763200,68.490,68.490,68.490,68.490,1350,620623
1512763260,68.520,68.520,68.520,68.520,1348,620623
1512763320,68.540,68.560,68.540,68.560,1348,620623
1512763380,68.560,68.560,68.560,68.560,1348,620623
1512763440,68.530,68.510,68.510,68.540,1348,620623
1512763500,68.550,68.520,68.520,68.550,1496,627365
1512763560,68.540,68.520,68.520,68.540,1494,627365
1512763620,68.520,68.510,68.480,68.520,1494,627365
1512763680,68.510,68.510,68.510,68.520,1494,627365
1512763740,68.520,68.520,68.520,68.520,1494,627365
1512763800,68.540,68.550,68.540,68.550,1429,634837
1512763860,68.540,68.550,68.540,68.550,1425,634837
1512763920,68.540,68.550,68.540,68.550,1425,634837
1512763980,68.550,68.540,68.540,68.550,1425,634837
1512764040,68.550,68.540,68.540,68.550,1425,634837
1512764100,68.550,68.530,68.530,68.550,1768,641966
1512764160,68.520,68.520,68.520,68.520,1766,641966
1512764220,68.450,68.450,68.450,68.450,1766,641966
1512764280,68.450,68.450,68.450,68.450,1766,641966
1512764340,68.470,68.480,68.450,68.490,1766,641966
1512764400,68.500,68.500,68.500,68.500,702,650798
1512764460,68.530,68.530,68.530,68.530,701,650798
1512764520,68.530,68.530,68.530,68.530,701,650798
1512764580,68.530,68.530,68.530,68.530,701,650798
1512764640,68.550,68.550,68.550,68.560,701,650798
1512764700,68.550,68.560,68.550,68.560,1578,654304
1512764760,68.520,68.490,68.490,68.550,1578,654304
1512764820,68.480,68.480,68.480,68.500,1578,654304
1512764880,68.480,68.500,68.480,68.500,1578,654304
1512764940,68.480,68.500,68.480,68.500,1578,654304
1512765000,68.490,68.490,68.490,68.490,1818,662194
1512765060,68.440,68.450,68.440,68.450,1817,662194
1512765120,68.470,68.490,68.470,68.490,1817,662194
1512765180,68.470,68.490,68.470,68.490,1817,662194
1512765240,68.460,68.470,68.460,68.470,1817,662194
1512765300,68.440,68.440,68.440,68.440,2724,671280
1512765360,68.410,68.410,68.410,68.410,2720,671280
1512765420,68.400,68.430,68.370,68.430,2720,671280
1512765480,68.430,68.430,68.430,68.430,2720,671280
1512765540,68.430,68.380,68.380,68.430,2720,671280
1512765600,68.370,68.370,68.370,68.370,3136,684884
1512765660,68.380,68.390,68.380,68.410,3134,684884
1512765720,68.420,68.430,68.420,68.430,3134,684884
1512765780,68.440,68.420,68.410,68.440,3134,684884
1512765840,68.430,68.390,68.390,68.430,3134,684884
1512765900,68.360,68.360,68.360,68.390,4725,700556
1512765960,68.410,68.410,68.390,68.430,4721,700556
1512766020,68.410,68.480,68.410,68.480,4721,700556
1512766080,68.420,68.460,68.370,68.460,4721,700556
1512766140,68.440,68.390,68.390,68.440,4721,700556
1512766200,68.390,68.470,68.390,68.470,3913,724165
1512766260,68.480,68.490,68.480,68.490,3909,724165
1512766320,68.470,68.500,68.470,68.500,3909,724165
1512766380,68.500,68.530,68.500,68.530,3909,724165
1512766440,68.530,68.500,68.500,68.530,3909,724165
1512766500,68.520,68.500,68.490,68.530,20845,743714
1512766560,68.480,68.470,68.460,68.500,20843,743714
1512766620,68.480,68.460,68.440,68.480,20843,743714
1512766680,68.470,68.460,68.440,68.480,20843,743714
1512766740,68.460,68.510,68.460,68.510,20843,743714
1513002600,68.510,68.450,68.450,68.510,2889,0
1513002660,68.500,68.500,68.500,68.500,2886,0
1513002720,68.480,68.480,68.480,68.480,2886,0
1513002780,68.480,68.240,68.240,68.480,2886,0
1513002840,68.220,68.220,68.220,68.220,2886,0
1513002900,68.200,68.200,68.200,68.200,1359,14433
1513002960,68.200,68.240,68.160,68.240,1358,14433
1513003020,68.120,68.090,68.090,68.120,1358,14433
1513003080,68.070,68.070,68.070,68.070,1358,14433
1513003140,67.940,67.930,67.930,67.940,1358,14433
1513003200,67.830,68.030,67.830,68.030,880,21224
1513003260,68.190,68.190,68.190,68.190,876,21224
1513003320,68.190,68.190,68.190,68.190,876,21224
1513003380,68.220,68.220,68.220,68.220,876,21224
1513003440,68.520,68.520,68.520,68.520,876,21224
1513003500,68.520,68.360,68.360,68.520,1511,25608
1513003560,68.350,68.310,68.310,68.350,1510,25608
1513003620,68.150,68.150,68.150,68.150,1510,25608
1513003680,68.100,68.090,68.090,68.100,1510,25608
1513003740,68.110,68.140,68.110,68.140,1510,25608
1513003800,68.120,68.180,68.120,68.180,867,33159
1513003860,68.280,68.280,68.280,68.280,864,33159
1513003920,68.290,68.290,68.290,68.290,864,33159
1513003980,68.330,68.350,68.330,68.350,864,33159
1513004040,68.390,68.360,68.360,68.390,864,33159
1513004100,68.390,68.360,68.360,68.390,685,37482
1513004160,68.360,68.330,68.330,68.360,683,37482
1513004220,68.340,68.380,68.340,68.380,683,37482
1513004280,68.480,68.480,68.480,68.480,683,37482
1513004340,68.460,68.460,68.460,68.460,683,37482
1513004400,68.460,68.410,68.400,68.460,1561,40899
1513004460,68.420,68.420,68.420,68.420,1558,40899
1513004520,68.420,68.420,68.420,68.420,1558,40899
1513004580,68.490,68.510,68.490,68.510,1558,40899
1513004640,68.510,68.510,68.510,68.510,1558,40899
1513004700,68.540,68.500,68.500,68.540,1734,48692
1513004760,68.500,68.560,68.500,68.560,1734,48692
1513004820,68.570,68.510,68.500,68.570,1734,48692
1513004880,68.500,68.480,68.480,68.500,1734,48692
1513004940,68.490,68.490,68.490,68.490,1734,48692
1513005000,68.490,68.490,68.490,68.490,1520,57362
1513005060,68.480,68.500,68.480,68.520,1518,57362
1513005120,68.480,68.400,68.400,68.480,1518,57362
1513005180,68.380,68.340,68.340,68.380,1518,57362
1513005240,68.330,68.350,68.330,68.350,1518,57362
1513005300,68.360,68.280,68.280,68.360,817,64954
1513005360,68.300,68.300,68.300,68.300,815,64954
1513005420,68.270,68.270,68.270,68.270,815,64954
1513005480,68.250,68.250,68.250,68.250,815,64954
1513005540,68.250,68.250,68.250,68.250,815,64954
1513005600,68.250,68.160,68.160,68.250,1728,69031
1513005660,68.160,68.160,68.160,68.160,1724,69031
1513005720,68.130,68.090,68.090,68.130,1724,69031
1513005780,68.020,68.020,68.020,68.020,1724,69031
1513005840,68.120,68.120,68.120,68.120,1724,69031
1513005900,68.160,68.160,68.160,68.160,816,77655
1513005960,68.160,68.160,68.160,68.160,815,77655
1513006020,68.160,68.180,68.160,68.180,815,77655
1513006080,68.100,68.080,68.080,68.100,815,77655
1513006140,68.100,68.080,68.080,68.100,815,77655
1513006200,68.040,68.040,68.040,68.040,1067,81731
1513006260,68.040,68.040,68.040,68.040,1065,81731
1513006320,68.080,68.140,68.080,68.140,1065,81731
1513006380,68.100,68.060,68.060,68.100,1065,81731
1513006440,68.070,68.070,68.070,68.070,1065,81731
1513006500,68.090,68.130,68.090,68.130,746,87058
1513006560,68.150,68.150,68.150,68.150,742,87058
1513006620,68.180,68.180,68.180,68.180,742,87058
1513006680,68.200,68.160,68.160,68.200,742,87058
1513006740,68.190,68.190,68.190,68.190,742,87058
1513006800,68.190,68.190,68.190,68.190,459,90772
1513006860,68.170,68.140,68.140,68.170,457,90772
1513006920,68.180,68.180,68.180,68.180,457,90772
1513006980,68.160,68.160,68.160,68.160,457,90772
1513007040,68.160,68.160,68.160,68.160,457,90772
1513007100,68.180,68.180,68.180,68.180,985,93059
1513007160,68.210,68.230,68.210,68.230,981,93059
1513007220,68.210,68.230,68.210,68.230,981,93059
1513007280,68.170,68.160,68.160,68.170,981,93059
1513007340,68.170,68.160,68.160,68.170,981,93059
1513007400,68.200,68.270,68.200,68.270,665,97968
1513007460,68.280,68.280,68.280,68.280,664,97968
1513007520,68.300,68.220,68.200,68.300,664,97968
1513007580,68.300,68.220,68.200,68.300,664,97968
1513007640,68.260,68.260,68.260,68.260,664,97968
1513007700,68.270,68.270,68.270,68.270,800,101289
1513007760,68.300,68.170,68.170,68.300,798,101289
1513007820,68.300,68.170,68.170,68.300,798,101289
1513007880,68.140,68.140,68.140,68.150,798,101289
1513007940,68.170,68.170,68.170,68.170,798,101289
1513008000,68.130,68.140,68.130,68.140,2146,105281
1513008060,68.150,68.150,68.150,68.150,2143,105281
1513008120,68.160,68.180,68.160,68.180,2143,105281
1513008180,68.180,68.140,68.140,68.180,2143,105281
1513008240,68.140,68.170,68.140,68.180,2143,105281
1513008300,68.200,68.220,68.200,68.220,1044,115999
1513008360,68.220,68.180,68.180,68.220,1043,115999
1513008420,68.180,68.170,68.170,68.180,1043,115999
1513008480,68.170,68.200,68.170,68.200,1043,115999
1513008540,68.170,68.200,68.170,68.200,1043,115999
1513008600,68.170,68.200,68.170,68.200,316,121215
1513008660,68.240,68.240,68.240,68.240,314,121215
1513008720,68.240,68.240,68.240,68.240,314,121215
1513008780,68.240,68.280,68.240,68.280,314,121215
1513008840,68.240,68.280,68.240,68.280,314,121215
1513008900,68.240,68.270,68.240,68.270,956,122787
1513008960,68.240,68.270,68.240,68.270,952,122787
1513009020,68.280,68.300,68.280,68.310,952,122787
1513009080,68.280,68.300,68.280,68.310,952,122787
1513009140,68.330,68.330,68.330,68.330,952,122787
1513009200,68.330,68.310,68.310,68.330,764,127551
1513009260,68.320,68.320,68.320,68.320,761,127551
1513009320,68.310,68.270,68.240,68.310,761,127551
1513009380,68.310,68.270,68.240,68.310,761,127551
1513009440,68.310,68.270,68.240,68.310,761,127551
1513009500,68.220,68.250,68.220,68.250,728,131359
1513009560,68.270,68.270,68.270,68.270,728,131359
1513009620,68.230,68.270,68.230,68.270,728,131359
1513009680,68.310,68.310,68.310,68.310,728,131359
1513009740,68.310,68.310,68.310,68.310,728,131359
1513009800,68.310,68.310,68.310,68.310,1624,134999
1513009860,68.260,68.270,68.260,68.270,1622,134999
1513009920,68.270,68.300,68.270,68.300,1622,134999
1513009980,68.260,68.260,68.240,68.270,1622,134999
1513010040,68.280,68.290,68.280,68.290,1622,134999
1513010100,68.250,68.280,68.250,68.280,1899,143111
1513010160,68.310,68.320,68.280,68.320,1896,143111
1513010220,68.290,68.270,68.270,68.290,1896,143111
1513010280,68.260,68.270,68.260,68.270,1896,143111
1513010340,68.300,68.300,68.300,68.300,1896,143111
1513010400,68.290,68.360,68.290,68.360,1229,152594
1513010460,68.370,68.360,68.360,68.380,1225,152594
1513010520,68.380,68.380,68.380,68.380,1225,152594
1513010580,68.360,68.360,68.360,68.360,1225,152594
1513010640,68.360,68.360,68.360,68.360,1225,152594
1513010700,68.360,68.360,68.360,68.360,2188,158723
1513010760,68.330,68.330,68.330,68.330,2187,158723
1513010820,68.340,68.340,68.340,68.340,2187,158723
1513010880,68.340,68.390,68.330,68.390,2187,158723
1513010940,68.380,68.380,68.360,68.380,2187,158723
1513011000,68.380,68.400,68.380,68.410,2418,169659
1513011060,68.360,68.360,68.360,68.360,2414,169659
1513011120,68.360,68.380,68.350,68.380,2414,169659
1513011180,68.390,68.400,68.390,68.400,2414,169659
1513011240,68.420,68.420,68.420,68.420,2414,169659
1513011300,68.420,68.420,68.420,68.420,1371,181733
1513011360,68.380,68.430,68.380,68.430,1367,181733
1513011420,68.440,68.420,68.410,68.450,1367,181733
1513011480,68.380,68.350,68.350,68.380,1367,181733
1513011540,68.340,68.340,68.340,68.340,1367,181733
1513011600,68.340,68.350,68.340,68.350,908,188572
1513011660,68.330,68.310,68.310,68.330,908,188572
1513011720,68.310,68.310,68.310,68.310,908,188572
1513011780,68.330,68.320,68.320,68.330,908,188572
1513011840,68.320,68.320,68.320,68.320,908,188572
1513011900,68.330,68.330,68.330,68.330,811,193112
1513011960,68.310,68.300,68.300,68.310,807,193112
1513012020,68.310,68.300,68.300,68.310,807,193112
1513012080,68.320,68.290,68.290,68.320,807,193112
1513012140,68.300,68.300,68.300,68.300,807,193112
1513012200,68.300,68.300,68.300,68.300,1895,197151
1513012260,68.290,68.250,68.250,68.290,1891,197151
1513012320,68.250,68.250,68.250,68.260,1891,197151
1513012380,68.260,68.280,68.260,68.280,1891,197151
1513012440,68.280,68.310,68.280,68.320,1891,197151
1513012500,68.300,68.260,68.260,68.300,3856,206610
1513012560,68.250,68.250,68.250,68.250,3856,206610
1513012620,68.250,68.260,68.250,68.260,3856,206610
1513012680,68.280,68.280,68.280,68.280,3856,206610
1513012740,68.270,68.270,68.270,68.270,3856,206610
1513012800,68.250,68.250,68.250,68.250,849,225890
1513012860,68.240,68.250,68.240,68.270,849,225890
1513012920,68.240,68.250,68.240,68.270,849,225890
1513012980,68.250,68.230,68.230,68.250,849,225890
1513013040,68.250,68.260,68.250,68.260,849,225890
1513013100,68.270,68.270,68.270,68.270,1141,230135
1513013160,68.270,68.270,68.270,68.270,1141,230135
1513013220,68.230,68.250,68.230,68.250,1141,230135
1513013280,68.240,68.270,68.240,68.270,1141,230135
1513013340,68.250,68.250,68.240,68.250,1141,230135
1513013400,68.260,68.260,68.260,68.260,544,235840
1513013460,68.270,68.260,68.250,68.270,542,235840
1513013520,68.240,68.250,68.240,68.250,542,235840
1513013580,68.240,68.250,68.240,68.250,542,235840
1513013640,68.230,68.230,68.230,68.230,542,235840
1513013700,68.250,68.250,68.250,68.250,808,238552
1513013760,68.260,68.260,68.260,68.260,804,238552
1513013820,68.260,68.270,68.260,68.270,804,238552
1513013880,68.250,68.260,68.250,68.260,804,238552
1513013940,68.250,68.220,68.220,68.250,804,238552
1513014000,68.250,68.250,68.250,68.250,1395,242576
1513014060,68.250,68.250,68.250,68.250,1395,242576
1513014120,68.260,68.280,68.260,68.280,1395,242576
1513014180,68.250,68.250,68.250,68.250,1395,242576
1513014240,68.280,68.250,68.250,68.280,1395,242576
1513014300,68.280,68.250,68.250,68.280,1308,249551
1513014360,68.250,68.260,68.240,68.260,1305,249551
1513014420,68.240,68.240,68.230,68.240,1305,249551
1513014480,68.240,68.250,68.210,68.250,1305,249551
1513014540,68.210,68.210,68.210,68.210,1305,249551
1513014600,68.210,68.210,68.210,68.210,501,256079
1513014660,68.250,68.250,68.250,68.250,500,256079
1513014720,68.240,68.260,68.240,68.260,500,256079
1513014780,68.250,68.250,68.250,68.250,500,256079
1513014840,68.260,68.260,68.260,68.260,500,256079
1513014900,68.250,68.230,68.230,68.250,1121,258580
1513014960,68.200,68.250,68.200,68.250,1118,258580
1513015020,68.250,68.250,68.250,68.250,1118,258580
1513015080,68.260,68.220,68.220,68.260,1118,258580
1513015140,68.220,68.250,68.220,68.250,1118,258580
1513015200,68.230,68.260,68.230,68.260,1053,264173
1513015260,68.230,68.210,68.190,68.230,1053,264173
1513015320,68.230,68.210,68.190,68.230,1053,264173
1513015380,68.200,68.200,68.200,68.200,1053,264173
1513015440,68.200,68.200,68.200,68.200,1053,264173
1513015500,68.200,68.180,68.180,68.200,1757,269438
1513015560,68.190,68.190,68.190,68.190,1755,269438
1513015620,68.230,68.240,68.230,68.240,1755,269438
1513015680,68.230,68.240,68.230,68.240,1755,269438
1513015740,68.250,68.250,68.250,68.250,1755,269438
1513015800,68.260,68.260,68.260,68.260,605,278215
1513015860,68.310,68.310,68.310,68.310,604,278215
1513015920,68.310,68.310,68.310,68.310,604,278215
1513015980,68.250,68.250,68.250,68.290,604,278215
1513016040,68.250,68.230,68.230,68.250,604,278215
1513016100,68.260,68.260,68.260,68.260,642,281236
1513016160,68.270,68.290,68.270,68.290,642,281236
1513016220,68.290,68.300,68.290,68.300,642,281236
1513016280,68.290,68.300,68.290,68.300,642,281236
1513016340,68.270,68.270,68.270,68.270,642,281236
1513016400,68.250,68.270,68.250,68.270,488,284446
1513016460,68.250,68.250,68.250,68.250,488,284446
1513016520,68.250,68.250,68.250,68.250,488,284446
1513016580,68.250,68.240,68.230,68.250,488,284446
1513016640,68.250,68.240,68.230,68.250,488,284446
1513016700,68.250,68.280,68.250,68.280,864,286886
1513016760,68.260,68.260,68.260,68.260,860,286886
1513016820,68.230,68.230,68.230,68.230,860,286886
1513016880,68.230,68.230,68.230,68.230,860,286886
1513016940,68.250,68.270,68.240,68.270,860,286886
1513017000,68.240,68.240,68.240,68.240,590,291190
1513017060,68.200,68.200,68.200,68.200,590,291190
1513017120,68.210,68.240,68.210,68.240,590,291190
1513017180,68.250,68.250,68.250,68.250,590,291190
1513017240,68.230,68.230,68.230,68.230,590,291190
1513017300,68.250,68.250,68.250,68.250,855,294140
1513017360,68.260,68.230,68.230,68.260,854,294140
1513017420,68.230,68.250,68.230,68.260,854,294140
1513017480,68.230,68.230,68.230,68.230,854,294140
1513017540,68.250,68.250,68.250,68.250,854,294140
1513017600,68.250,68.270,68.250,68.280,1054,298411
1513017660,68.250,68.270,68.250,68.280,1053,298411
1513017720,68.250,68.270,68.250,68.280,1053,298411
1513017780,68.240,68.250,68.230,68.250,1053,298411
1513017840,68.230,68.250,68.230,68.250,1053,298411
1513017900,68.230,68.250,68.230,68.250,596,303677
1513017960,68.260,68.240,68.240,68.260,593,303677
1513018020,68.250,68.240,68.240,68.250,593,303677
1513018080,68.250,68.250,68.250,68.250,593,303677
1513018140,68.230,68.240,68.230,68.250,593,303677
1513018200,68.230,68.240,68.230,68.240,1000,306645
1513018260,68.250,68.250,68.250,68.250,999,306645
1513018320,68.230,68.260,68.230,68.260,999,306645
1513018380,68.250,68.240,68.240,68.250,999,306645
1513018440,68.250,68.260,68.250,68.260,999,306645
1513018500,68.250,68.280,68.250,68.280,896,311641
1513018560,68.280,68.260,68.260,68.280,892,311641
1513018620,68.260,68.260,68.260,68.260,892,311641
1513018680,68.250,68.240,68.240,68.250,892,311641
1513018740,68.260,68.250,68.250,68.260,892,311641
1513018800,68.250,68.250,68.230,68.250,571,316105
1513018860,68.250,68.250,68.250,68.250,568,316105
1513018920,68.260,68.260,68.260,68.260,568,316105
1513018980,68.260,68.260,68.260,68.260,568,316105
1513019040,68.260,68.240,68.240,68.260,568,316105
1513019100,68.240,68.260,68.240,68.270,1036,318948
1513019160,68.240,68.260,68.240,68.270,1035,318948
1513019220,68.270,68.250,68.240,68.270,1035,318948
1513019280,68.270,68.250,68.240,68.270,1035,318948
1513019340,68.260,68.260,68.260,68.260,1035,318948
1513019400,68.250,68.250,68.250,68.250,882,324124
1513019460,68.240,68.250,68.240,68.250,879,324124
1513019520,68.240,68.240,68.240,68.240,879,324124
1513019580,68.270,68.240,68.240,68.270,879,324124
1513019640,68.250,68.250,68.250,68.250,879,324124
1513019700,68.250,68.250,68.250,68.250,2519,328522
1513019760,68.250,68.310,68.250,68.310,2517,328522
1513019820,68.340,68.360,68.340,68.360,2517,328522
1513019880,68.360,68.380,68.360,68.380,2517,328522
1513019940,68.380,68.380,68.380,68.380,2517,328522
1513020000,68.370,68.370,68.370,68.370,542,341109
1513020060,68.350,68.350,68.350,68.350,540,341109
1513020120,68.340,68.380,68.340,68.380,540,341109
1513020180,68.380,68.360,68.360,68.380,540,341109
1513020240,68.380,68.360,68.360,68.380,540,341109
1513020300,68.380,68.380,68.380,68.380,1122,343811
1513020360,68.360,68.360,68.360,68.360,1122,343811
1513020420,68.340,68.380,68.340,68.380,1122,343811
1513020480,68.360,68.360,68.360,68.370,1122,343811
1513020540,68.370,68.300,68.300,68.370,1122,343811
1513020600,68.280,68.280,68.280,68.280,904,349421
1513020660,68.260,68.270,68.260,68.270,904,349421
1513020720,68.250,68.250,68.250,68.250,904,349421
1513020780,68.250,68.270,68.240,68.270,904,349421
1513020840,68.270,68.250,68.240,68.270,904,349421
1513020900,68.240,68.260,68.240,68.260,1748,353941
1513020960,68.260,68.250,68.250,68.260,1745,353941
1513021020,68.250,68.250,68.250,68.250,1745,353941
1513021080,68.260,68.260,68.260,68.260,1745,353941
1513021140,68.270,68.240,68.240,68.280,1745,353941
1513021200,68.260,68.260,68.260,68.260,513,362669
1513021260,68.260,68.260,68.260,68.260,513,362669
1513021320,68.280,68.280,68.280,68.280,513,362669
1513021380,68.270,68.270,68.270,68.270,513,362669
1513021440,68.280,68.280,68.280,68.280,513,362669
1513021500,68.260,68.260,68.260,68.270,1613,365234
1513021560,68.270,68.270,68.270,68.270,1610,365234
1513021620,68.270,68.280,68.260,68.280,1610,365234
1513021680,68.290,68.280,68.280,68.310,1610,365234
1513021740,68.270,68.270,68.250,68.270,1610,365234
1513021800,68.240,68.250,68.240,68.250,1115,373287
1513021860,68.250,68.250,68.250,68.250,1115,373287
1513021920,68.260,68.260,68.260,68.260,1115,373287
1513021980,68.260,68.270,68.260,68.270,1115,373287
1513022040,68.260,68.260,68.260,68.260,1115,373287
1513022100,68.260,68.260,68.260,68.260,761,378862
1513022160,68.270,68.250,68.250,68.270,760,378862
1513022220,68.260,68.270,68.250,68.270,760,378862
1513022280,68.270,68.270,68.270,68.270,760,378862
1513022340,68.270,68.270,68.270,68.270,760,378862
1513022400,68.250,68.260,68.250,68.260,1893,382663
1513022460,68.260,68.240,68.240,68.260,1892,382663
1513022520,68.240,68.230,68.230,68.240,1892,382663
1513022580,68.240,68.250,68.230,68.260,1892,382663
1513022640,68.270,68.270,68.270,68.270,1892,382663
1513022700,68.250,68.250,68.250,68.250,1647,392124
1513022760,68.250,68.250,68.250,68.250,1644,392124
1513022820,68.250,68.250,68.250,68.250,1644,392124
1513022880,68.250,68.250,68.250,68.250,1644,392124
1513022940,68.240,68.250,68.240,68.260,1644,392124
1513023000,68.250,68.250,68.240,68.250,2018,400347
1513023060,68.250,68.250,68.250,68.250,2017,400347
1513023120,68.250,68.260,68.250,68.290,2017,400347
1513023180,68.250,68.250,68.250,68.250,2017,400347
1513023240,68.250,68.270,68.250,68.270,2017,400347
1513023300,68.270,68.280,68.270,68.280,1105,410433
1513023360,68.280,68.250,68.250,68.280,1103,410433
1513023420,68.280,68.250,68.250,68.280,1103,410433
1513023480,68.250,68.250,68.250,68.250,1103,410433
1513023540,68.240,68.220,68.220,68.240,1103,410433
1513023600,68.220,68.220,68.220,68.230,1841,415950
1513023660,68.210,68.190,68.190,68.210,1840,415950
1513023720,68.190,68.190,68.190,68.190,1840,415950
1513023780,68.210,68.210,68.210,68.210,1840,415950
1513023840,68.200,68.190,68.190,68.200,1840,415950
1513023900,68.190,68.220,68.190,68.220,2386,425151
1513023960,68.230,68.250,68.230,68.250,2385,425151
1513024020,68.230,68.200,68.200,68.230,2385,425151
1513024080,68.190,68.200,68.190,68.200,2385,425151
1513024140,68.190,68.190,68.190,68.190,2385,425151
1513024200,68.190,68.210,68.190,68.220,3427,437077
1513024260,68.220,68.200,68.180,68.220,3423,437077
1513024320,68.190,68.190,68.190,68.190,3423,437077
1513024380,68.200,68.220,68.200,68.220,3423,437077
1513024440,68.220,68.220,68.220,68.220,3423,437077
1513024500,68.230,68.230,68.220,68.230,3117,454196
1513024560,68.220,68.210,68.200,68.220,3117,454196
1513024620,68.210,68.200,68.200,68.210,3117,454196
1513024680,68.200,68.210,68.200,68.210,3117,454196
1513024740,68.200,68.200,68.190,68.200,3117,454196
1513024800,68.210,68.210,68.210,68.220,3193,469781
1513024860,68.190,68.190,68.180,68.190,3189,469781
1513024920,68.190,68.210,68.190,68.210,3189,469781
1513024980,68.200,68.210,68.200,68.210,3189,469781
1513025040,68.220,68.220,68.200,68.220,3189,469781
1513025100,68.210,68.210,68.200,68.210,5599,485730
1513025160,68.200,68.210,68.200,68.210,5596,485730
1513025220,68.210,68.250,68.210,68.250,5596,485730
1513025280,68.240,68.260,68.240,68.270,5596,485730
1513025340,68.270,68.240,68.240,68.270,5596,485730
1513025400,68.260,68.250,68.230,68.260,6441,513713
1513025460,68.240,68.260,68.240,68.260,6440,513713
1513025520,68.250,68.280,68.250,68.280,6440,513713
1513025580,68.280,68.300,68.280,68.310,6440,513713
1513025640,68.300,68.340,68.300,68.340,6440,513713
1513025700,68.340,68.340,68.330,68.360,26682,545914
1513025760,68.350,68.380,68.350,68.380,26680,545914
1513025820,68.370,68.390,68.370,68.400,26680,545914
1513025880,68.400,68.400,68.390,68.410,26680,545914
1513025940,68.390,68.380,68.380,68.420,26680,545914
1513089000,68.340,68.340,68.340,68.340,1681,0
1513089060,68.340,68.340,68.340,68.340,1679,0
1513089120,68.340,68.340,68.340,68.340,1679,0
1513089180,68.400,68.600,68.400,68.600,1679,0
1513089240,68.540,68.680,68.540,68.680,1679,0
1513089300,68.660,68.560,68.540,68.660,2116,8397
1513089360,68.610,68.610,68.610,68.610,2116,8397
1513089420,68.610,68.490,68.490,68.610,2116,8397
1513089480,68.600,68.800,68.550,68.800,2116,8397
1513089540,68.710,68.950,68.710,68.950,2116,8397
1513089600,68.940,68.940,68.940,68.940,1547,18977
1513089660,68.950,68.950,68.950,68.950,1547,18977
1513089720,68.860,68.870,68.820,68.870,1547,18977
1513089780,68.870,68.870,68.870,68.870,1547,18977
1513089840,68.870,68.870,68.870,68.870,1547,18977
1513089900,68.870,68.790,68.790,68.870,420,26712
1513089960,68.800,68.840,68.800,68.840,416,26712
1513090020,68.750,68.700,68.700,68.750,416,26712
1513090080,68.750,68.700,68.700,68.750,416,26712
1513090140,68.750,68.700,68.700,68.750,416,26712
1513090200,68.670,68.600,68.560,68.670,986,28796
1513090260,68.660,68.660,68.660,68.660,983,28796
1513090320,68.660,68.680,68.660,68.750,983,28796
1513090380,68.660,68.680,68.660,68.750,983,28796
1513090440,68.630,68.630,68.630,68.630,983,28796
1513090500,68.650,68.740,68.650,68.740,531,33714
1513090560,68.650,68.740,68.650,68.740,527,33714
1513090620,68.650,68.740,68.650,68.740,527,33714
1513090680,68.650,68.740,68.650,68.740,527,33714
1513090740,68.690,68.760,68.690,68.780,527,33714
1513090800,68.750,68.750,68.750,68.750,809,36353
1513090860,68.760,68.750,68.750,68.760,807,36353
1513090920,68.730,68.780,68.730,68.780,807,36353
1513090980,68.750,68.750,68.750,68.800,807,36353
1513091040,68.780,68.740,68.740,68.780,807,36353
1513091100,68.720,68.860,68.720,68.860,1163,40390
1513091160,68.810,68.850,68.810,68.850,1160,40390
1513091220,68.860,68.860,68.860,68.860,1160,40390
1513091280,68.840,68.810,68.810,68.840,1160,40390
1513091340,68.810,68.740,68.740,68.810,1160,40390
1513091400,68.720,68.750,68.690,68.750,544,46193
1513091460,68.710,68.760,68.710,68.780,544,46193
1513091520,68.810,68.810,68.810,68.830,544,46193
1513091580,68.810,68.810,68.810,68.830,544,46193
1513091640,68.820,68.800,68.740,68.820,544,46193
1513091700,68.740,68.710,68.710,68.740,660,48913
1513091760,68.740,68.710,68.710,68.740,656,48913
1513091820,68.740,68.760,68.740,68.760,656,48913
1513091880,68.780,68.780,68.780,68.780,656,48913
1513091940,68.780,68.780,68.780,68.780,656,48913
1513092000,68.770,68.790,68.770,68.790,1123,52197
1513092060,68.860,68.860,68.860,68.860,1119,52197
1513092120,68.810,68.780,68.760,68.810,1119,52197
1513092180,68.810,68.780,68.760,68.810,1119,52197
1513092240,68.810,68.810,68.810,68.810,1119,52197
1513092300,68.770,68.770,68.770,68.770,744,57796
1513092360,68.760,68.760,68.760,68.760,740,57796
1513092420,68.760,68.790,68.760,68.790,740,57796
1513092480,68.800,68.800,68.800,68.800,740,57796
1513092540,68.780,68.760,68.760,68.780,740,57796
1513092600,68.760,68.720,68.720,68.770,2297,61500
1513092660,68.720,68.750,68.720,68.750,2297,61500
1513092720,68.780,68.770,68.770,68.780,2297,61500
1513092780,68.790,68.790,68.790,68.790,2297,61500
1513092840,68.780,68.780,68.780,68.780,2297,61500
1513092900,68.780,68.780,68.780,68.780,662,72985
1513092960,68.750,68.770,68.750,68.770,659,72985
1513093020,68.750,68.740,68.740,68.770,659,72985
1513093080,68.750,68.740,68.740,68.770,659,72985
1513093140,68.750,68.740,68.740,68.770,659,72985
1513093200,68.700,68.700,68.700,68.700,823,76283
1513093260,68.690,68.690,68.690,68.690,820,76283
1513093320,68.700,68.700,68.700,68.700,820,76283
1513093380,68.680,68.650,68.650,68.680,820,76283
1513093440,68.700,68.700,68.700,68.700,820,76283
1513093500,68.730,68.730,68.730,68.730,1112,80386
1513093560,68.730,68.730,68.730,68.730,1112,80386
1513093620,68.710,68.730,68.710,68.730,1112,80386
1513093680,68.680,68.680,68.680,68.680,1112,80386
1513093740,68.690,68.670,68.670,68.690,1112,80386
1513093800,68.700,68.700,68.700,68.700,643,85946
1513093860,68.700,68.700,68.700,68.700,642,85946
1513093920,68.730,68.730,68.730,68.730,642,85946
1513093980,68.720,68.690,68.690,68.720,642,85946
1513094040,68.730,68.730,68.730,68.730,642,85946
1513094100,68.690,68.690,68.690,68.690,456,89157
1513094160,68.690,68.690,68.690,68.690,456,89157
1513094220,68.740,68.740,68.740,68.740,456,89157
1513094280,68.740,68.740,68.740,68.740,456,89157
1513094340,68.680,68.710,68.680,68.710,456,89157
1513094400,68.700,68.700,68.700,68.700,604,91437
1513094460,68.720,68.680,68.680,68.720,600,91437
1513094520,68.700,68.670,68.670,68.700,600,91437
1513094580,68.660,68.660,68.660,68.660,600,91437
1513094640,68.660,68.660,68.660,68.660,600,91437
1513094700,68.670,68.650,68.600,68.670,1319,94441
1513094760,68.670,68.650,68.600,68.670,1319,94441
1513094820,68.600,68.600,68.600,68.600,1319,94441
1513094880,68.590,68.590,68.590,68.590,1319,94441
1513094940,68.610,68.590,68.590,68.610,1319,94441
1513095000,68.610,68.600,68.600,68.610,896,101036
1513095060,68.610,68.620,68.610,68.620,893,101036
1513095120,68.680,68.650,68.650,68.680,893,101036
1513095180,68.670,68.620,68.620,68.680,893,101036
1513095240,68.650,68.650,68.650,68.650,893,101036
1513095300,68.650,68.650,68.650,68.650,498,105504
1513095360,68.650,68.650,68.650,68.650,498,105504
1513095420,68.650,68.650,68.650,68.650,498,105504
1513095480,68.600,68.600,68.600,68.600,498,105504
1513095540,68.610,68.610,68.610,68.610,498,105504
1513095600,68.610,68.610,68.570,68.610,967,107994
1513095660,68.570,68.570,68.570,68.610,964,107994
1513095720,68.580,68.560,68.560,68.580,964,107994
1513095780,68.560,68.560,68.560,68.560,964,107994
1513095840,68.540,68.540,68.540,68.540,964,107994
1513095900,68.580,68.580,68.580,68.580,959,112817
1513095960,68.580,68.580,68.580,68.580,957,112817
1513096020,68.580,68.580,68.580,68.580,957,112817
1513096080,68.580,68.580,68.580,68.580,957,112817
1513096140,68.530,68.530,68.530,68.530,957,112817
1513096200,68.530,68.530,68.530,68.530,599,117604
1513096260,68.530,68.530,68.530,68.530,595,117604
1513096320,68.530,68.530,68.530,68.530,595,117604
1513096380,68.550,68.590,68.550,68.590,595,117604
1513096440,68.550,68.590,68.550,68.590,595,117604
1513096500,68.590,68.560,68.560,68.590,719,120583
1513096560,68.560,68.560,68.560,68.560,716,120583
1513096620,68.530,68.530,68.530,68.540,716,120583
1513096680,68.550,68.550,68.550,68.550,716,120583
1513096740,68.530,68.530,68.530,68.530,716,120583
1513096800,68.550,68.570,68.550,68.570,965,124166
1513096860,68.590,68.560,68.560,68.590,963,124166
1513096920,68.590,68.560,68.560,68.590,963,124166
1513096980,68.600,68.630,68.600,68.630,963,124166
1513097040,68.640,68.640,68.640,68.640,963,124166
1513097100,68.640,68.640,68.640,68.640,397,128983
1513097160,68.640,68.660,68.640,68.660,395,128983
1513097220,68.620,68.620,68.620,68.620,395,128983
1513097280,68.590,68.590,68.590,68.590,395,128983
1513097340,68.590,68.590,68.590,68.590,395,128983
1513097400,68.570,68.580,68.570,68.580,1109,130960
1513097460,68.530,68.550,68.530,68.550,1107,130960
1513097520,68.540,68.540,68.540,68.540,1107,130960
1513097580,68.520,68.550,68.520,68.550,1107,130960
1513097640,68.530,68.530,68.530,68.530,1107,130960
1513097700,68.530,68.530,68.530,68.530,818,136497
1513097760,68.510,68.530,68.510,68.530,817,136497
1513097820,68.570,68.530,68.530,68.570,817,136497
1513097880,68.530,68.530,68.530,68.530,817,136497
1513097940,68.570,68.570,68.570,68.570,817,136497
1513098000,68.570,68.540,68.540,68.570,374,140583
1513098060,68.570,68.540,68.540,68.570,370,140583
1513098120,68.570,68.540,68.540,68.570,370,140583
1513098180,68.550,68.610,68.550,68.610,370,140583
1513098240,68.610,68.610,68.610,68.610,370,140583
1513098300,68.590,68.580,68.570,68.610,1358,142437
1513098360,68.540,68.540,68.540,68.540,1355,142437
1513098420,68.540,68.540,68.540,68.570,1355,142437
1513098480,68.540,68.540,68.540,68.570,1355,142437
1513098540,68.560,68.560,68.560,68.560,1355,142437
1513098600,68.580,68.580,68.580,68.580,742,149215
1513098660,68.560,68.560,68.560,68.560,742,149215
1513098720,68.540,68.550,68.540,68.570,742,149215
1513098780,68.540,68.550,68.540,68.570,742,149215
1513098840,68.540,68.550,68.540,68.570,742,149215
1513098900,68.570,68.560,68.560,68.570,640,152925
1513098960,68.540,68.540,68.540,68.540,639,152925
1513099020,68.560,68.560,68.560,68.560,639,152925
1513099080,68.550,68.550,68.550,68.550,639,152925
1513099140,68.540,68.540,68.540,68.540,639,152925
1513099200,68.590,68.580,68.580,68.590,1038,156121
1513099260,68.590,68.620,68.590,68.620,1035,156121
1513099320,68.600,68.580,68.580,68.600,1035,156121
1513099380,68.570,68.560,68.560,68.570,1035,156121
1513099440,68.570,68.560,68.560,68.570,1035,156121
1513099500,68.570,68.560,68.560,68.570,1193,161299
1513099560,68.580,68.590,68.550,68.590,1192,161299
1513099620,68.600,68.600,68.600,68.600,1192,161299
1513099680,68.550,68.540,68.530,68.550,1192,161299
1513099740,68.550,68.550,68.550,68.550,1192,161299
1513099800,68.540,68.540,68.540,68.540,1737,167260
1513099860,68.560,68.550,68.550,68.570,1733,167260
1513099920,68.550,68.550,68.550,68.550,1733,167260
1513099980,68.580,68.560,68.560,68.580,1733,167260
1513100040,68.550,68.590,68.550,68.590,1733,167260
1513100100,68.580,68.580,68.580,68.580,491,175929
1513100160,68.580,68.580,68.580,68.580,487,175929
1513100220,68.620,68.590,68.590,68.620,487,175929
1513100280,68.620,68.590,68.590,68.620,487,175929
1513100340,68.620,68.620,68.620,68.620,487,175929
1513100400,68.600,68.630,68.600,68.630,575,178368
1513100460,68.600,68.630,68.600,68.630,572,178368
1513100520,68.630,68.630,68.630,68.630,572,178368
1513100580,68.590,68.590,68.590,68.590,572,178368
1513100640,68.570,68.580,68.570,68.580,572,178368
1513100700,68.590,68.590,68.590,68.590,451,181231
1513100760,68.590,68.590,68.590,68.590,448,181231
1513100820,68.590,68.620,68.590,68.620,448,181231
1513100880,68.590,68.620,68.590,68.620,448,181231
1513100940,68.590,68.590,68.590,68.590,448,181231
1513101000,68.590,68.590,68.590,68.590,731,183474
1513101060,68.640,68.660,68.640,68.660,729,183474
1513101120,68.640,68.660,68.640,68.660,729,183474
1513101180,68.640,68.660,68.640,68.660,729,183474
1513101240,68.690,68.740,68.690,68.740,729,183474
1513101300,68.710,68.710,68.710,68.710,1847,187121
1513101360,68.690,68.720,68.690,68.720,1846,187121
1513101420,68.720,68.710,68.710,68.720,1846,187121
1513101480,68.720,68.770,68.720,68.770,1846,187121
1513101540,68.760,68.730,68.730,68.760,1846,187121
1513101600,68.760,68.730,68.730,68.760,241,196352
1513101660,68.760,68.730,68.730,68.760,238,196352
1513101720,68.760,68.730,68.730,68.760,238,196352
1513101780,68.700,68.760,68.700,68.760,238,196352
1513101840,68.730,68.730,68.730,68.730,238,196352
1513101900,68.730,68.730,68.730,68.730,467,197545
1513101960,68.750,68.750,68.750,68.750,467,197545
1513102020,68.750,68.770,68.750,68.770,467,197545
1513102080,68.790,68.790,68.790,68.790,467,197545
1513102140,68.790,68.790,68.790,68.790,467,197545
1513102200,68.790,68.790,68.790,68.790,742,199880
1513102260,68.780,68.780,68.780,68.780,741,199880
1513102320,68.770,68.770,68.770,68.770,741,199880
1513102380,68.800,68.800,68.800,68.800,741,199880
1513102440,68.770,68.720,68.720,68.770,741,199880
1513102500,68.770,68.720,68.720,68.770,741,199880
1513102560,68.770,68.720,68.720,68.770,741,199880
1513102620,68.770,68.720,68.720,68.770,741,199880
1513102680,68.770,68.720,68.720,68.770,741,199880
1513102740,68.770,68.720,68.720,68.770,741,199880
1513102800,68.770,68.720,68.720,68.770,538,203586
1513102860,68.690,68.690,68.690,68.690,534,203586
1513102920,68.690,68.690,68.690,68.690,534,203586
1513102980,68.680,68.680,68.680,68.680,534,203586
1513103040,68.680,68.680,68.680,68.680,534,203586
1513103100,68.680,68.680,68.680,68.680,256,206260
1513103160,68.730,68.700,68.700,68.730,253,206260
1513103220,68.670,68.670,68.670,68.670,253,206260
1513103280,68.730,68.730,68.730,68.730,253,206260
1513103340,68.730,68.730,68.730,68.730,253,206260
1513103400,68.730,68.730,68.730,68.730,907,207528
1513103460,68.790,68.790,68.790,68.790,906,207528
1513103520,68.740,68.740,68.740,68.740,906,207528
1513103580,68.740,68.720,68.720,68.740,906,207528
1513103640,68.750,68.780,68.750,68.780,906,207528
1513103700,68.740,68.740,68.740,68.740,320,212059
1513103760,68.740,68.740,68.740,68.740,320,212059
1513103820,68.740,68.740,68.740,68.740,320,212059
1513103880,68.780,68.790,68.780,68.790,320,212059
1513103940,68.800,68.800,68.800,68.800,320,212059
1513104000,68.810,68.810,68.810,68.810,869,213659
1513104060,68.810,68.780,68.780,68.810,867,213659
1513104120,68.780,68.760,68.760,68.780,867,213659
1513104180,68.780,68.760,68.760,68.780,867,213659
1513104240,68.740,68.740,68.740,68.740,867,213659
1513104300,68.770,68.770,68.770,68.770,843,217996
1513104360,68.770,68.770,68.770,68.770,841,217996
1513104420,68.770,68.770,68.770,68.770,841,217996
1513104480,68.750,68.750,68.750,68.750,841,217996
1513104540,68.720,68.710,68.700,68.720,841,217996
1513104600,68.710,68.680,68.680,68.710,336,222203
1513104660,68.700,68.700,68.700,68.700,334,222203
1513104720,68.700,68.700,68.700,68.700,334,222203
1513104780,68.710,68.710,68.710,68.710,334,222203
1513104840,68.710,68.710,68.710,68.710,334,222203
1513104900,68.710,68.710,68.710,68.710,1337,223875
1513104960,68.690,68.730,68.690,68.730,1335,223875
1513105020,68.730,68.720,68.700,68.730,1335,223875
1513105080,68.730,68.720,68.700,68.730,1335,223875
1513105140,68.700,68.650,68.650,68.700,1335,223875
1513105200,68.700,68.650,68.650,68.700,790,230552
1513105260,68.660,68.660,68.660,68.660,790,230552
1513105320,68.610,68.610,68.610,68.610,790,230552
1513105380,68.610,68.610,68.610,68.610,790,230552
1513105440,68.570,68.580,68.570,68.600,790,230552
1513105500,68.570,68.580,68.570,68.600,518,234502
1513105560,68.630,68.630,68.630,68.630,515,234502
1513105620,68.630,68.630,68.630,68.630,515,234502
1513105680,68.640,68.650,68.640,68.650,515,234502
1513105740,68.650,68.650,68.650,68.650,515,234502
1513105800,68.650,68.650,68.630,68.650,1273,237080
1513105860,68.640,68.640,68.640,68.640,1270,237080
1513105920,68.640,68.640,68.640,68.640,1270,237080
1513105980,68.640,68.640,68.640,68.640,1270,237080
1513106040,68.700,68.670,68.670,68.700,1270,237080
1513106100,68.680,68.710,68.680,68.710,552,243433
1513106160,68.740,68.740,68.740,68.740,548,243433
1513106220,68.750,68.770,68.750,68.770,548,243433
1513106280,68.770,68.770,68.770,68.770,548,243433
1513106340,68.750,68.770,68.750,68.770,548,243433
1513106400,68.730,68.730,68.730,68.730,1068,246177
1513106460,68.750,68.740,68.740,68.750,1066,246177
1513106520,68.750,68.750,68.750,68.770,1066,246177
1513106580,68.780,68.780,68.780,68.780,1066,246177
1513106640,68.760,68.760,68.760,68.760,1066,246177
1513106700,68.770,68.770,68.770,68.770,507,251509
1513106760,68.770,68.770,68.770,68.770,505,251509
1513106820,68.780,68.780,68.780,68.780,505,251509
1513106880,68.750,68.750,68.750,68.750,505,251509
1513106940,68.780,68.770,68.770,68.780,505,251509
1513107000,68.770,68.770,68.770,68.770,1356,254036
1513107060,68.760,68.750,68.750,68.760,1355,254036
1513107120,68.760,68.750,68.740,68.760,1355,254036
1513107180,68.740,68.720,68.720,68.740,1355,254036
1513107240,68.760,68.750,68.750,68.760,1355,254036
1513107300,68.760,68.760,68.760,68.760,797,260812
1513107360,68.770,68.770,68.770,68.770,796,260812
1513107420,68.750,68.750,68.750,68.750,796,260812
1513107480,68.750,68.750,68.750,68.750,796,260812
1513107540,68.720,68.680,68.680,68.720,796,260812
1513107600,68.690,68.690,68.690,68.690,665,264793
1513107660,68.700,68.700,68.700,68.700,665,264793
1513107720,68.710,68.720,68.710,68.720,665,264793
1513107780,68.720,68.720,68.700,68.720,665,264793
1513107840,68.690,68.690,68.690,68.690,665,264793
1513107900,68.710,68.700,68.700,68.740,1358,268118
1513107960,68.710,68.700,68.700,68.740,1358,268118
1513108020,68.720,68.720,68.720,68.720,1358,268118
1513108080,68.740,68.740,68.740,68.740,1358,268118
1513108140,68.740,68.740,68.740,68.740,1358,268118
1513108200,68.720,68.750,68.720,68.750,661,274908
1513108260,68.720,68.750,68.720,68.750,660,274908
1513108320,68.760,68.760,68.760,68.760,660,274908
1513108380,68.760,68.760,68.760,68.760,660,274908
1513108440,68.760,68.750,68.750,68.760,660,274908
1513108500,68.720,68.720,68.720,68.720,990,278209
1513108560,68.720,68.720,68.720,68.720,986,278209
1513108620,68.720,68.720,68.720,68.720,986,278209
1513108680,68.710,68.700,68.700,68.720,986,278209
1513108740,68.700,68.710,68.700,68.710,986,278209
1513108800,68.710,68.710,68.690,68.710,1330,283143
1513108860,68.720,68.720,68.720,68.720,1329,283143
1513108920,68.690,68.670,68.670,68.690,1329,283143
1513108980,68.650,68.660,68.650,68.660,1329,283143
1513109040,68.640,68.630,68.630,68.640,1329,283143
1513109100,68.630,68.600,68.600,68.630,1670,289789
1513109160,68.630,68.640,68.630,68.640,1669,289789
1513109220,68.670,68.640,68.640,68.670,1669,289789
1513109280,68.670,68.640,68.640,68.670,1669,289789
1513109340,68.650,68.630,68.630,68.650,1669,289789
1513109400,68.630,68.630,68.630,68.630,1163,298135
1513109460,68.620,68.630,68.620,68.630,1159,298135
1513109520,68.640,68.610,68.610,68.640,1159,298135
1513109580,68.640,68.610,68.610,68.640,1159,298135
1513109640,68.580,68.580,68.580,68.580,1159,298135
1513109700,68.540,68.540,68.540,68.540,908,303934
1513109760,68.540,68.540,68.540,68.540,905,303934
1513109820,68.540,68.540,68.540,68.540,905,303934
1513109880,68.550,68.540,68.540,68.550,905,303934
1513109940,68.530,68.530,68.530,68.530,905,303934
1513110000,68.540,68.550,68.540,68.550,1389,308462
1513110060,68.560,68.560,68.560,68.560,1385,308462
1513110120,68.520,68.520,68.520,68.520,1385,308462
1513110180,68.540,68.520,68.520,68.540,1385,308462
1513110240,68.520,68.550,68.520,68.550,1385,308462
1513110300,68.530,68.540,68.530,68.540,1455,315391
1513110360,68.550,68.550,68.540,68.550,1453,315391
1513110420,68.550,68.550,68.550,68.550,1453,315391
1513110480,68.540,68.540,68.540,68.540,1453,315391
1513110540,68.540,68.540,68.540,68.540,1453,315391
1513110600,68.540,68.560,68.540,68.560,1726,322658
1513110660,68.550,68.530,68.530,68.550,1725,322658
1513110720,68.550,68.530,68.530,68.550,1725,322658
1513110780,68.530,68.530,68.530,68.530,1725,322658
1513110840,68.510,68.500,68.500,68.510,1725,322658
1513110900,68.510,68.520,68.510,68.520,2418,331284
1513110960,68.530,68.500,68.500,68.530,2418,331284
1513111020,68.460,68.440,68.440,68.460,2418,331284
1513111080,68.440,68.440,68.440,68.490,2418,331284
1513111140,68.460,68.450,68.450,68.460,2418,331284
1513111200,68.450,68.450,68.450,68.450,3291,343374
1513111260,68.430,68.400,68.400,68.430,3288,343374
1513111320,68.410,68.400,68.380,68.410,3288,343374
1513111380,68.400,68.380,68.380,68.410,3288,343374
1513111440,68.410,68.430,68.390,68.430,3288,343374
1513111500,68.410,68.350,68.350,68.410,5040,359817
1513111560,68.340,68.280,68.280,68.340,5039,359817
1513111620,68.270,68.280,68.270,68.310,5039,359817
1513111680,68.280,68.300,68.280,68.300,5039,359817
1513111740,68.320,68.290,68.270,68.320,5039,359817
1513111800,68.270,68.260,68.260,68.280,5578,385013
1513111860,68.250,68.210,68.210,68.250,5578,385013
1513111920,68.210,68.210,68.210,68.220,5578,385013
1513111980,68.210,68.210,68.210,68.220,5578,385013
1513112040,68.210,68.200,68.200,68.210,5578,385013
1513112100,68.220,68.260,68.220,68.270,55231,412903
1513112160,68.270,68.320,68.270,68.320,55231,412903
1513112220,68.300,68.270,68.270,68.300,55231,412903
1513112280,68.300,68.310,68.300,68.320,55231,412903
1513112340,68.340,68.390,68.340,68.410,55231,412903
1513175400,68.530,68.310,68.310,68.530,3832,0
1513175460,68.500,68.540,68.500,68.540,3829,0
1513175520,68.410,68.330,68.330,68.410,3829,0
1513175580,68.250,68.330,68.250,68.330,3829,0
1513175640,68.250,68.340,68.250,68.390,3829,0
1513175700,68.360,68.450,68.360,68.450,759,19148
1513175760,68.330,68.410,68.330,68.410,759,19148
1513175820,68.360,68.360,68.360,68.360,759,19148
1513175880,68.370,68.370,68.370,68.370,759,19148
1513175940,68.400,68.410,68.400,68.410,759,19148
1513176000,68.380,68.370,68.370,68.380,3149,22943
1513176060,68.390,68.290,68.290,68.390,3149,22943
1513176120,68.330,68.330,68.330,68.330,3149,22943
1513176180,68.320,68.320,68.320,68.320,3149,22943
1513176240,68.310,68.330,68.310,68.330,3149,22943
1513176300,68.290,68.260,68.260,68.340,3889,38688
1513176360,68.270,68.260,68.250,68.270,3889,38688
1513176420,68.230,68.230,68.230,68.250,3889,38688
1513176480,68.250,68.200,68.200,68.250,3889,38688
1513176540,68.180,68.180,68.180,68.180,3889,38688
1513176600,68.180,68.180,68.180,68.180,3969,58133
1513176660,68.150,68.270,68.150,68.270,3968,58133
1513176720,68.250,68.280,68.250,68.310,3968,58133
1513176780,68.330,68.190,68.190,68.330,3968,58133
1513176840,68.300,68.330,68.300,68.330,3968,58133
1513176900,68.310,68.270,68.270,68.330,3254,77974
1513176960,68.220,68.230,68.200,68.230,3250,77974
1513177020,68.250,68.260,68.250,68.260,3250,77974
1513177080,68.250,68.280,68.250,68.280,3250,77974
1513177140,68.280,68.270,68.270,68.290,3250,77974
1513177200,68.240,68.300,68.240,68.300,2579,94228
1513177260,68.310,68.320,68.270,68.320,2577,94228
1513177320,68.250,68.190,68.190,68.250,2577,94228
1513177380,68.250,68.190,68.190,68.250,2577,94228
1513177440,68.190,68.190,68.190,68.190,2577,94228
1513177500,68.170,68.170,68.170,68.170,1505,107115
1513177560,68.120,68.120,68.120,68.120,1503,107115
1513177620,68.180,68.180,68.180,68.180,1503,107115
1513177680,68.190,68.280,68.190,68.280,1503,107115
1513177740,68.290,68.290,68.290,68.290,1503,107115
1513177800,68.290,68.290,68.290,68.290,990,114632
1513177860,68.290,68.290,68.290,68.290,989,114632
1513177920,68.350,68.380,68.340,68.380,989,114632
1513177980,68.380,68.380,68.380,68.380,989,114632
1513178040,68.380,68.380,68.380,68.390,989,114632
1513178100,68.390,68.370,68.350,68.390,1721,119578
1513178160,68.340,68.400,68.340,68.400,1717,119578
1513178220,68.400,68.400,68.400,68.400,1717,119578
1513178280,68.400,68.400,68.400,68.400,1717,119578
1513178340,68.400,68.400,68.400,68.480,1717,119578
1513178400,68.420,68.400,68.400,68.420,650,128167
1513178460,68.420,68.400,68.400,68.420,648,128167
1513178520,68.460,68.430,68.430,68.460,648,128167
1513178580,68.460,68.430,68.430,68.460,648,128167
1513178640,68.600,68.600,68.600,68.600,648,128167
1513178700,68.600,68.600,68.600,68.600,1532,131409
1513178760,68.590,68.740,68.590,68.770,1528,131409
1513178820,68.710,68.690,68.650,68.710,1528,131409
1513178880,68.710,68.690,68.650,68.710,1528,131409
1513178940,68.710,68.750,68.710,68.750,1528,131409
1513179000,68.770,68.770,68.770,68.790,789,139053
1513179060,68.820,68.810,68.810,68.820,787,139053
1513179120,68.820,68.810,68.810,68.820,787,139053
1513179180,68.850,68.790,68.790,68.850,787,139053
1513179240,68.810,68.780,68.780,68.810,787,139053
1513179300,68.810,68.780,68.780,68.810,813,142990
1513179360,68.710,68.720,68.710,68.720,811,142990
1513179420,68.740,68.740,68.740,68.740,811,142990
1513179480,68.730,68.790,68.730,68.790,811,142990
1513179540,68.810,68.810,68.810,68.810,811,142990
1513179600,68.810,68.810,68.810,68.810,957,147047
1513179660,68.700,68.700,68.700,68.700,953,147047
1513179720,68.700,68.670,68.670,68.700,953,147047
1513179780,68.660,68.660,68.660,68.660,953,147047
1513179840,68.710,68.700,68.690,68.710,953,147047
1513179900,68.710,68.710,68.710,68.710,1596,151816
1513179960,68.700,68.690,68.690,68.700,1596,151816
1513180020,68.700,68.700,68.700,68.700,1596,151816
1513180080,68.690,68.660,68.660,68.690,1596,151816
1513180140,68.680,68.680,68.680,68.680,1596,151816
1513180200,68.660,68.590,68.590,68.660,1561,159796
1513180260,68.600,68.600,68.600,68.600,1557,159796
1513180320,68.630,68.630,68.630,68.630,1557,159796
1513180380,68.640,68.600,68.600,68.640,1557,159796
1513180440,68.570,68.570,68.570,68.570,1557,159796
1513180500,68.630,68.600,68.600,68.630,411,167585
1513180560,68.630,68.600,68.600,68.630,407,167585
1513180620,68.620,68.610,68.610,68.620,407,167585
1513180680,68.610,68.610,68.610,68.610,407,167585
1513180740,68.610,68.610,68.610,68.610,407,167585
1513180800,68.580,68.600,68.580,68.620,832,169624
1513180860,68.620,68.650,68.620,68.650,831,169624
1513180920,68.640,68.650,68.640,68.660,831,169624
1513180980,68.650,68.650,68.650,68.650,831,169624
1513181040,68.650,68.650,68.650,68.650,831,169624
1513181100,68.690,68.690,68.690,68.690,2321,173780
1513181160,68.690,68.670,68.670,68.690,2319,173780
1513181220,68.690,68.670,68.670,68.700,2319,173780
1513181280,68.720,68.710,68.710,68.750,2319,173780
1513181340,68.680,68.670,68.660,68.680,2319,173780
1513181400,68.680,68.670,68.660,68.680,642,185377
1513181460,68.690,68.690,68.690,68.690,642,185377
1513181520,68.710,68.690,68.690,68.710,642,185377
1513181580,68.730,68.690,68.690,68.730,642,185377
1513181640,68.730,68.730,68.730,68.730,642,185377
1513181700,68.730,68.730,68.730,68.730,902,188587
1513181760,68.730,68.710,68.710,68.730,902,188587
1513181820,68.700,68.690,68.690,68.720,902,188587
1513181880,68.660,68.660,68.660,68.660,902,188587
1513181940,68.660,68.660,68.660,68.660,902,188587
1513182000,68.660,68.660,68.660,68.660,489,193097
1513182060,68.680,68.680,68.680,68.680,487,193097
1513182120,68.700,68.690,68.690,68.700,487,193097
1513182180,68.690,68.690,68.690,68.690,487,193097
1513182240,68.690,68.690,68.690,68.690,487,193097
1513182300,68.710,68.690,68.690,68.710,976,195534
1513182360,68.710,68.690,68.690,68.710,972,195534
1513182420,68.730,68.730,68.730,68.730,972,195534
1513182480,68.710,68.720,68.710,68.760,972,195534
1513182540,68.750,68.760,68.750,68.760,972,195534
1513182600,68.770,68.770,68.770,68.770,2379,200398
1513182660,68.810,68.870,68.810,68.870,2377,200398
1513182720,68.840,68.850,68.830,68.850,2377,200398
1513182780,68.840,68.850,68.830,68.850,2377,200398
1513182840,68.890,68.890,68.890,68.890,2377,200398
1513182900,68.920,68.950,68.920,68.950,1297,212285
1513182960,68.920,68.920,68.920,68.920,1293,212285
1513183020,68.920,68.920,68.920,68.920,1293,212285
1513183080,68.920,68.920,68.920,68.920,1293,212285
1513183140,68.920,68.900,68.900,68.920,1293,212285
1513183200,68.920,68.900,68.900,68.920,601,218754
1513183260,68.900,68.900,68.900,68.900,601,218754
1513183320,68.930,68.930,68.930,68.930,601,218754
1513183380,68.910,68.920,68.910,68.920,601,218754
1513183440,68.930,68.970,68.930,68.970,601,218754
1513183500,68.990,69.000,68.990,69.000,2651,221759
1513183560,69.020,69.020,69.020,69.020,2647,221759
1513183620,69.020,69.070,69.020,69.070,2647,221759
1513183680,69.080,69.090,69.080,69.090,2647,221759
1513183740,69.080,69.120,69.070,69.120,2647,221759
1513183800,69.140,69.110,69.110,69.140,1063,234998
1513183860,69.120,69.120,69.120,69.120,1059,234998
1513183920,69.120,69.120,69.120,69.120,1059,234998
1513183980,69.160,69.140,69.140,69.160,1059,234998
1513184040,69.190,69.190,69.190,69.190,1059,234998
1513184100,69.240,69.250,69.240,69.250,1595,240297
1513184160,69.260,69.240,69.240,69.260,1593,240297
1513184220,69.230,69.280,69.200,69.280,1593,240297
1513184280,69.300,69.300,69.300,69.300,1593,240297
1513184340,69.330,69.320,69.320,69.330,1593,240297
1513184400,69.340,69.270,69.270,69.340,1720,248264
1513184460,69.340,69.270,69.270,69.340,1719,248264
1513184520,69.180,69.140,69.140,69.180,1719,248264
1513184580,69.110,69.110,69.110,69.110,1719,248264
1513184640,69.090,69.010,69.010,69.090,1719,248264
1513184700,69.000,69.000,69.000,69.000,531,256860
1513184760,68.980,68.980,68.980,68.980,527,256860
1513184820,68.980,69.020,68.980,69.020,527,256860
1513184880,69.010,69.060,69.010,69.060,527,256860
1513184940,69.060,69.060,69.060,69.060,527,256860
1513185000,69.070,69.030,69.030,69.070,1707,259499
1513185060,69.030,68.970,68.970,69.070,1705,259499
1513185120,69.030,68.970,68.970,69.070,1705,259499
1513185180,68.940,68.940,68.940,68.940,1705,259499
1513185240,68.950,68.950,68.950,68.950,1705,259499
1513185300,68.960,68.960,68.960,68.960,1950,268026
1513185360,68.960,68.960,68.960,68.960,1949,268026
1513185420,68.980,69.030,68.980,69.030,1949,268026
1513185480,69.040,69.040,69.040,69.040,1949,268026
1513185540,69.040,69.040,69.040,69.040,1949,268026
1513185600,69.080,69.100,69.080,69.110,4411,277772
1513185660,69.100,69.100,69.100,69.130,4408,277772
1513185720,69.140,69.110,69.110,69.140,4408,277772
1513185780,69.090,69.060,69.060,69.090,4408,277772
1513185840,69.090,69.060,69.060,69.090,4408,277772
1513185900,69.090,69.060,69.060,69.090,651,299815
1513185960,69.090,69.060,69.060,69.090,648,299815
1513186020,69.000,69.000,69.000,69.000,648,299815
1513186080,69.000,69.000,69.000,69.000,648,299815
1513186140,68.990,68.990,68.990,68.990,648,299815
1513186200,68.990,68.990,68.990,68.990,555,303058
1513186260,69.010,69.010,69.010,69.010,552,303058
1513186320,69.030,69.060,69.030,69.060,552,303058
1513186380,69.030,69.060,69.030,69.060,552,303058
1513186440,69.060,69.060,69.060,69.060,552,303058
1513186500,69.060,69.060,69.060,69.060,995,305821
1513186560,69.070,69.070,69.070,69.070,991,305821
1513186620,69.070,69.070,69.070,69.070,991,305821
1513186680,69.030,68.980,68.980,69.030,991,305821
1513186740,69.000,69.000,69.000,69.000,991,305821
1513186800,69.000,69.000,69.000,69.000,2347,310780
1513186860,68.950,68.950,68.950,68.950,2345,310780
1513186920,68.870,68.780,68.780,68.870,2345,310780
1513186980,68.730,68.750,68.730,68.750,2345,310780
1513187040,68.730,68.750,68.730,68.750,2345,310780
1513187100,68.760,68.740,68.740,68.760,486,322507
1513187160,68.730,68.730,68.730,68.730,485,322507
1513187220,68.730,68.730,68.730,68.730,485,322507
1513187280,68.760,68.760,68.760,68.760,485,322507
1513187340,68.760,68.760,68.760,68.760,485,322507
1513187400,68.760,68.760,68.760,68.760,706,324933
1513187460,68.750,68.750,68.750,68.750,705,324933
1513187520,68.780,68.780,68.780,68.780,705,324933
1513187580,68.740,68.740,68.740,68.740,705,324933
1513187640,68.740,68.740,68.740,68.740,705,324933
1513187700,68.740,68.740,68.740,68.740,562,328459
1513187760,68.740,68.740,68.740,68.740,559,328459
1513187820,68.730,68.700,68.700,68.730,559,328459
1513187880,68.730,68.700,68.700,68.730,559,328459
1513187940,68.700,68.700,68.700,68.700,559,328459
1513188000,68.700,68.700,68.700,68.700,748,331257
1513188060,68.690,68.690,68.690,68.690,746,331257
1513188120,68.680,68.610,68.610,68.690,746,331257
1513188180,68.590,68.590,68.590,68.590,746,331257
1513188240,68.590,68.590,68.590,68.590,746,331257
1513188300,68.590,68.590,68.590,68.590,581,334989
1513188360,68.600,68.600,68.600,68.600,580,334989
1513188420,68.600,68.600,68.600,68.600,580,334989
1513188480,68.590,68.680,68.590,68.680,580,334989
1513188540,68.590,68.680,68.590,68.680,580,334989
1513188600,68.680,68.680,68.680,68.680,288,337890
1513188660,68.680,68.680,68.680,68.680,286,337890
1513188720,68.660,68.660,68.660,68.660,286,337890
1513188780,68.600,68.640,68.600,68.640,286,337890
1513188840,68.600,68.600,68.600,68.600,286,337890
1513188900,68.600,68.600,68.600,68.600,246,339322
1513188960,68.600,68.600,68.600,68.600,245,339322
1513189020,68.640,68.640,68.600,68.640,245,339322
1513189080,68.640,68.640,68.600,68.640,245,339322
1513189140,68.640,68.640,68.600,68.640,245,339322
1513189200,68.640,68.610,68.610,68.640,1293,340548
1513189260,68.640,68.610,68.610,68.640,1291,340548
1513189320,68.650,68.510,68.510,68.650,1291,340548
1513189380,68.500,68.520,68.500,68.520,1291,340548
1513189440,68.500,68.520,68.500,68.520,1291,340548
1513189500,68.500,68.520,68.500,68.520,439,347005
1513189560,68.500,68.520,68.500,68.520,437,347005
1513189620,68.500,68.530,68.500,68.530,437,347005
1513189680,68.500,68.530,68.500,68.530,437,347005
1513189740,68.500,68.500,68.500,68.500,437,347005
1513189800,68.500,68.500,68.500,68.500,594,349192
1513189860,68.590,68.570,68.570,68.590,591,349192
1513189920,68.560,68.560,68.560,68.560,591,349192
1513189980,68.560,68.540,68.540,68.560,591,349192
1513190040,68.560,68.540,68.540,68.560,591,349192
1513190100,68.530,68.530,68.520,68.530,553,352150
1513190160,68.530,68.530,68.530,68.530,549,352150
1513190220,68.530,68.530,68.530,68.530,549,352150
1513190280,68.570,68.570,68.570,68.570,549,352150
1513190340,68.520,68.520,68.520,68.520,549,352150
1513190400,68.540,68.510,68.510,68.540,1287,354899
1513190460,68.500,68.500,68.500,68.500,1283,354899
1513190520,68.500,68.500,68.500,68.500,1283,354899
1513190580,68.480,68.470,68.470,68.480,1283,354899
1513190640,68.470,68.470,68.470,68.480,1283,354899
1513190700,68.470,68.460,68.460,68.470,1854,361318
1513190760,68.510,68.470,68.470,68.510,1851,361318
1513190820,68.480,68.480,68.480,68.480,1851,361318
1513190880,68.430,68.430,68.430,68.430,1851,361318
1513190940,68.450,68.440,68.440,68.450,1851,361318
1513191000,68.480,68.490,68.460,68.510,927,370576
1513191060,68.530,68.510,68.510,68.530,924,370576
1513191120,68.490,68.490,68.490,68.490,924,370576
1513191180,68.480,68.470,68.470,68.480,924,370576
1513191240,68.470,68.440,68.440,68.470,924,370576
1513191300,68.450,68.480,68.450,68.480,1670,375199
1513191360,68.490,68.490,68.490,68.490,1666,375199
1513191420,68.450,68.430,68.430,68.470,1666,375199
1513191480,68.460,68.420,68.390,68.460,1666,375199
1513191540,68.410,68.390,68.390,68.410,1666,375199
1513191600,68.390,68.420,68.370,68.430,2852,383533
1513191660,68.410,68.480,68.410,68.490,2848,383533
1513191720,68.420,68.390,68.390,68.420,2848,383533
1513191780,68.420,68.400,68.400,68.490,2848,383533
1513191840,68.350,68.330,68.330,68.380,2848,383533
1513191900,68.340,68.330,68.330,68.340,1564,397777
1513191960,68.340,68.270,68.270,68.340,1563,397777
1513192020,68.300,68.240,68.240,68.300,1563,397777
1513192080,68.270,68.310,68.270,68.310,1563,397777
1513192140,68.310,68.310,68.310,68.310,1563,397777
1513192200,68.290,68.250,68.250,68.290,1063,405593
1513192260,68.260,68.310,68.260,68.310,1059,405593
1513192320,68.270,68.270,68.270,68.270,1059,405593
1513192380,68.290,68.270,68.270,68.310,1059,405593
1513192440,68.250,68.280,68.250,68.280,1059,405593
1513192500,68.280,68.280,68.280,68.280,2892,410892
1513192560,68.300,68.280,68.260,68.300,2891,410892
1513192620,68.380,68.380,68.380,68.380,2891,410892
1513192680,68.440,68.630,68.440,68.630,2891,410892
1513192740,68.630,68.580,68.580,68.630,2891,410892
1513192800,68.550,68.550,68.550,68.550,1092,425348
1513192860,68.550,68.550,68.550,68.550,1091,425348
1513192920,68.600,68.600,68.600,68.600,1091,425348
1513192980,68.600,68.600,68.600,68.600,1091,425348
1513193040,68.600,68.560,68.560,68.600,1091,425348
1513193100,68.540,68.540,68.540,68.540,849,430804
1513193160,68.540,68.540,68.540,68.540,849,430804
1513193220,68.520,68.520,68.520,68.520,849,430804
1513193280,68.580,68.570,68.570,68.610,849,430804
1513193340,68.560,68.560,68.560,68.560,849,430804
1513193400,68.560,68.560,68.560,68.560,1117,435049
1513193460,68.510,68.510,68.510,68.510,1114,435049
1513193520,68.530,68.530,68.530,68.530,1114,435049
1513193580,68.500,68.500,68.490,68.500,1114,435049
1513193640,68.510,68.510,68.510,68.510,1114,435049
1513193700,68.560,68.560,68.560,68.560,609,440622
1513193760,68.560,68.560,68.560,68.560,605,440622
1513193820,68.560,68.560,68.560,68.560,605,440622
1513193880,68.510,68.510,68.510,68.510,605,440622
1513193940,68.540,68.520,68.520,68.540,605,440622
1513194000,68.550,68.540,68.540,68.550,3239,443651
1513194060,68.540,68.540,68.540,68.540,3237,443651
1513194120,68.530,68.420,68.420,68.530,3237,443651
1513194180,68.430,68.500,68.430,68.500,3237,443651
1513194240,68.500,68.500,68.500,68.500,3237,443651
1513194300,68.520,68.520,68.520,68.520,814,459838
1513194360,68.520,68.520,68.520,68.520,812,459838
1513194420,68.510,68.550,68.510,68.550,812,459838
1513194480,68.580,68.580,68.580,68.580,812,459838
1513194540,68.580,68.580,68.580,68.580,812,459838
1513194600,68.580,68.580,68.580,68.580,1323,463900
1513194660,68.580,68.570,68.570,68.580,1322,463900
1513194720,68.540,68.580,68.540,68.580,1322,463900
1513194780,68.560,68.560,68.560,68.560,1322,463900
1513194840,68.550,68.490,68.490,68.550,1322,463900
1513194900,68.540,68.580,68.520,68.580,712,470511
1513194960,68.570,68.570,68.570,68.570,712,470511
1513195020,68.570,68.570,68.570,68.570,712,470511
1513195080,68.570,68.570,68.570,68.570,712,470511
1513195140,68.540,68.510,68.510,68.540,712,470511
1513195200,68.540,68.510,68.510,68.540,1554,474071
1513195260,68.500,68.500,68.500,68.500,1553,474071
1513195320,68.480,68.490,68.470,68.490,1553,474071
1513195380,68.480,68.400,68.400,68.480,1553,474071
1513195440,68.400,68.410,68.390,68.410,1553,474071
1513195500,68.410,68.420,68.330,68.420,2118,481837
1513195560,68.410,68.340,68.340,68.410,2116,481837
1513195620,68.380,68.390,68.380,68.390,2116,481837
1513195680,68.390,68.410,68.390,68.410,2116,481837
1513195740,68.410,68.360,68.360,68.410,2116,481837
1513195800,68.370,68.400,68.370,68.400,3257,492419
1513195860,68.400,68.410,68.400,68.410,3253,492419
1513195920,68.370,68.390,68.370,68.400,3253,492419
1513195980,68.390,68.400,68.390,68.400,3253,492419
1513196040,68.350,68.370,68.350,68.410,3253,492419
1513196100,68.390,68.420,68.390,68.420,4335,508688
1513196160,68.400,68.400,68.390,68.400,4335,508688
1513196220,68.380,68.390,68.320,68.390,4335,508688
1513196280,68.390,68.320,68.320,68.390,4335,508688
1513196340,68.330,68.310,68.290,68.330,4335,508688
1513196400,68.330,68.370,68.320,68.370,3489,530363
1513196460,68.370,68.370,68.350,68.370,3488,530363
1513196520,68.370,68.330,68.330,68.370,3488,530363
1513196580,68.370,68.330,68.330,68.370,3488,530363
1513196640,68.370,68.310,68.310,68.380,3488,530363
1513196700,68.310,68.320,68.310,68.320,1651,547804
1513196760,68.320,68.270,68.270,68.320,1649,547804
1513196820,68.300,68.280,68.280,68.300,1649,547804
1513196880,68.300,68.270,68.270,68.300,1649,547804
1513196940,68.270,68.260,68.260,68.280,1649,547804
1513197000,68.270,68.250,68.230,68.270,2936,556051
1513197060,68.260,68.300,68.260,68.310,2933,556051
1513197120,68.300,68.300,68.300,68.300,2933,556051
1513197180,68.280,68.260,68.260,68.280,2933,556051
1513197240,68.260,68.290,68.260,68.290,2933,556051
1513197300,68.280,68.290,68.280,68.290,14354,570719
1513197360,68.290,68.270,68.270,68.300,14352,570719
1513197420,68.260,68.210,68.210,68.260,14352,570719
1513197480,68.230,68.200,68.200,68.230,14352,570719
1513197540,68.230,68.210,68.210,68.230,14352,570719
1513197600,68.230,68.200,68.200,68.230,3177,642481
1513197660,68.170,68.170,68.170,68.170,3177,642481
1513197720,68.150,68.180,68.150,68.180,3177,642481
1513197780,68.170,68.170,68.170,68.170,3177,642481
1513197840,68.160,68.130,68.130,68.160,3177,642481
1513197900,68.120,68.140,68.120,68.140,5571,658366
1513197960,68.130,68.130,68.120,68.130,5567,658366
1513198020,68.140,68.130,68.130,68.160,5567,658366
1513198080,68.140,68.150,68.140,68.150,5567,658366
1513198140,68.150,68.150,68.130,68.170,5567,658366
1513198200,68.140,68.150,68.120,68.150,6551,686205
1513198260,68.140,68.140,68.140,68.140,6548,686205
1513198320,68.120,68.120,68.120,68.150,6548,686205
1513198380,68.110,68.120,68.110,68.140,6548,686205
1513198440,68.120,68.120,68.120,68.120,6548,686205
1513198500,68.120,68.160,68.120,68.170,8925,718948
1513198560,68.170,68.140,68.140,68.170,8924,718948
1513198620,68.140,68.110,68.110,68.140,8924,718948
1513198680,68.130,68.150,68.130,68.160,8924,718948
1513198740,68.150,68.160,68.150,68.170,8924,718948
1513261800,67.060,67.090,66.960,67.090,6618,0
1513261860,67.030,66.850,66.850,67.030,6618,0
1513261920,66.930,66.930,66.930,66.930,6618,0
1513261980,66.780,67.000,66.780,67.020,6618,0
1513262040,66.920,66.920,66.920,66.920,6618,0
1513262100,67.000,67.000,66.920,67.000,6627,33090
1513262160,66.890,66.890,66.890,66.890,6626,33090
1513262220,67.000,66.730,66.730,67.000,6626,33090
1513262280,67.000,66.730,66.730,67.000,6626,33090
1513262340,66.770,66.690,66.690,66.840,6626,33090
1513262400,66.650,66.430,66.430,66.650,4928,66221
1513262460,66.440,66.440,66.440,66.440,4925,66221
1513262520,66.420,66.410,66.380,66.420,4925,66221
1513262580,66.320,66.250,66.250,66.350,4925,66221
1513262640,66.320,66.250,66.250,66.350,4925,66221
1513262700,66.210,66.240,66.160,66.250,6697,90849
1513262760,66.200,66.130,66.130,66.240,6694,90849
1513262820,66.090,66.090,66.060,66.090,6694,90849
1513262880,66.150,66.180,66.150,66.180,6694,90849
1513262940,66.160,66.280,66.160,66.280,6694,90849
1513263000,66.330,66.390,66.280,66.390,3519,124322
1513263060,66.410,66.440,66.410,66.440,3516,124322
1513263120,66.410,66.380,66.380,66.420,3516,124322
1513263180,66.400,66.340,66.340,66.400,3516,124322
1513263240,66.330,66.290,66.290,66.330,3516,124322
1513263300,66.320,66.340,66.320,66.370,5091,141905
1513263360,66.420,66.440,66.420,66.440,5091,141905
1513263420,66.440,66.440,66.440,66.530,5091,141905
1513263480,66.450,66.350,66.350,66.500,5091,141905
1513263540,66.280,66.260,66.260,66.280,5091,141905
1513263600,66.280,66.340,66.280,66.340,2270,167360
1513263660,66.420,66.500,66.420,66.500,2267,167360
1513263720,66.500,66.420,66.420,66.500,2267,167360
1513263780,66.420,66.450,66.420,66.450,2267,167360
1513263840,66.440,66.390,66.390,66.440,2267,167360
1513263900,66.360,66.360,66.360,66.360,2470,178698
1513263960,66.270,66.270,66.270,66.270,2468,178698
1513264020,66.270,66.270,66.270,66.270,2468,178698
1513264080,66.270,66.220,66.220,66.270,2468,178698
1513264140,66.190,66.210,66.190,66.210,2468,178698
1513264200,66.220,66.220,66.220,66.220,2875,191040
1513264260,66.220,66.230,66.220,66.250,2872,191040
1513264320,66.260,66.280,66.260,66.310,2872,191040
1513264380,66.270,66.350,66.270,66.350,2872,191040
1513264440,66.340,66.360,66.340,66.360,2872,191040
1513264500,66.390,66.400,66.390,66.450,1807,205403
1513264560,66.390,66.390,66.390,66.390,1806,205403
1513264620,66.400,66.400,66.400,66.400,1806,205403
1513264680,66.330,66.330,66.330,66.330,1806,205403
1513264740,66.310,66.310,66.310,66.310,1806,205403
1513264800,66.220,66.210,66.210,66.220,2207,214434
1513264860,66.210,66.180,66.180,66.210,2206,214434
1513264920,66.200,66.190,66.190,66.200,2206,214434
1513264980,66.110,66.160,66.110,66.160,2206,214434
1513265040,66.110,66.160,66.110,66.160,2206,214434
1513265100,66.210,66.440,66.210,66.440,3452,225465
1513265160,66.370,66.370,66.370,66.370,3451,225465
1513265220,66.420,66.400,66.400,66.420,3451,225465
1513265280,66.400,66.420,66.390,66.420,3451,225465
1513265340,66.390,66.400,66.390,66.430,3451,225465
1513265400,66.420,66.440,66.420,66.440,3165,242721
1513265460,66.460,66.450,66.450,66.460,3162,242721
1513265520,66.460,66.490,66.460,66.490,3162,242721
1513265580,66.500,66.490,66.470,66.500,3162,242721
1513265640,66.500,66.500,66.480,66.500,3162,242721
1513265700,66.500,66.460,66.460,66.500,3032,258534
1513265760,66.500,66.500,66.500,66.500,3030,258534
1513265820,66.500,66.500,66.490,66.500,3030,258534
1513265880,66.500,66.560,66.500,66.560,3030,258534
1513265940,66.570,66.710,66.570,66.710,3030,258534
1513266000,66.710,66.720,66.710,66.730,2872,273686
1513266060,66.720,66.870,66.720,66.870,2868,273686
1513266120,66.850,66.790,66.790,66.850,2868,273686
1513266180,66.860,66.770,66.770,66.860,2868,273686
1513266240,66.820,66.820,66.820,66.820,2868,273686
1513266300,66.780,66.780,66.780,66.780,8233,288030
1513266360,66.820,66.820,66.820,66.820,8232,288030
1513266420,66.780,66.780,66.780,66.780,8232,288030
1513266480,66.780,66.560,66.560,66.780,8232,288030
1513266540,66.580,66.390,66.390,66.620,8232,288030
1513266600,66.440,66.460,66.440,66.460,2175,329191
1513266660,66.460,66.490,66.460,66.490,2173,329191
1513266720,66.530,66.530,66.530,66.530,2173,329191
1513266780,66.530,66.530,66.530,66.530,2173,329191
1513266840,66.540,66.550,66.540,66.550,2173,329191
1513266900,66.500,66.480,66.480,66.500,2323,340058
1513266960,66.510,66.510,66.500,66.510,2323,340058
1513267020,66.490,66.420,66.420,66.500,2323,340058
1513267080,66.400,66.400,66.400,66.440,2323,340058
1513267140,66.340,66.280,66.280,66.340,2323,340058
1513267200,66.290,66.260,66.260,66.300,1833,351673
1513267260,66.270,66.270,66.270,66.270,1829,351673
1513267320,66.270,66.270,66.270,66.270,1829,351673
1513267380,66.270,66.290,66.270,66.290,1829,351673
1513267440,66.270,66.290,66.270,66.290,1829,351673
1513267500,66.310,66.310,66.310,66.310,1691,360822
1513267560,66.430,66.440,66.430,66.440,1688,360822
1513267620,66.510,66.510,66.510,66.510,1688,360822
1513267680,66.530,66.520,66.500,66.530,1688,360822
1513267740,66.500,66.560,66.500,66.560,1688,360822
1513267800,66.550,66.570,66.550,66.570,2902,369265
1513267860,66.630,66.630,66.630,66.630,2898,369265
1513267920,66.590,66.580,66.580,66.590,2898,369265
1513267980,66.550,66.500,66.500,66.550,2898,369265
1513268040,66.500,66.410,66.410,66.500,2898,369265
1513268100,66.410,66.410,66.400,66.410,1687,383759
1513268160,66.360,66.360,66.360,66.360,1683,383759
1513268220,66.350,66.350,66.350,66.350,1683,383759
1513268280,66.350,66.350,66.350,66.350,1683,383759
1513268340,66.380,66.380,66.380,66.380,1683,383759
1513268400,66.390,66.390,66.390,66.390,789,392178
1513268460,66.400,66.430,66.400,66.430,787,392178
1513268520,66.400,66.430,66.400,66.430,787,392178
1513268580,66.420,66.490,66.420,66.490,787,392178
1513268640,66.420,66.490,66.420,66.490,787,392178
1513268700,66.420,66.490,66.420,66.490,808,396115
1513268760,66.600,66.600,66.600,66.600,805,396115
1513268820,66.630,66.630,66.630,66.630,805,396115
1513268880,66.660,66.660,66.660,66.660,805,396115
1513268940,66.690,66.760,66.650,66.760,805,396115
1513269000,66.760,66.720,66.720,66.760,1082,400143
1513269060,66.760,66.720,66.720,66.760,1081,400143
1513269120,66.640,66.670,66.640,66.670,1081,400143
1513269180,66.620,66.620,66.620,66.620,1081,400143
1513269240,66.590,66.550,66.540,66.590,1081,400143
1513269300,66.540,66.530,66.530,66.540,1087,405549
1513269360,66.530,66.510,66.510,66.530,1087,405549
1513269420,66.520,66.500,66.500,66.520,1087,405549
1513269480,66.530,66.530,66.530,66.530,1087,405549
1513269540,66.500,66.500,66.500,66.500,1087,405549
1513269600,66.500,66.500,66.500,66.500,1022,410984
1513269660,66.480,66.480,66.480,66.480,1021,410984
1513269720,66.480,66.480,66.480,66.480,1021,410984
1513269780,66.480,66.480,66.480,66.480,1021,410984
1513269840,66.520,66.560,66.520,66.560,1021,410984
1513269900,66.580,66.580,66.580,66.580,845,416090
1513269960,66.540,66.560,66.540,66.560,842,416090
1513270020,66.540,66.560,66.540,66.560,842,416090
1513270080,66.530,66.480,66.480,66.530,842,416090
1513270140,66.450,66.450,66.450,66.450,842,416090
1513270200,66.450,66.450,66.450,66.450,760,420303
1513270260,66.450,66.430,66.430,66.450,758,420303
1513270320,66.460,66.480,66.460,66.480,758,420303
1513270380,66.440,66.460,66.440,66.460,758,420303
1513270440,66.440,66.460,66.440,66.460,758,420303
1513270500,66.450,66.460,66.440,66.460,976,424095
1513270560,66.450,66.450,66.450,66.450,974,424095
1513270620,66.450,66.450,66.450,66.450,974,424095
1513270680,66.460,66.430,66.430,66.460,974,424095
1513270740,66.460,66.480,66.460,66.480,974,424095
1513270800,66.480,66.480,66.480,66.480,1032,428967
1513270860,66.520,66.520,66.520,66.520,1032,428967
1513270920,66.550,66.700,66.550,66.700,1032,428967
1513270980,66.700,66.690,66.690,66.700,1032,428967
1513271040,66.700,66.690,66.690,66.700,1032,428967
1513271100,66.700,66.690,66.690,66.700,1839,434127
1513271160,66.700,66.690,66.690,66.700,1838,434127
1513271220,66.710,66.680,66.680,66.710,1838,434127
1513271280,66.690,66.690,66.690,66.690,1838,434127
1513271340,66.770,66.760,66.760,66.770,1838,434127
1513271400,66.780,66.720,66.720,66.780,1261,443318
1513271460,66.780,66.720,66.720,66.780,1260,443318
1513271520,66.780,66.720,66.720,66.780,1260,443318
1513271580,66.740,66.740,66.740,66.740,1260,443318
1513271640,66.770,66.770,66.770,66.770,1260,443318
1513271700,66.770,66.770,66.770,66.770,1360,449619
1513271760,66.790,66.830,66.790,66.830,1360,449619
1513271820,66.790,66.830,66.790,66.830,1360,449619
1513271880,66.870,66.870,66.870,66.870,1360,449619
1513271940,66.810,66.790,66.790,66.810,1360,449619
1513272000,66.810,66.790,66.790,66.810,1022,456419
1513272060,66.810,66.790,66.790,66.810,1022,456419
1513272120,66.790,66.720,66.720,66.790,1022,456419
1513272180,66.730,66.730,66.730,66.730,1022,456419
1513272240,66.760,66.730,66.730,66.760,1022,456419
1513272300,66.750,66.770,66.730,66.770,853,461529
1513272360,66.750,66.750,66.750,66.750,853,461529
1513272420,66.740,66.750,66.740,66.750,853,461529
1513272480,66.730,66.630,66.630,66.730,853,461529
1513272540,66.630,66.630,66.630,66.630,853,461529
1513272600,66.630,66.630,66.630,66.630,420,465794
1513272660,66.630,66.660,66.620,66.660,418,465794
1513272720,66.630,66.660,66.620,66.660,418,465794
1513272780,66.620,66.620,66.620,66.620,418,465794
1513272840,66.640,66.640,66.640,66.640,418,465794
1513272900,66.620,66.620,66.620,66.620,540,467886
1513272960,66.620,66.620,66.620,66.620,538,467886
1513273020,66.590,66.590,66.590,66.590,538,467886
1513273080,66.590,66.590,66.590,66.590,538,467886
1513273140,66.590,66.590,66.590,66.590,538,467886
1513273200,66.590,66.590,66.590,66.590,1703,470578
1513273260,66.640,66.690,66.640,66.690,1703,470578
1513273320,66.700,66.710,66.700,66.710,1703,470578
1513273380,66.690,66.670,66.660,66.690,1703,470578
1513273440,66.690,66.690,66.690,66.690,1703,470578
1513273500,66.680,66.660,66.660,66.680,218,479093
1513273560,66.640,66.640,66.640,66.640,218,479093
1513273620,66.640,66.640,66.640,66.640,218,479093
1513273680,66.640,66.640,66.640,66.640,218,479093
1513273740,66.640,66.640,66.640,66.640,218,479093
1513273800,66.700,66.720,66.700,66.720,860,480183
1513273860,66.740,66.710,66.710,66.740,857,480183
1513273920,66.730,66.730,66.730,66.730,857,480183
1513273980,66.760,66.740,66.740,66.760,857,480183
1513274040,66.760,66.740,66.740,66.760,857,480183
1513274100,66.600,66.600,66.600,66.600,1467,484471
1513274160,66.630,66.630,66.630,66.630,1467,484471
1513274220,66.610,66.610,66.610,66.610,1467,484471
1513274280,66.580,66.580,66.580,66.580,1467,484471
1513274340,66.600,66.650,66.600,66.650,1467,484471
1513274400,66.600,66.650,66.600,66.650,391,491806
1513274460,66.640,66.640,66.640,66.640,391,491806
1513274520,66.640,66.640,66.640,66.640,391,491806
1513274580,66.640,66.640,66.640,66.640,391,491806
1513274640,66.750,66.750,66.750,66.750,391,491806
1513274700,66.750,66.750,66.750,66.750,457,493761
1513274760,66.750,66.750,66.750,66.750,456,493761
1513274820,66.710,66.720,66.710,66.720,456,493761
1513274880,66.710,66.710,66.710,66.710,456,493761
1513274940,66.690,66.680,66.680,66.690,456,493761
1513275000,66.690,66.690,66.690,66.690,1449,496042
1513275060,66.710,66.710,66.710,66.710,1447,496042
1513275120,66.710,66.710,66.710,66.710,1447,496042
1513275180,66.710,66.710,66.710,66.710,1447,496042
1513275240,66.650,66.570,66.570,66.650,1447,496042
1513275300,66.590,66.590,66.590,66.590,1671,503279
1513275360,66.630,66.630,66.630,66.630,1667,503279
1513275420,66.650,66.660,66.650,66.660,1667,503279
1513275480,66.660,66.610,66.610,66.660,1667,503279
1513275540,66.600,66.600,66.600,66.600,1667,503279
1513275600,66.600,66.600,66.600,66.600,1116,511618
1513275660,66.610,66.630,66.610,66.630,1114,511618
1513275720,66.620,66.600,66.600,66.620,1114,511618
1513275780,66.540,66.560,66.540,66.560,1114,511618
1513275840,66.530,66.530,66.530,66.530,1114,511618
1513275900,66.540,66.540,66.540,66.540,632,517190
1513275960,66.560,66.560,66.560,66.560,628,517190
1513276020,66.560,66.560,66.560,66.560,628,517190
1513276080,66.560,66.560,66.560,66.560,628,517190
1513276140,66.590,66.590,66.590,66.590,628,517190
1513276200,66.590,66.580,66.580,66.590,1451,520334
1513276260,66.550,66.560,66.520,66.560,1449,520334
1513276320,66.550,66.560,66.520,66.560,1449,520334
1513276380,66.560,66.560,66.560,66.560,1449,520334
1513276440,66.520,66.490,66.490,66.520,1449,520334
1513276500,66.490,66.490,66.490,66.490,851,527581
1513276560,66.490,66.490,66.490,66.490,849,527581
1513276620,66.470,66.470,66.470,66.470,849,527581
1513276680,66.450,66.440,66.440,66.450,849,527581
1513276740,66.450,66.440,66.440,66.450,849,527581
1513276800,66.420,66.410,66.400,66.420,3427,531828
1513276860,66.360,66.360,66.330,66.360,3427,531828
1513276920,66.360,66.360,66.360,66.360,3427,531828
1513276980,66.340,66.340,66.340,66.340,3427,531828
1513277040,66.340,66.310,66.300,66.340,3427,531828
1513277100,66.330,66.340,66.300,66.340,2933,548963
1513277160,66.350,66.280,66.280,66.350,2932,548963
1513277220,66.270,66.290,66.270,66.300,2932,548963
1513277280,66.280,66.280,66.280,66.280,2932,548963
1513277340,66.280,66.280,66.280,66.280,2932,548963
1513277400,66.300,66.290,66.290,66.300,1565,563624
1513277460,66.280,66.280,66.280,66.280,1564,563624
1513277520,66.290,66.290,66.290,66.290,1564,563624
1513277580,66.270,66.270,66.270,66.270,1564,563624
1513277640,66.220,66.220,66.220,66.220,1564,563624
1513277700,66.220,66.220,66.220,66.220,876,571445
1513277760,66.220,66.220,66.220,66.220,875,571445
1513277820,66.220,66.220,66.220,66.220,875,571445
1513277880,66.200,66.120,66.120,66.200,875,571445
1513277940,66.080,66.050,66.050,66.080,875,571445
1513278000,66.060,66.030,66.030,66.060,4596,575821
1513278060,66.030,65.990,65.970,66.070,4592,575821
1513278120,66.020,65.970,65.970,66.020,4592,575821
1513278180,65.990,65.990,65.990,65.990,4592,575821
1513278240,65.990,65.940,65.940,65.990,4592,575821
1513278300,66.000,66.050,66.000,66.050,1236,598785
1513278360,66.000,66.050,66.000,66.050,1235,598785
1513278420,66.050,66.050,66.050,66.050,1235,598785
1513278480,66.070,66.040,66.040,66.070,1235,598785
1513278540,66.060,66.060,66.060,66.060,1235,598785
1513278600,66.060,66.060,66.060,66.060,813,604961
1513278660,66.080,66.080,66.080,66.090,809,604961
1513278720,66.130,66.130,66.100,66.130,809,604961
1513278780,66.150,66.120,66.120,66.150,809,604961
1513278840,66.150,66.150,66.150,66.150,809,604961
1513278900,66.140,66.170,66.140,66.170,2383,609010
1513278960,66.210,66.210,66.210,66.210,2380,609010
1513279020,66.230,66.280,66.230,66.280,2380,609010
1513279080,66.290,66.420,66.290,66.420,2380,609010
1513279140,66.420,66.390,66.390,66.420,2380,609010
1513279200,66.370,66.330,66.330,66.370,5344,620913
1513279260,66.350,66.450,66.350,66.450,5340,620913
1513279320,66.420,66.360,66.360,66.420,5340,620913
1513279380,66.350,66.320,66.320,66.350,5340,620913
1513279440,66.340,66.240,66.240,66.340,5340,620913
1513279500,66.230,66.230,66.230,66.230,1970,647617
1513279560,66.300,66.320,66.300,66.320,1969,647617
1513279620,66.320,66.170,66.170,66.320,1969,647617
1513279680,66.200,66.200,66.200,66.200,1969,647617
1513279740,66.190,66.080,66.080,66.190,1969,647617
1513279800,66.040,66.120,66.040,66.120,1589,657463
1513279860,66.040,66.120,66.040,66.120,1589,657463
1513279920,66.170,66.220,66.170,66.220,1589,657463
1513279980,66.230,66.230,66.210,66.230,1589,657463
1513280040,66.220,66.200,66.200,66.220,1589,657463
1513280100,66.160,66.220,66.160,66.220,1194,665408
1513280160,66.280,66.280,66.280,66.280,1191,665408
1513280220,66.240,66.280,66.240,66.280,1191,665408
1513280280,66.240,66.280,66.240,66.280,1191,665408
1513280340,66.230,66.230,66.230,66.230,1191,665408
1513280400,66.220,66.200,66.200,66.220,798,671366
1513280460,66.230,66.230,66.230,66.230,796,671366
1513280520,66.250,66.250,66.250,66.250,796,671366
1513280580,66.220,66.170,66.170,66.220,796,671366
1513280640,66.230,66.230,66.230,66.230,796,671366
1513280700,66.270,66.270,66.270,66.270,1054,675348
1513280760,66.260,66.220,66.220,66.260,1054,675348
1513280820,66.200,66.200,66.200,66.200,1054,675348
1513280880,66.200,66.200,66.200,66.200,1054,675348
1513280940,66.190,66.280,66.190,66.280,1054,675348
1513281000,66.350,66.350,66.350,66.350,924,680618
1513281060,66.330,66.340,66.330,66.340,921,680618
1513281120,66.370,66.360,66.360,66.370,921,680618
1513281180,66.380,66.380,66.380,66.380,921,680618
1513281240,66.380,66.380,66.380,66.380,921,680618
1513281300,66.380,66.380,66.380,66.380,1798,685226
1513281360,66.410,66.440,66.410,66.440,1796,685226
1513281420,66.460,66.440,66.440,66.460,1796,685226
1513281480,66.410,66.310,66.310,66.410,1796,685226
1513281540,66.360,66.310,66.310,66.360,1796,685226
1513281600,66.330,66.350,66.330,66.350,2548,694208
1513281660,66.330,66.250,66.250,66.330,2547,694208
1513281720,66.190,66.190,66.190,66.190,2547,694208
1513281780,66.190,66.190,66.190,66.190,2547,694208
1513281840,66.170,66.190,66.150,66.190,2547,694208
1513281900,66.210,66.250,66.210,66.250,1375,706944
1513281960,66.250,66.210,66.210,66.250,1373,706944
1513282020,66.230,66.230,66.230,66.230,1373,706944
1513282080,66.230,66.230,66.230,66.230,1373,706944
1513282140,66.250,66.270,66.250,66.270,1373,706944
1513282200,66.270,66.270,66.270,66.270,2039,713811
1513282260,66.280,66.260,66.260,66.280,2036,713811
1513282320,66.280,66.260,66.260,66.280,2036,713811
1513282380,66.280,66.280,66.280,66.280,2036,713811
1513282440,66.250,66.240,66.240,66.250,2036,713811
1513282500,66.240,66.240,66.240,66.240,2278,723994
1513282560,66.200,66.200,66.200,66.200,2276,723994
1513282620,66.200,66.180,66.180,66.200,2276,723994
1513282680,66.210,66.160,66.160,66.210,2276,723994
1513282740,66.200,66.230,66.200,66.230,2276,723994
1513282800,66.200,66.230,66.200,66.230,1860,735376
1513282860,66.240,66.250,66.240,66.250,1859,735376
1513282920,66.250,66.250,66.250,66.250,1859,735376
1513282980,66.240,66.240,66.240,66.240,1859,735376
1513283040,66.260,66.240,66.220,66.260,1859,735376
1513283100,66.250,66.280,66.250,66.280,2222,744672
1513283160,66.250,66.280,66.250,66.280,2221,744672
1513283220,66.270,66.290,66.270,66.290,2221,744672
1513283280,66.280,66.260,66.260,66.280,2221,744672
1513283340,66.280,66.260,66.260,66.280,2221,744672
1513283400,66.260,66.260,66.240,66.260,6631,755778
1513283460,66.200,66.200,66.200,66.200,6630,755778
1513283520,66.200,66.200,66.160,66.220,6630,755778
1513283580,66.200,66.180,66.180,66.200,6630,755778
1513283640,66.200,66.200,66.200,66.200,6630,755778
1513283700,66.200,66.220,66.190,66.220,7795,788929
1513283760,66.220,66.250,66.220,66.260,7791,788929
1513283820,66.260,66.310,66.260,66.310,7791,788929
1513283880,66.310,66.300,66.280,66.310,7791,788929
1513283940,66.280,66.290,66.280,66.290,7791,788929
1513284000,66.300,66.330,66.300,66.340,7092,827888
1513284060,66.320,66.260,66.260,66.320,7088,827888
1513284120,66.270,66.270,66.250,66.300,7088,827888
1513284180,66.300,66.200,66.200,66.300,7088,827888
1513284240,66.190,66.200,66.190,66.200,7088,827888
1513284300,66.200,66.190,66.190,66.200,6517,863332
1513284360,66.190,66.190,66.180,66.200,6514,863332
1513284420,66.190,66.180,66.180,66.200,6514,863332
1513284480,66.180,66.190,66.180,66.190,6514,863332
1513284540,66.200,66.180,66.180,66.200,6514,863332
1513284600,66.180,66.210,66.180,66.210,5211,895905
1513284660,66.180,66.170,66.170,66.180,5208,895905
1513284720,66.160,66.140,66.140,66.160,5208,895905
1513284780,66.170,66.160,66.160,66.170,5208,895905
1513284840,66.150,66.190,66.140,66.190,5208,895905
1513284900,66.190,66.180,66.180,66.200,51312,921948
1513284960,66.170,66.190,66.170,66.190,51308,921948
1513285020,66.190,66.180,66.170,66.200,51308,921948
1513285080,66.170,66.180,66.170,66.200,51308,921948
1513285140,66.200,66.130,66.130,66.200,51308,921948
1513348200,66.430,66.390,66.390,66.500,24756,0
1513348260,66.430,66.390,66.390,66.500,24754,0
1513348320,66.430,66.390,66.390,66.500,24754,0
1513348380,66.470,66.500,66.470,66.500,24754,0
1513348440,66.470,66.500,66.470,66.500,24754,0
1513348500,66.470,66.500,66.470,66.500,5441,123772
1513348560,66.340,66.340,66.340,66.340,5437,123772
1513348620,66.500,66.440,66.440,66.500,5437,123772
1513348680,66.500,66.460,66.450,66.500,5437,123772
1513348740,66.510,66.510,66.510,66.510,5437,123772
1513348800,66.510,66.510,66.510,66.510,5953,150961
1513348860,66.490,66.500,66.490,66.500,5953,150961
1513348920,66.480,66.500,66.480,66.500,5953,150961
1513348980,66.480,66.500,66.480,66.500,5953,150961
1513349040,66.510,66.540,66.510,66.540,5953,150961
1513349100,66.630,66.610,66.610,66.630,5246,180726
1513349160,66.470,66.720,66.470,66.720,5242,180726
1513349220,66.770,66.850,66.770,66.850,5242,180726
1513349280,66.770,66.850,66.770,66.850,5242,180726
1513349340,66.980,66.930,66.930,67.050,5242,180726
1513349400,66.910,67.040,66.910,67.040,1069,206940
1513349460,66.910,66.910,66.910,66.910,1065,206940
1513349520,66.870,66.870,66.870,66.870,1065,206940
1513349580,66.800,66.800,66.800,66.800,1065,206940
1513349640,66.800,66.800,66.800,66.800,1065,206940
1513349700,66.960,66.970,66.960,66.970,2006,212269
1513349760,67.000,67.080,67.000,67.080,2003,212269
1513349820,67.000,67.080,67.000,67.080,2003,212269
1513349880,67.040,67.040,67.040,67.040,2003,212269
1513349940,67.060,67.000,67.000,67.060,2003,212269
1513350000,67.060,67.110,67.060,67.110,2579,222287
1513350060,67.110,67.110,67.110,67.110,2579,222287
1513350120,67.090,67.060,66.990,67.090,2579,222287
1513350180,67.030,67.030,67.030,67.030,2579,222287
1513350240,67.040,67.060,67.010,67.060,2579,222287
1513350300,66.990,66.940,66.940,67.000,1897,235182
1513350360,66.890,66.890,66.890,66.890,1893,235182
1513350420,66.850,66.880,66.850,66.880,1893,235182
1513350480,66.870,66.820,66.820,66.870,1893,235182
1513350540,66.790,66.770,66.770,66.830,1893,235182
1513350600,66.770,66.770,66.770,66.770,1777,244651
1513350660,66.810,66.810,66.810,66.810,1775,244651
1513350720,66.880,66.880,66.880,66.880,1775,244651
1513350780,66.880,66.880,66.880,66.880,1775,244651
1513350840,66.900,67.030,66.900,67.050,1775,244651
1513350900,66.990,66.970,66.930,66.990,15636,253528
1513350960,66.970,66.990,66.970,67.000,15632,253528
1513351020,66.990,67.100,66.990,67.100,15632,253528
1513351080,67.110,67.180,67.110,67.180,15632,253528
1513351140,67.140,67.100,67.100,67.140,15632,253528
1513351200,67.060,67.030,67.030,67.060,2708,331692
1513351260,67.000,67.000,67.000,67.000,2705,331692
1513351320,66.900,66.900,66.900,66.900,2705,331692
1513351380,66.890,66.890,66.890,66.890,2705,331692
1513351440,66.880,66.900,66.880,66.900,2705,331692
1513351500,66.820,66.830,66.820,66.830,2633,345220
1513351560,66.870,66.890,66.870,66.890,2630,345220
1513351620,66.900,66.890,66.890,66.900,2630,345220
1513351680,66.860,66.870,66.850,66.870,2630,345220
1513351740,66.930,66.920,66.920,66.930,2630,345220
1513351800,66.930,66.920,66.920,66.930,2123,358373
1513351860,66.880,66.880,66.880,66.880,2120,358373
1513351920,66.900,66.900,66.900,66.900,2120,358373
1513351980,66.890,66.910,66.890,66.920,2120,358373
1513352040,66.890,66.890,66.890,66.890,2120,358373
1513352100,66.780,66.810,66.780,66.820,4165,368976
1513352160,66.730,66.670,66.670,66.730,4162,368976
1513352220,66.730,66.670,66.670,66.730,4162,368976
1513352280,66.630,66.540,66.540,66.630,4162,368976
1513352340,66.520,66.500,66.500,66.520,4162,368976
1513352400,66.590,66.460,66.460,66.590,5432,389789
1513352460,66.520,66.460,66.460,66.550,5430,389789
1513352520,66.500,66.410,66.400,66.500,5430,389789
1513352580,66.460,66.380,66.380,66.510,5430,389789
1513352640,66.360,66.270,66.260,66.360,5430,389789
1513352700,66.360,66.270,66.260,66.360,2967,416941
1513352760,66.310,66.250,66.240,66.310,2963,416941
1513352820,66.190,66.190,66.190,66.190,2963,416941
1513352880,66.150,66.160,66.080,66.170,2963,416941
1513352940,66.200,66.200,66.200,66.200,2963,416941
1513353000,66.060,66.020,66.020,66.150,3066,431760
1513353060,66.010,66.110,66.010,66.110,3066,431760
1513353120,66.080,66.030,66.030,66.080,3066,431760
1513353180,66.000,66.000,66.000,66.000,3066,431760
1513353240,66.090,66.090,66.090,66.090,3066,431760
1513353300,66.130,66.130,66.130,66.130,751,447090
1513353360,66.130,66.130,66.130,66.130,747,447090
1513353420,66.130,66.130,66.130,66.130,747,447090
1513353480,66.170,66.110,66.100,66.170,747,447090
1513353540,66.110,66.220,66.110,66.220,747,447090
1513353600,66.430,66.430,66.430,66.430,1938,450829
1513353660,66.480,66.440,66.430,66.480,1937,450829
1513353720,66.480,66.440,66.430,66.480,1937,450829
1513353780,66.450,66.420,66.420,66.470,1937,450829
1513353840,66.380,66.380,66.380,66.380,1937,450829
1513353900,66.320,66.340,66.320,66.340,1029,460515
1513353960,66.320,66.340,66.320,66.340,1027,460515
1513354020,66.350,66.280,66.280,66.350,1027,460515
1513354080,66.390,66.390,66.390,66.390,1027,460515
1513354140,66.390,66.390,66.390,66.390,1027,460515
1513354200,66.390,66.390,66.390,66.390,2128,465652
1513354260,66.490,66.470,66.470,66.490,2126,465652
1513354320,66.470,66.500,66.470,66.500,2126,465652
1513354380,66.580,66.580,66.580,66.580,2126,465652
1513354440,66.580,66.580,66.580,66.580,2126,465652
1513354500,66.610,66.670,66.610,66.670,1939,476284
1513354560,66.700,66.700,66.700,66.700,1935,476284
1513354620,66.700,66.700,66.700,66.700,1935,476284
1513354680,66.740,66.780,66.740,66.780,1935,476284
1513354740,66.830,66.830,66.830,66.830,1935,476284
1513354800,66.830,66.830,66.830,66.830,1084,485963
1513354860,66.830,66.830,66.830,66.830,1081,485963
1513354920,66.800,66.860,66.800,66.860,1081,485963
1513354980,66.810,66.760,66.760,66.810,1081,485963
1513355040,66.800,66.800,66.800,66.800,1081,485963
1513355100,66.800,66.810,66.800,66.810,2594,491371
1513355160,66.840,66.770,66.770,66.840,2591,491371
1513355220,66.840,66.770,66.770,66.840,2591,491371
1513355280,66.840,66.770,66.770,66.840,2591,491371
1513355340,66.840,66.810,66.810,66.840,2591,491371
1513355400,66.880,66.850,66.850,66.900,2720,504329
1513355460,66.880,66.850,66.850,66.900,2720,504329
1513355520,66.900,66.900,66.900,66.900,2720,504329
1513355580,66.880,66.820,66.820,66.880,2720,504329
1513355640,66.820,66.820,66.820,66.820,2720,504329
1513355700,66.830,66.830,66.830,66.830,1850,517929
1513355760,66.800,66.780,66.780,66.800,1846,517929
1513355820,66.750,66.750,66.750,66.750,1846,517929
1513355880,66.730,66.730,66.730,66.730,1846,517929
1513355940,66.700,66.670,66.670,66.700,1846,517929
1513356000,66.650,66.670,66.650,66.670,1630,527163
1513356060,66.700,66.700,66.700,66.700,1630,527163
1513356120,66.740,66.790,66.740,66.790,1630,527163
1513356180,66.800,66.810,66.800,66.810,1630,527163
1513356240,66.840,66.840,66.840,66.840,1630,527163
1513356300,66.840,66.960,66.840,66.960,4408,535313
1513356360,66.970,66.920,66.920,66.970,4408,535313
1513356420,66.950,66.950,66.950,66.950,4408,535313
1513356480,66.950,66.950,66.950,66.950,4408,535313
1513356540,66.950,66.900,66.900,66.950,4408,535313
1513356600,66.910,66.900,66.900,66.910,785,557353
1513356660,66.910,66.900,66.900,66.910,785,557353
1513356720,66.900,66.950,66.900,66.950,785,557353
1513356780,66.900,66.950,66.900,66.950,785,557353
1513356840,66.910,66.910,66.910,66.910,785,557353
1513356900,66.910,66.910,66.910,66.910,1708,561278
1513356960,66.950,66.900,66.900,66.950,1704,561278
1513357020,66.960,66.930,66.930,66.960,1704,561278
1513357080,66.990,66.980,66.970,66.990,1704,561278
1513357140,66.930,66.930,66.930,66.930,1704,561278
1513357200,66.950,66.930,66.930,66.950,1105,569802
1513357260,66.950,66.930,66.930,66.950,1103,569802
1513357320,66.930,66.930,66.930,66.930,1103,569802
1513357380,66.910,66.900,66.900,66.910,1103,569802
1513357440,66.910,66.900,66.900,66.910,1103,569802
1513357500,66.910,66.900,66.900,66.910,392,575319
1513357560,66.910,66.900,66.900,66.910,390,575319
1513357620,66.910,66.900,66.900,66.910,390,575319
1513357680,66.930,66.880,66.870,66.930,390,575319
1513357740,66.930,66.880,66.870,66.930,390,575319
1513357800,66.860,66.930,66.860,66.930,967,577271
1513357860,66.940,66.970,66.940,66.970,967,577271
1513357920,66.930,66.930,66.930,66.930,967,577271
1513357980,66.900,66.900,66.900,66.900,967,577271
1513358040,66.900,66.900,66.900,66.900,967,577271
1513358100,66.910,66.860,66.860,66.910,1611,582106
1513358160,66.910,66.860,66.860,66.910,1608,582106
1513358220,66.870,66.930,66.870,66.930,1608,582106
1513358280,66.920,66.920,66.920,66.920,1608,582106
1513358340,66.890,66.870,66.870,66.890,1608,582106
1513358400,66.880,66.880,66.880,66.880,1434,590149
1513358460,66.880,66.880,66.880,66.880,1431,590149
1513358520,66.880,66.880,66.880,66.880,1431,590149
1513358580,66.900,66.900,66.900,66.900,1431,590149
1513358640,66.880,66.850,66.850,66.880,1431,590149
1513358700,66.880,66.880,66.880,66.880,2738,597307
1513358760,66.880,66.880,66.880,66.880,2734,597307
1513358820,66.890,66.900,66.890,66.900,2734,597307
1513358880,66.900,66.890,66.890,66.900,2734,597307
1513358940,66.890,66.900,66.890,66.900,2734,597307
1513359000,66.890,66.900,66.890,66.900,4827,610981
1513359060,66.900,66.990,66.880,66.990,4826,610981
1513359120,66.970,66.970,66.970,66.970,4826,610981
1513359180,66.970,66.970,66.970,66.970,4826,610981
1513359240,66.970,66.970,66.970,66.970,4826,610981
1513359300,66.940,66.880,66.880,66.940,4824,635112
1513359360,66.860,66.860,66.860,66.860,4822,635112
1513359420,66.850,66.850,66.850,66.850,4822,635112
1513359480,66.870,66.860,66.860,66.870,4822,635112
1513359540,66.880,66.900,66.880,66.900,4822,635112
1513359600,66.880,66.900,66.880,66.900,1114,659224
1513359660,66.880,66.900,66.880,66.900,1114,659224
1513359720,66.890,66.880,66.880,66.890,1114,659224
1513359780,66.870,66.900,66.870,66.900,1114,659224
1513359840,66.900,66.900,66.900,66.900,1114,659224
1513359900,66.910,66.900,66.900,66.910,2801,664794
1513359960,66.870,66.880,66.870,66.880,2801,664794
1513360020,66.880,66.820,66.820,66.880,2801,664794
1513360080,66.840,66.850,66.840,66.850,2801,664794
1513360140,66.800,66.800,66.800,66.800,2801,664794
1513360200,66.780,66.800,66.780,66.800,1530,678799
1513360260,66.780,66.800,66.780,66.800,1529,678799
1513360320,66.780,66.780,66.780,66.780,1529,678799
1513360380,66.800,66.750,66.750,66.800,1529,678799
1513360440,66.750,66.700,66.700,66.750,1529,678799
1513360500,66.680,66.680,66.680,66.680,504,686445
1513360560,66.690,66.690,66.690,66.690,502,686445
1513360620,66.690,66.690,66.690,66.690,502,686445
1513360680,66.690,66.690,66.690,66.690,502,686445
1513360740,66.760,66.760,66.760,66.760,502,686445
1513360800,66.830,66.810,66.790,66.830,937,688957
1513360860,66.830,66.810,66.790,66.830,934,688957
1513360920,66.830,66.810,66.790,66.830,934,688957
1513360980,66.890,66.890,66.890,66.890,934,688957
1513361040,66.890,66.890,66.890,66.890,934,688957
1513361100,66.860,66.820,66.820,66.860,448,693630
1513361160,66.820,66.790,66.790,66.820,446,693630
1513361220,66.790,66.790,66.790,66.790,446,693630
1513361280,66.790,66.790,66.790,66.790,446,693630
1513361340,66.790,66.790,66.790,66.790,446,693630
1513361400,66.790,66.820,66.790,66.820,410,695862
1513361460,66.790,66.820,66.790,66.820,410,695862
1513361520,66.790,66.820,66.790,66.820,410,695862
1513361580,66.820,66.820,66.820,66.820,410,695862
1513361640,66.790,66.810,66.790,66.810,410,695862
1513361700,66.810,66.810,66.810,66.810,540,697912
1513361760,66.770,66.770,66.770,66.770,540,697912
1513361820,66.800,66.800,66.800,66.800,540,697912
1513361880,66.800,66.800,66.800,66.800,540,697912
1513361940,66.800,66.800,66.800,66.800,540,697912
1513362000,66.810,66.810,66.810,66.810,852,700612
1513362060,66.810,66.810,66.810,66.810,852,700612
1513362120,66.790,66.790,66.790,66.790,852,700612
1513362180,66.760,66.750,66.750,66.760,852,700612
1513362240,66.760,66.750,66.750,66.760,852,700612
1513362300,66.760,66.750,66.750,66.760,896,704872
1513362360,66.750,66.750,66.750,66.750,893,704872
1513362420,66.750,66.750,66.750,66.750,893,704872
1513362480,66.750,66.750,66.750,66.750,893,704872
1513362540,66.750,66.780,66.750,66.790,893,704872
1513362600,66.800,66.800,66.800,66.800,551,709340
1513362660,66.830,66.830,66.830,66.830,550,709340
1513362720,66.830,66.830,66.830,66.830,550,709340
1513362780,66.830,66.830,66.830,66.830,550,709340
1513362840,66.870,66.870,66.870,66.870,550,709340
1513362900,66.880,66.810,66.810,66.880,870,712091
1513362960,66.880,66.810,66.810,66.880,870,712091
1513363020,66.880,66.810,66.810,66.880,870,712091
1513363080,66.880,66.810,66.810,66.880,870,712091
1513363140,66.790,66.810,66.790,66.820,870,712091
1513363200,66.810,66.810,66.810,66.810,973,716441
1513363260,66.780,66.770,66.770,66.780,971,716441
1513363320,66.780,66.770,66.770,66.780,971,716441
1513363380,66.840,66.840,66.840,66.840,971,716441
1513363440,66.800,66.800,66.800,66.800,971,716441
1513363500,66.760,66.760,66.760,66.760,487,721298
1513363560,66.750,66.750,66.750,66.750,487,721298
1513363620,66.740,66.740,66.740,66.740,487,721298
1513363680,66.740,66.740,66.740,66.740,487,721298
1513363740,66.790,66.790,66.790,66.790,487,721298
1513363800,66.860,66.810,66.810,66.860,616,723733
1513363860,66.850,66.830,66.830,66.860,613,723733
1513363920,66.850,66.830,66.830,66.860,613,723733
1513363980,66.790,66.790,66.790,66.790,613,723733
1513364040,66.790,66.790,66.790,66.790,613,723733
1513364100,66.840,66.840,66.840,66.840,1296,726801
1513364160,66.820,66.870,66.820,66.870,1293,726801
1513364220,66.820,66.820,66.820,66.820,1293,726801
1513364280,66.840,66.830,66.830,66.840,1293,726801
1513364340,66.860,66.850,66.850,66.860,1293,726801
1513364400,66.850,66.850,66.850,66.850,1151,733269
1513364460,66.840,66.840,66.840,66.840,1149,733269
1513364520,66.830,66.840,66.830,66.840,1149,733269
1513364580,66.870,66.870,66.870,66.870,1149,733269
1513364640,66.860,66.840,66.830,66.880,1149,733269
1513364700,66.830,66.810,66.810,66.830,2775,739016
1513364760,66.810,66.770,66.770,66.820,2775,739016
1513364820,66.770,66.720,66.720,66.770,2775,739016
1513364880,66.740,66.760,66.730,66.800,2775,739016
1513364940,66.740,66.750,66.740,66.750,2775,739016
1513365000,66.750,66.770,66.750,66.780,1876,752891
1513365060,66.730,66.680,66.680,66.730,1874,752891
1513365120,66.710,66.710,66.710,66.710,1874,752891
1513365180,66.710,66.700,66.700,66.710,1874,752891
1513365240,66.690,66.730,66.690,66.730,1874,752891
1513365300,66.760,66.780,66.760,66.780,1072,762263
1513365360,66.830,66.830,66.830,66.830,1072,762263
1513365420,66.830,66.850,66.830,66.850,1072,762263
1513365480,66.790,66.770,66.770,66.790,1072,762263
1513365540,66.780,66.780,66.780,66.780,1072,762263
1513365600,66.780,66.780,66.780,66.780,1040,767623
1513365660,66.800,66.800,66.800,66.800,1036,767623
1513365720,66.770,66.770,66.770,66.770,1036,767623
1513365780,66.780,66.810,66.760,66.810,1036,767623
1513365840,66.810,66.810,66.810,66.810,1036,767623
1513365900,66.810,66.810,66.810,66.810,2764,772807
1513365960,66.780,66.810,66.780,66.810,2763,772807
1513366020,66.820,66.820,66.820,66.820,2763,772807
1513366080,66.810,66.800,66.800,66.810,2763,772807
1513366140,66.830,66.840,66.830,66.850,2763,772807
1513366200,66.830,66.830,66.830,66.830,977,786623
1513366260,66.840,66.840,66.840,66.840,977,786623
1513366320,66.840,66.840,66.840,66.840,977,786623
1513366380,66.900,66.900,66.900,66.900,977,786623
1513366440,66.900,66.890,66.890,66.900,977,786623
1513366500,66.900,66.890,66.890,66.900,1639,791508
1513366560,66.900,66.890,66.890,66.900,1637,791508
1513366620,66.900,66.890,66.890,66.900,1637,791508
1513366680,66.900,66.890,66.890,66.900,1637,791508
1513366740,66.880,66.940,66.880,66.940,1637,791508
1513366800,66.880,66.940,66.880,66.940,3269,799695
1513366860,66.990,66.990,66.990,66.990,3268,799695
1513366920,66.980,66.990,66.980,67.000,3268,799695
1513366980,66.990,66.970,66.970,66.990,3268,799695
1513367040,66.960,66.950,66.950,66.960,3268,799695
1513367100,66.970,66.970,66.970,66.970,1162,816036
1513367160,66.970,66.980,66.970,66.980,1160,816036
1513367220,66.970,66.970,66.970,66.970,1160,816036
1513367280,66.980,67.000,66.980,67.000,1160,816036
1513367340,67.010,67.020,67.000,67.020,1160,816036
1513367400,67.020,67.000,67.000,67.020,1372,821838
1513367460,67.020,67.000,67.000,67.020,1372,821838
1513367520,66.980,66.980,66.980,66.980,1372,821838
1513367580,66.990,66.990,66.990,66.990,1372,821838
1513367640,66.950,66.970,66.950,66.970,1372,821838
1513367700,66.930,66.930,66.930,66.930,1433,828698
1513367760,66.940,66.960,66.940,66.960,1432,828698
1513367820,66.930,66.920,66.910,66.930,1432,828698
1513367880,66.940,66.890,66.890,66.940,1432,828698
1513367940,66.860,66.870,66.860,66.870,1432,828698
1513368000,66.870,66.890,66.870,66.890,2417,835859
1513368060,66.890,66.890,66.890,66.890,2414,835859
1513368120,66.890,66.890,66.890,66.890,2414,835859
1513368180,66.900,66.910,66.900,66.910,2414,835859
1513368240,66.890,66.860,66.860,66.890,2414,835859
1513368300,66.860,66.870,66.860,66.870,1725,847932
1513368360,66.900,66.900,66.900,66.900,1725,847932
1513368420,66.880,66.900,66.880,66.900,1725,847932
1513368480,66.880,66.900,66.880,66.900,1725,847932
1513368540,66.890,66.890,66.890,66.890,1725,847932
1513368600,66.900,66.890,66.890,66.900,2319,856557
1513368660,66.910,66.880,66.880,66.910,2316,856557
1513368720,66.870,66.870,66.870,66.870,2316,856557
1513368780,66.830,66.820,66.820,66.830,2316,856557
1513368840,66.820,66.840,66.810,66.840,2316,856557
1513368900,66.870,66.840,66.840,66.870,2466,868140
1513368960,66.820,66.790,66.790,66.820,2464,868140
1513369020,66.780,66.800,66.780,66.800,2464,868140
1513369080,66.790,66.800,66.790,66.800,2464,868140
1513369140,66.800,66.770,66.770,66.800,2464,868140
1513369200,66.780,66.780,66.780,66.780,3220,880462
1513369260,66.780,66.780,66.780,66.780,3218,880462
1513369320,66.770,66.800,66.750,66.800,3218,880462
1513369380,66.800,66.780,66.780,66.800,3218,880462
1513369440,66.760,66.720,66.720,66.760,3218,880462
1513369500,66.700,66.730,66.700,66.730,3083,896554
1513369560,66.700,66.680,66.680,66.700,3081,896554
1513369620,66.650,66.670,66.650,66.670,3081,896554
1513369680,66.670,66.650,66.650,66.670,3081,896554
1513369740,66.620,66.600,66.600,66.620,3081,896554
1513369800,66.600,66.590,66.580,66.600,6807,911961
1513369860,66.630,66.600,66.600,66.630,6807,911961
1513369920,66.600,66.600,66.600,66.600,6807,911961
1513369980,66.590,66.620,66.570,66.620,6807,911961
1513370040,66.620,66.640,66.610,66.640,6807,911961
1513370100,66.620,66.580,66.570,66.620,3173,945996
1513370160,66.550,66.580,66.530,66.580,3169,945996
1513370220,66.570,66.600,66.570,66.600,3169,945996
1513370280,66.560,66.540,66.540,66.560,3169,945996
1513370340,66.520,66.530,66.520,66.530,3169,945996
1513370400,66.520,66.450,66.450,66.520,6123,961845
1513370460,66.450,66.490,66.450,66.490,6122,961845
1513370520,66.490,66.480,66.470,66.500,6122,961845
1513370580,66.460,66.450,66.410,66.460,6122,961845
1513370640,66.460,66.390,66.390,66.460,6122,961845
1513370700,66.380,66.300,66.300,66.380,7560,992456
1513370760,66.310,66.290,66.260,66.330,7557,992456
1513370820,66.290,66.230,66.230,66.290,7557,992456
1513370880,66.240,66.310,66.240,66.310,7557,992456
1513370940,66.270,66.260,66.220,66.270,7557,992456
1513371000,66.280,66.280,66.280,66.280,6933,1030244
1513371060,66.260,66.240,66.240,66.260,6931,1030244
1513371120,66.250,66.220,66.220,66.260,6931,1030244
1513371180,66.200,66.190,66.190,66.220,6931,1030244
1513371240,66.190,66.210,66.190,66.220,6931,1030244
1513371300,66.190,66.220,66.180,66.220,111414,1064901
1513371360,66.210,66.180,66.180,66.220,111414,1064901
1513371420,66.200,66.230,66.190,66.230,111414,1064901
1513371480,66.180,66.110,66.100,66.200,111414,1064901
1513371540,66.110,66.190,66.110,66.190,111414,1064901
1513607400,66.950,67.000,66.950,67.000,4389,0
1513607460,67.000,67.000,67.000,67.000,4389,0
1513607520,67.000,67.000,67.000,67.000,4389,0
1513607580,67.050,67.040,66.880,67.050,4389,0
1513607640,67.000,67.050,67.000,67.050,4389,0
1513607700,67.080,67.190,67.050,67.190,2005,21945
1513607760,67.050,66.980,66.840,67.050,2003,21945
1513607820,67.100,67.160,66.890,67.160,2003,21945
1513607880,67.050,66.970,66.970,67.050,2003,21945
1513607940,66.800,66.890,66.800,66.890,2003,21945
1513608000,66.800,66.890,66.800,66.890,622,31962
1513608060,66.800,66.890,66.800,66.890,619,31962
1513608120,66.640,66.780,66.640,66.780,619,31962
1513608180,66.640,66.780,66.640,66.780,619,31962
1513608240,66.830,66.860,66.830,66.860,619,31962
1513608300,66.750,66.970,66.750,66.970,1737,35060
1513608360,66.750,66.970,66.750,66.970,1734,35060
1513608420,66.910,66.750,66.750,66.910,1734,35060
1513608480,66.730,66.860,66.730,66.860,1734,35060
1513608540,66.730,66.860,66.730,66.860,1734,35060
1513608600,66.890,66.940,66.890,66.940,1883,43733
1513608660,67.000,66.960,66.960,67.000,1883,43733
1513608720,66.970,66.970,66.970,66.970,1883,43733
1513608780,66.920,66.860,66.860,66.920,1883,43733
1513608840,66.860,66.910,66.860,66.910,1883,43733
1513608900,66.860,66.910,66.860,66.910,506,53148
1513608960,66.890,66.820,66.820,66.890,505,53148
1513609020,66.750,66.750,66.750,66.750,505,53148
1513609080,66.800,66.800,66.800,66.800,505,53148
1513609140,66.860,66.860,66.860,66.860,505,53148
1513609200,66.860,66.860,66.860,66.860,1098,55674
1513609260,66.910,66.910,66.910,66.910,1096,55674
1513609320,66.950,66.950,66.950,66.950,1096,55674
1513609380,66.880,66.880,66.880,66.880,1096,55674
1513609440,66.880,66.880,66.880,66.880,1096,55674
1513609500,66.790,66.840,66.790,66.840,3235,61156
1513609560,66.890,66.890,66.890,66.890,3233,61156
1513609620,66.920,66.930,66.920,66.930,3233,61156
1513609680,66.940,66.840,66.840,66.940,3233,61156
1513609740,66.850,66.840,66.840,66.870,3233,61156
1513609800,66.830,66.800,66.800,66.830,1538,77323
1513609860,66.840,66.840,66.840,66.840,1534,77323
1513609920,66.840,66.840,66.840,66.840,1534,77323
1513609980,66.820,66.820,66.820,66.820,1534,77323
1513610040,66.820,66.820,66.820,66.820,1534,77323
1513610100,66.820,66.820,66.820,66.820,1220,84997
1513610160,66.820,66.820,66.820,66.820,1218,84997
1513610220,66.840,66.830,66.830,66.840,1218,84997
1513610280,66.840,66.860,66.840,66.860,1218,84997
1513610340,66.840,66.860,66.840,66.860,1218,84997
1513610400,66.790,66.790,66.790,66.790,1356,91089
1513610460,66.710,66.650,66.650,66.710,1355,91089
1513610520,66.660,66.660,66.660,66.660,1355,91089
1513610580,66.660,66.660,66.660,66.660,1355,91089
1513610640,66.640,66.640,66.640,66.640,1355,91089
1513610700,66.610,66.610,66.610,66.610,1293,97865
1513610760,66.600,66.600,66.600,66.600,1291,97865
1513610820,66.610,66.580,66.560,66.610,1291,97865
1513610880,66.640,66.640,66.640,66.640,1291,97865
1513610940,66.640,66.620,66.620,66.650,1291,97865
1513611000,66.640,66.640,66.640,66.640,903,104322
1513611060,66.670,66.670,66.670,66.670,899,104322
1513611120,66.670,66.670,66.670,66.670,899,104322
1513611180,66.690,66.630,66.630,66.690,899,104322
1513611240,66.660,66.660,66.660,66.660,899,104322
1513611300,66.660,66.660,66.660,66.660,896,108821
1513611360,66.660,66.660,66.660,66.660,892,108821
1513611420,66.690,66.690,66.690,66.690,892,108821
1513611480,66.650,66.650,66.650,66.650,892,108821
1513611540,66.670,66.670,66.670,66.670,892,108821
1513611600,66.730,66.730,66.730,66.730,453,113285
1513611660,66.770,66.770,66.770,66.770,449,113285
1513611720,66.730,66.730,66.730,66.730,449,113285
1513611780,66.730,66.730,66.730,66.730,449,113285
1513611840,66.730,66.730,66.730,66.730,449,113285
1513611900,66.780,66.780,66.780,66.780,754,115534
1513611960,66.810,66.800,66.800,66.810,754,115534
1513612020,66.810,66.800,66.800,66.810,754,115534
1513612080,66.790,66.790,66.790,66.790,754,115534
1513612140,66.790,66.790,66.790,66.790,754,115534
1513612200,66.800,66.800,66.800,66.800,670,119304
1513612260,66.820,66.820,66.820,66.820,668,119304
1513612320,66.820,66.820,66.820,66.820,668,119304
1513612380,66.830,66.830,66.830,66.830,668,119304
1513612440,66.810,66.810,66.810,66.810,668,119304
1513612500,66.830,66.830,66.830,66.830,1926,122646
1513612560,66.850,66.850,66.850,66.850,1925,122646
1513612620,66.830,66.850,66.830,66.850,1925,122646
1513612680,66.850,66.820,66.810,66.850,1925,122646
1513612740,66.790,66.740,66.740,66.790,1925,122646
1513612800,66.690,66.690,66.690,66.690,528,132272
1513612860,66.720,66.730,66.720,66.730,527,132272
1513612920,66.740,66.740,66.740,66.740,527,132272
1513612980,66.760,66.760,66.760,66.760,527,132272
1513613040,66.760,66.760,66.760,66.760,527,132272
1513613100,66.740,66.740,66.740,66.740,835,134908
1513613160,66.740,66.730,66.730,66.740,832,134908
1513613220,66.740,66.730,66.730,66.740,832,134908
1513613280,66.740,66.740,66.740,66.740,832,134908
1513613340,66.760,66.760,66.760,66.760,832,134908
1513613400,66.760,66.770,66.760,66.770,1157,139071
1513613460,66.780,66.750,66.740,66.780,1155,139071
1513613520,66.760,66.740,66.740,66.760,1155,139071
1513613580,66.730,66.750,66.730,66.750,1155,139071
1513613640,66.730,66.750,66.730,66.750,1155,139071
1513613700,66.770,66.730,66.730,66.770,1436,144848
1513613760,66.700,66.690,66.690,66.700,1434,144848
1513613820,66.650,66.610,66.610,66.650,1434,144848
1513613880,66.600,66.560,66.560,66.600,1434,144848
1513613940,66.560,66.520,66.520,66.580,1434,144848
1513614000,66.520,66.510,66.510,66.520,1977,152020
1513614060,66.520,66.580,66.520,66.580,1976,152020
1513614120,66.550,66.530,66.530,66.550,1976,152020
1513614180,66.550,66.530,66.530,66.550,1976,152020
1513614240,66.550,66.570,66.550,66.570,1976,152020
1513614300,66.570,66.580,66.570,66.580,1020,161901
1513614360,66.570,66.580,66.570,66.580,1018,161901
1513614420,66.540,66.570,66.540,66.570,1018,161901
1513614480,66.510,66.440,66.440,66.510,1018,161901
1513614540,66.440,66.440,66.440,66.440,1018,161901
1513614600,66.390,66.390,66.390,66.390,1530,166993
1513614660,66.390,66.390,66.390,66.390,1528,166993
1513614720,66.390,66.390,66.390,66.390,1528,166993
1513614780,66.480,66.450,66.450,66.490,1528,166993
1513614840,66.460,66.460,66.460,66.460,1528,166993
1513614900,66.480,66.500,66.480,66.500,1131,174635
1513614960,66.480,66.500,66.480,66.500,1127,174635
1513615020,66.480,66.480,66.480,66.480,1127,174635
1513615080,66.470,66.450,66.420,66.470,1127,174635
1513615140,66.450,66.450,66.450,66.450,1127,174635
1513615200,66.400,66.410,66.400,66.410,1516,180274
1513615260,66.350,66.300,66.300,66.390,1512,180274
1513615320,66.300,66.320,66.300,66.320,1512,180274
1513615380,66.310,66.310,66.310,66.310,1512,180274
1513615440,66.310,66.310,66.310,66.310,1512,180274
1513615500,66.340,66.370,66.340,66.370,1387,187838
1513615560,66.450,66.450,66.450,66.450,1385,187838
1513615620,66.440,66.440,66.440,66.440,1385,187838
1513615680,66.500,66.500,66.500,66.500,1385,187838
1513615740,66.460,66.470,66.460,66.470,1385,187838
1513615800,66.460,66.470,66.460,66.470,4049,194765
1513615860,66.480,66.480,66.480,66.480,4049,194765
1513615920,66.470,66.510,66.470,66.510,4049,194765
1513615980,66.540,66.500,66.500,66.540,4049,194765
1513616040,66.490,66.500,66.490,66.510,4049,194765
1513616100,66.460,66.550,66.460,66.550,1861,215010
1513616160,66.550,66.550,66.550,66.550,1861,215010
1513616220,66.550,66.550,66.550,66.550,1861,215010
1513616280,66.550,66.550,66.550,66.550,1861,215010
1513616340,66.570,66.530,66.520,66.570,1861,215010
1513616400,66.510,66.520,66.510,66.520,1662,224315
1513616460,66.480,66.450,66.450,66.480,1662,224315
1513616520,66.480,66.480,66.480,66.480,1662,224315
1513616580,66.480,66.480,66.480,66.480,1662,224315
1513616640,66.490,66.600,66.490,66.600,1662,224315
1513616700,66.640,66.640,66.640,66.640,348,232625
1513616760,66.630,66.660,66.630,66.660,345,232625
1513616820,66.650,66.630,66.630,66.650,345,232625
1513616880,66.650,66.630,66.630,66.650,345,232625
1513616940,66.650,66.650,66.650,66.650,345,232625
1513617000,66.630,66.620,66.620,66.630,1653,234353
1513617060,66.580,66.500,66.500,66.580,1649,234353
1513617120,66.580,66.500,66.500,66.580,1649,234353
1513617180,66.500,66.530,66.500,66.530,1649,234353
1513617240,66.550,66.550,66.550,66.550,1649,234353
1513617300,66.540,66.540,66.540,66.540,837,242602
1513617360,66.540,66.540,66.540,66.540,834,242602
1513617420,66.540,66.540,66.540,66.540,834,242602
1513617480,66.530,66.600,66.530,66.600,834,242602
1513617540,66.530,66.600,66.530,66.600,834,242602
1513617600,66.630,66.630,66.630,66.630,1185,246775
1513617660,66.630,66.630,66.630,66.630,1182,246775
1513617720,66.610,66.610,66.610,66.610,1182,246775
1513617780,66.580,66.530,66.530,66.580,1182,246775
1513617840,66.500,66.550,66.500,66.550,1182,246775
1513617900,66.500,66.550,66.500,66.550,588,252688
1513617960,66.560,66.560,66.560,66.560,587,252688
1513618020,66.560,66.560,66.560,66.560,587,252688
1513618080,66.560,66.560,66.560,66.560,587,252688
1513618140,66.610,66.610,66.610,66.610,587,252688
1513618200,66.550,66.570,66.550,66.570,1848,255624
1513618260,66.550,66.560,66.550,66.560,1847,255624
1513618320,66.570,66.570,66.570,66.570,1847,255624
1513618380,66.570,66.570,66.570,66.570,1847,255624
1513618440,66.530,66.550,66.530,66.550,1847,255624
1513618500,66.570,66.570,66.570,66.570,560,264860
1513618560,66.570,66.570,66.570,66.570,558,264860
1513618620,66.560,66.590,66.560,66.590,558,264860
1513618680,66.560,66.560,66.560,66.560,558,264860
1513618740,66.560,66.560,66.560,66.560,558,264860
1513618800,66.540,66.540,66.540,66.540,251,267652
1513618860,66.570,66.570,66.570,66.570,250,267652
1513618920,66.570,66.570,66.570,66.570,250,267652
1513618980,66.510,66.510,66.510,66.510,250,267652
1513619040,66.520,66.520,66.520,66.520,250,267652
1513619100,66.510,66.510,66.510,66.510,511,268903
1513619160,66.510,66.510,66.510,66.510,507,268903
1513619220,66.510,66.510,66.510,66.510,507,268903
1513619280,66.530,66.530,66.530,66.530,507,268903
1513619340,66.510,66.500,66.500,66.510,507,268903
1513619400,66.510,66.570,66.510,66.570,665,271442
1513619460,66.510,66.570,66.510,66.570,662,271442
1513619520,66.510,66.570,66.510,66.570,662,271442
1513619580,66.510,66.570,66.510,66.570,662,271442
1513619640,66.500,66.500,66.500,66.500,662,271442
1513619700,66.500,66.500,66.500,66.500,974,274755
1513619760,66.500,66.510,66.500,66.510,971,274755
1513619820,66.470,66.480,66.470,66.480,971,274755
1513619880,66.470,66.480,66.470,66.480,971,274755
1513619940,66.490,66.490,66.490,66.490,971,274755
1513620000,66.490,66.490,66.490,66.490,1022,279613
1513620060,66.490,66.490,66.490,66.490,1020,279613
1513620120,66.490,66.490,66.490,66.490,1020,279613
1513620180,66.490,66.480,66.450,66.500,1020,279613
1513620240,66.470,66.470,66.470,66.470,1020,279613
1513620300,66.450,66.450,66.450,66.450,1477,284715
1513620360,66.460,66.470,66.460,66.470,1475,284715
1513620420,66.460,66.470,66.460,66.470,1475,284715
1513620480,66.510,66.520,66.510,66.520,1475,284715
1513620540,66.510,66.520,66.510,66.520,1475,284715
1513620600,66.510,66.520,66.510,66.520,672,292092
1513620660,66.510,66.520,66.510,66.520,669,292092
1513620720,66.510,66.520,66.510,66.520,669,292092
1513620780,66.510,66.510,66.510,66.510,669,292092
1513620840,66.480,66.500,66.480,66.500,669,292092
1513620900,66.500,66.510,66.500,66.510,799,295440
1513620960,66.500,66.510,66.500,66.510,797,295440
1513621020,66.520,66.520,66.520,66.520,797,295440
1513621080,66.520,66.520,66.520,66.520,797,295440
1513621140,66.530,66.530,66.530,66.530,797,295440
1513621200,66.550,66.550,66.550,66.550,597,299427
1513621260,66.580,66.580,66.580,66.580,596,299427
1513621320,66.580,66.580,66.580,66.580,596,299427
1513621380,66.670,66.670,66.670,66.670,596,299427
1513621440,66.670,66.670,66.670,66.670,596,299427
1513621500,66.610,66.620,66.610,66.620,1119,302408
1513621560,66.610,66.620,66.610,66.620,1119,302408
1513621620,66.600,66.610,66.600,66.610,1119,302408
1513621680,66.580,66.570,66.570,66.580,1119,302408
1513621740,66.600,66.610,66.600,66.610,1119,302408
1513621800,66.640,66.640,66.640,66.640,560,308003
1513621860,66.640,66.640,66.640,66.640,557,308003
1513621920,66.670,66.640,66.640,66.670,557,308003
1513621980,66.640,66.640,66.640,66.640,557,308003
1513622040,66.620,66.600,66.600,66.620,557,308003
1513622100,66.650,66.650,66.650,66.650,241,310791
1513622160,66.620,66.620,66.620,66.620,241,310791
1513622220,66.670,66.670,66.670,66.670,241,310791
1513622280,66.670,66.670,66.670,66.670,241,310791
1513622340,66.670,66.670,66.670,66.670,241,310791
1513622400,66.760,66.740,66.740,66.760,647,311996
1513622460,66.760,66.740,66.740,66.760,644,311996
1513622520,66.760,66.760,66.760,66.760,644,311996
1513622580,66.760,66.760,66.760,66.760,644,311996
1513622640,66.760,66.760,66.760,66.760,644,311996
1513622700,66.710,66.730,66.710,66.730,1063,315219
1513622760,66.710,66.690,66.690,66.750,1059,315219
1513622820,66.710,66.690,66.690,66.750,1059,315219
1513622880,66.700,66.700,66.700,66.700,1059,315219
1513622940,66.730,66.730,66.730,66.730,1059,315219
1513623000,66.720,66.700,66.700,66.720,2027,320518
1513623060,66.720,66.700,66.700,66.720,2023,320518
1513623120,66.730,66.710,66.710,66.730,2023,320518
1513623180,66.730,66.700,66.690,66.730,2023,320518
1513623240,66.730,66.700,66.690,66.730,2023,320518
1513623300,66.720,66.720,66.720,66.720,12954,330637
1513623360,66.690,66.690,66.690,66.690,12954,330637
1513623420,66.690,66.690,66.690,66.690,12954,330637
1513623480,66.660,66.700,66.660,66.700,12954,330637
1513623540,66.700,66.710,66.700,66.710,12954,330637
1513623600,66.700,66.720,66.700,66.720,4649,395407
1513623660,66.760,66.810,66.760,66.810,4647,395407
1513623720,66.830,66.830,66.830,66.830,4647,395407
1513623780,66.800,66.770,66.770,66.810,4647,395407
1513623840,66.810,66.780,66.780,66.810,4647,395407
1513623900,66.810,66.810,66.810,66.810,4121,418644
1513623960,66.810,66.810,66.810,66.810,4121,418644
1513624020,66.790,66.780,66.780,66.790,4121,418644
1513624080,66.800,66.780,66.780,66.800,4121,418644
1513624140,66.810,66.830,66.800,66.830,4121,418644
1513624200,66.830,66.840,66.830,66.860,3301,439249
1513624260,66.830,66.840,66.830,66.860,3298,439249
1513624320,66.850,66.860,66.850,66.870,3298,439249
1513624380,66.830,66.830,66.830,66.830,3298,439249
1513624440,66.830,66.800,66.800,66.830,3298,439249
1513624500,66.840,66.840,66.840,66.840,1807,455742
1513624560,66.840,66.840,66.840,66.840,1806,455742
1513624620,66.860,66.860,66.860,66.860,1806,455742
1513624680,66.840,66.810,66.810,66.860,1806,455742
1513624740,66.800,66.800,66.800,66.800,1806,455742
1513624800,66.820,66.810,66.810,66.820,4048,464773
1513624860,66.800,66.800,66.800,66.800,4045,464773
1513624920,66.790,66.780,66.780,66.800,4045,464773
1513624980,66.780,66.810,66.780,66.810,4045,464773
1513625040,66.780,66.780,66.780,66.780,4045,464773
1513625100,66.780,66.780,66.780,66.780,943,485001
1513625160,66.780,66.790,66.780,66.790,943,485001
1513625220,66.790,66.800,66.790,66.800,943,485001
1513625280,66.780,66.800,66.780,66.800,943,485001
1513625340,66.770,66.770,66.770,66.770,943,485001
1513625400,66.800,66.810,66.800,66.810,2662,489716
1513625460,66.800,66.760,66.750,66.800,2662,489716
1513625520,66.750,66.750,66.750,66.750,2662,489716
1513625580,66.760,66.760,66.760,66.760,2662,489716
1513625640,66.760,66.730,66.730,66.760,2662,489716
1513625700,66.740,66.730,66.730,66.740,2684,503026
1513625760,66.740,66.750,66.730,66.750,2683,503026
1513625820,66.740,66.750,66.730,66.750,2683,503026
1513625880,66.750,66.760,66.750,66.760,2683,503026
1513625940,66.750,66.750,66.750,66.750,2683,503026
1513626000,66.750,66.740,66.740,66.750,1387,516442
1513626060,66.740,66.760,66.730,66.760,1386,516442
1513626120,66.740,66.760,66.730,66.760,1386,516442
1513626180,66.750,66.750,66.750,66.750,1386,516442
1513626240,66.760,66.750,66.750,66.760,1386,516442
1513626300,66.730,66.720,66.720,66.730,1965,523373
1513626360,66.730,66.720,66.720,66.730,1964,523373
1513626420,66.720,66.720,66.720,66.720,1964,523373
1513626480,66.720,66.720,66.720,66.720,1964,523373
1513626540,66.730,66.720,66.720,66.740,1964,523373
1513626600,66.740,66.730,66.720,66.740,2522,533194
1513626660,66.730,66.730,66.730,66.730,2520,533194
1513626720,66.730,66.710,66.700,66.730,2520,533194
1513626780,66.720,66.700,66.690,66.720,2520,533194
1513626840,66.700,66.700,66.700,66.700,2520,533194
1513626900,66.710,66.720,66.710,66.720,2134,545796
1513626960,66.720,66.710,66.700,66.720,2133,545796
1513627020,66.710,66.710,66.710,66.710,2133,545796
1513627080,66.700,66.710,66.700,66.710,2133,545796
1513627140,66.720,66.700,66.700,66.720,2133,545796
1513627200,66.700,66.730,66.700,66.730,8018,556462
1513627260,66.730,66.750,66.730,66.750,8016,556462
1513627320,66.750,66.750,66.750,66.750,8016,556462
1513627380,66.790,66.800,66.790,66.800,8016,556462
1513627440,66.760,66.760,66.760,66.760,8016,556462
1513627500,66.770,66.750,66.750,66.770,2987,596544
1513627560,66.750,66.760,66.750,66.760,2985,596544
1513627620,66.800,66.790,66.790,66.800,2985,596544
1513627680,66.790,66.800,66.790,66.800,2985,596544
1513627740,66.810,66.780,66.780,66.810,2985,596544
1513627800,66.780,66.750,66.750,66.780,3425,611471
1513627860,66.780,66.780,66.780,66.780,3424,611471
1513627920,66.760,66.770,66.760,66.770,3424,611471
1513627980,66.780,66.760,66.760,66.780,3424,611471
1513628040,66.770,66.760,66.760,66.770,3424,611471
1513628100,66.760,66.760,66.760,66.760,5646,628592
1513628160,66.780,66.780,66.780,66.780,5642,628592
1513628220,66.770,66.770,66.770,66.770,5642,628592
1513628280,66.770,66.760,66.760,66.770,5642,628592
1513628340,66.770,66.750,66.740,66.770,5642,628592
1513628400,66.750,66.750,66.750,66.750,6914,656806
1513628460,66.750,66.710,66.710,66.750,6914,656806
1513628520,66.720,66.730,66.720,66.730,6914,656806
1513628580,66.740,66.750,66.740,66.750,6914,656806
1513628640,66.710,66.720,66.710,66.720,6914,656806
1513628700,66.720,66.710,66.710,66.720,4764,691376
1513628760,66.700,66.680,66.680,66.700,4762,691376
1513628820,66.670,66.620,66.620,66.670,4762,691376
1513628880,66.640,66.620,66.600,66.640,4762,691376
1513628940,66.610,66.620,66.600,66.620,4762,691376
1513629000,66.610,66.630,66.600,66.630,4900,715188
1513629060,66.630,66.650,66.620,66.650,4899,715188
1513629120,66.670,66.670,66.670,66.670,4899,715188
1513629180,66.730,66.750,66.710,66.750,4899,715188
1513629240,66.750,66.770,66.750,66.770,4899,715188
1513629300,66.730,66.730,66.730,66.730,5103,739684
1513629360,66.740,66.770,66.740,66.790,5100,739684
1513629420,66.760,66.770,66.760,66.770,5100,739684
1513629480,66.770,66.670,66.670,66.770,5100,739684
1513629540,66.710,66.760,66.710,66.770,5100,739684
1513629600,66.760,66.760,66.760,66.760,4221,765187
1513629660,66.760,66.750,66.750,66.770,4218,765187
1513629720,66.770,66.770,66.770,66.770,4218,765187
1513629780,66.790,66.720,66.720,66.790,4218,765187
1513629840,66.760,66.780,66.760,66.780,4218,765187
1513629900,66.770,66.730,66.730,66.770,7990,786280
1513629960,66.750,66.780,66.740,66.780,7987,786280
1513630020,66.780,66.770,66.770,66.780,7987,786280
1513630080,66.760,66.750,66.720,66.760,7987,786280
1513630140,66.750,66.750,66.750,66.750,7987,786280
1513630200,66.730,66.750,66.690,66.750,8804,826218
1513630260,66.750,66.690,66.690,66.750,8801,826218
1513630320,66.700,66.730,66.700,66.730,8801,826218
1513630380,66.700,66.740,66.700,66.740,8801,826218
1513630440,66.740,66.750,66.740,66.750,8801,826218
1513630500,66.740,66.750,66.720,66.750,44185,870226
1513630560,66.750,66.750,66.750,66.750,44181,870226
1513630620,66.730,66.750,66.720,66.750,44181,870226
1513630680,66.750,66.770,66.750,66.770,44181,870226
1513630740,66.770,66.740,66.730,66.780,44181,870226
1513693920,66.690,66.780,66.690,66.780,0,0
1513693980,66.700,66.700,66.700,66.700,0,0
1513694040,66.810,66.810,66.810,66.810,0,0
1513694100,66.810,66.810,66.810,66.810,1344,23265
1513694160,66.810,66.810,66.810,66.810,1340,23265
1513694220,66.810,66.810,66.810,66.810,1340,23265
1513694280,66.840,66.760,66.760,66.840,1340,23265
1513694340,66.840,66.760,66.760,66.840,1340,23265
1513694400,66.800,66.800,66.800,66.800,3632,29969
1513694460,66.830,66.830,66.830,66.830,3628,29969
1513694520,66.840,66.820,66.820,66.850,3628,29969
1513694580,66.890,66.840,66.840,66.890,3628,29969
1513694640,66.900,66.910,66.850,66.910,3628,29969
1513694700,66.840,66.870,66.840,66.870,3835,48113
1513694760,66.850,66.800,66.800,66.850,3833,48113
1513694820,66.790,66.760,66.760,66.790,3833,48113
1513694880,66.690,66.640,66.610,66.690,3833,48113
1513694940,66.620,66.670,66.620,66.670,3833,48113
1513695000,66.640,66.640,66.640,66.640,743,67280
1513695060,66.600,66.570,66.570,66.600,741,67280
1513695120,66.540,66.540,66.540,66.540,741,67280
1513695180,66.580,66.580,66.580,66.580,741,67280
1513695240,66.580,66.580,66.580,66.580,741,67280
1513695300,66.560,66.500,66.500,66.560,2337,70987
1513695360,66.500,66.550,66.500,66.550,2336,70987
1513695420,66.550,66.550,66.550,66.550,2336,70987
1513695480,66.550,66.510,66.510,66.550,2336,70987
1513695540,66.530,66.600,66.530,66.600,2336,70987
1513695600,66.680,66.710,66.680,66.710,2157,82668
1513695660,66.740,66.760,66.740,66.760,2154,82668
1513695720,66.780,66.790,66.760,66.790,2154,82668
1513695780,66.830,66.820,66.820,66.830,2154,82668
1513695840,66.830,66.810,66.810,66.870,2154,82668
1513695900,66.680,66.710,66.680,66.710,5142,93441
1513695960,66.720,66.720,66.720,66.720,5138,93441
1513696020,66.670,66.520,66.520,66.670,5138,93441
1513696080,66.590,66.610,66.590,66.610,5138,93441
1513696140,66.610,66.760,66.610,66.760,5138,93441
1513696200,66.870,66.720,66.720,66.870,2878,119135
1513696260,66.780,66.780,66.780,66.780,2875,119135
1513696320,66.780,66.780,66.780,66.780,2875,119135
1513696380,66.780,66.780,66.780,66.780,2875,119135
1513696440,66.750,66.720,66.720,66.750,2875,119135
1513696500,66.720,66.650,66.650,66.720,4708,133513
1513696560,66.720,66.680,66.680,66.720,4706,133513
1513696620,66.660,66.440,66.420,66.660,4706,133513
1513696680,66.430,66.580,66.430,66.580,4706,133513
1513696740,66.640,66.680,66.640,66.680,4706,133513
1513696800,66.530,66.470,66.430,66.530,3646,157045
1513696860,66.440,66.420,66.410,66.460,3646,157045
1513696920,66.440,66.420,66.410,66.460,3646,157045
1513696980,66.380,66.440,66.340,66.460,3646,157045
1513697040,66.450,66.500,66.450,66.500,3646,157045
1513697100,66.540,66.600,66.540,66.600,2451,175275
1513697160,66.570,66.540,66.540,66.570,2448,175275
1513697220,66.500,66.530,66.450,66.550,2448,175275
1513697280,66.530,66.620,66.530,66.620,2448,175275
1513697340,66.630,66.630,66.630,66.630,2448,175275
1513697400,66.610,66.650,66.610,66.670,1325,187518
1513697460,66.680,66.680,66.680,66.680,1322,187518
1513697520,66.680,66.680,66.680,66.680,1322,187518
1513697580,66.720,66.720,66.720,66.720,1322,187518
1513697640,66.730,66.690,66.690,66.730,1322,187518
1513697700,66.660,66.680,66.640,66.680,2650,194131
1513697760,66.680,66.690,66.660,66.690,2647,194131
1513697820,66.720,66.720,66.720,66.720,2647,194131
1513697880,66.720,66.670,66.640,66.720,2647,194131
1513697940,66.630,66.690,66.630,66.690,2647,194131
1513698000,66.690,66.690,66.690,66.690,2765,207369
1513698060,66.650,66.650,66.650,66.650,2765,207369
1513698120,66.650,66.640,66.640,66.650,2765,207369
1513698180,66.600,66.570,66.570,66.600,2765,207369
1513698240,66.450,66.490,66.450,66.490,2765,207369
1513698300,66.470,66.550,66.470,66.560,2008,221194
1513698360,66.570,66.600,66.570,66.600,2008,221194
1513698420,66.610,66.610,66.610,66.610,2008,221194
1513698480,66.550,66.550,66.550,66.550,2008,221194
1513698540,66.580,66.650,66.580,66.650,2008,221194
1513698600,66.660,66.660,66.660,66.660,1542,231234
1513698660,66.670,66.670,66.670,66.670,1541,231234
1513698720,66.720,66.730,66.720,66.730,1541,231234
1513698780,66.710,66.740,66.710,66.740,1541,231234
1513698840,66.740,66.700,66.700,66.740,1541,231234
1513698900,66.700,66.700,66.700,66.700,1497,238940
1513698960,66.700,66.730,66.700,66.730,1494,238940
1513699020,66.700,66.730,66.700,66.730,1494,238940
1513699080,66.770,66.770,66.770,66.770,1494,238940
1513699140,66.800,66.720,66.720,66.800,1494,238940
1513699200,66.740,66.640,66.640,66.740,1051,246413
1513699260,66.740,66.640,66.640,66.740,1049,246413
1513699320,66.700,66.730,66.700,66.730,1049,246413
1513699380,66.720,66.720,66.720,66.720,1049,246413
1513699440,66.720,66.720,66.720,66.720,1049,246413
1513699500,66.720,66.720,66.720,66.720,1522,251660
1513699560,66.700,66.720,66.700,66.720,1518,251660
1513699620,66.700,66.700,66.700,66.700,1518,251660
1513699680,66.700,66.700,66.700,66.700,1518,251660
1513699740,66.700,66.720,66.700,66.720,1518,251660
1513699800,66.700,66.700,66.700,66.700,1339,259254
1513699860,66.750,66.750,66.750,66.750,1339,259254
1513699920,66.750,66.750,66.750,66.750,1339,259254
1513699980,66.770,66.710,66.710,66.770,1339,259254
1513700040,66.770,66.710,66.710,66.770,1339,259254
1513700100,66.750,66.750,66.750,66.750,2090,265949
1513700160,66.690,66.690,66.690,66.690,2086,265949
1513700220,66.700,66.700,66.700,66.700,2086,265949
1513700280,66.640,66.640,66.640,66.640,2086,265949
1513700340,66.650,66.640,66.620,66.650,2086,265949
1513700400,66.630,66.620,66.620,66.670,1293,276383
1513700460,66.660,66.650,66.650,66.660,1290,276383
1513700520,66.720,66.680,66.680,66.720,1290,276383
1513700580,66.700,66.720,66.700,66.720,1290,276383
1513700640,66.700,66.700,66.700,66.700,1290,276383
1513700700,66.740,66.740,66.740,66.740,1184,282836
1513700760,66.760,66.760,66.760,66.760,1184,282836
1513700820,66.760,66.760,66.760,66.760,1184,282836
1513700880,66.760,66.760,66.760,66.760,1184,282836
1513700940,66.760,66.680,66.680,66.760,1184,282836
1513701000,66.760,66.680,66.680,66.760,1821,288756
1513701060,66.700,66.700,66.700,66.700,1818,288756
1513701120,66.730,66.740,66.730,66.740,1818,288756
1513701180,66.750,66.720,66.720,66.750,1818,288756
1513701240,66.750,66.730,66.730,66.760,1818,288756
1513701300,66.730,66.710,66.710,66.740,1203,297849
1513701360,66.690,66.700,66.690,66.700,1201,297849
1513701420,66.700,66.670,66.670,66.700,1201,297849
1513701480,66.680,66.700,66.680,66.700,1201,297849
1513701540,66.700,66.700,66.700,66.700,1201,297849
1513701600,66.680,66.680,66.680,66.680,827,303856
1513701660,66.700,66.690,66.690,66.700,825,303856
1513701720,66.700,66.690,66.690,66.700,825,303856
1513701780,66.700,66.690,66.690,66.700,825,303856
1513701840,66.730,66.730,66.730,66.730,825,303856
1513701900,66.760,66.760,66.760,66.760,1542,307983
1513701960,66.760,66.760,66.760,66.760,1539,307983
1513702020,66.760,66.700,66.700,66.760,1539,307983
1513702080,66.690,66.720,66.690,66.720,1539,307983
1513702140,66.740,66.740,66.740,66.740,1539,307983
1513702200,66.740,66.740,66.740,66.740,1477,315681
1513702260,66.750,66.700,66.700,66.750,1474,315681
1513702320,66.750,66.700,66.700,66.750,1474,315681
1513702380,66.760,66.780,66.760,66.780,1474,315681
1513702440,66.800,66.800,66.800,66.800,1474,315681
1513702500,66.760,66.760,66.760,66.760,1402,323054
1513702560,66.740,66.740,66.740,66.740,1402,323054
1513702620,66.730,66.750,66.730,66.750,1402,323054
1513702680,66.680,66.680,66.680,66.680,1402,323054
1513702740,66.670,66.670,66.670,66.670,1402,323054
1513702800,66.690,66.720,66.690,66.720,1124,330064
1513702860,66.690,66.720,66.690,66.720,1120,330064
1513702920,66.710,66.670,66.670,66.710,1120,330064
1513702980,66.690,66.690,66.690,66.690,1120,330064
1513703040,66.690,66.690,66.690,66.690,1120,330064
1513703100,66.680,66.680,66.680,66.680,449,335668
1513703160,66.680,66.680,66.680,66.680,445,335668
1513703220,66.700,66.700,66.700,66.700,445,335668
1513703280,66.700,66.700,66.700,66.700,445,335668
1513703340,66.700,66.700,66.700,66.700,445,335668
1513703400,66.700,66.700,66.700,66.700,817,337897
1513703460,66.700,66.700,66.700,66.700,815,337897
1513703520,66.740,66.800,66.740,66.800,815,337897
1513703580,66.790,66.790,66.790,66.790,815,337897
1513703640,66.790,66.790,66.790,66.790,815,337897
1513703700,66.810,66.830,66.810,66.830,1888,341974
1513703760,66.840,66.850,66.840,66.850,1885,341974
1513703820,66.860,66.820,66.820,66.860,1885,341974
1513703880,66.860,66.820,66.820,66.860,1885,341974
1513703940,66.860,66.820,66.820,66.860,1885,341974
1513704000,66.830,66.830,66.830,66.830,1977,351402
1513704060,66.750,66.750,66.750,66.750,1974,351402
1513704120,66.700,66.740,66.700,66.740,1974,351402
1513704180,66.720,66.700,66.700,66.720,1974,351402
1513704240,66.700,66.680,66.680,66.700,1974,351402
1513704300,66.720,66.760,66.720,66.760,571,361275
1513704360,66.720,66.760,66.720,66.760,570,361275
1513704420,66.720,66.760,66.720,66.760,570,361275
1513704480,66.720,66.760,66.720,66.760,570,361275
1513704540,66.760,66.770,66.760,66.770,570,361275
1513704600,66.780,66.780,66.780,66.780,666,364126
1513704660,66.760,66.730,66.730,66.760,666,364126
1513704720,66.760,66.760,66.760,66.760,666,364126
1513704780,66.750,66.750,66.750,66.750,666,364126
1513704840,66.750,66.750,66.750,66.750,666,364126
1513704900,66.780,66.780,66.780,66.780,1197,367456
1513704960,66.780,66.800,66.780,66.800,1196,367456
1513705020,66.800,66.800,66.800,66.800,1196,367456
1513705080,66.780,66.750,66.750,66.780,1196,367456
1513705140,66.760,66.760,66.760,66.760,1196,367456
1513705200,66.760,66.760,66.760,66.760,500,373437
1513705260,66.770,66.740,66.740,66.770,500,373437
1513705320,66.770,66.770,66.770,66.770,500,373437
1513705380,66.780,66.780,66.780,66.780,500,373437
1513705440,66.740,66.780,66.740,66.780,500,373437
1513705500,66.710,66.710,66.710,66.710,861,375937
1513705560,66.730,66.730,66.730,66.730,859,375937
1513705620,66.760,66.760,66.760,66.760,859,375937
1513705680,66.760,66.760,66.760,66.760,859,375937
1513705740,66.800,66.800,66.800,66.800,859,375937
1513705800,66.800,66.800,66.800,66.800,992,380234
1513705860,66.820,66.820,66.820,66.820,989,380234
1513705920,66.820,66.840,66.820,66.840,989,380234
1513705980,66.820,66.840,66.820,66.840,989,380234
1513706040,66.870,66.920,66.870,66.920,989,380234
1513706100,66.900,66.900,66.900,66.900,4429,385182
1513706160,67.000,66.950,66.950,67.000,4427,385182
1513706220,66.980,66.900,66.900,66.980,4427,385182
1513706280,66.920,66.930,66.920,66.930,4427,385182
1513706340,66.910,66.920,66.910,66.930,4427,385182
1513706400,66.890,66.870,66.870,66.890,1735,407319
1513706460,66.890,66.840,66.840,66.890,1731,407319
1513706520,66.850,66.850,66.850,66.850,1731,407319
1513706580,66.860,66.860,66.860,66.860,1731,407319
1513706640,66.860,66.860,66.860,66.860,1731,407319
1513706700,66.910,66.910,66.910,66.910,976,415978
1513706760,66.910,66.910,66.910,66.910,973,415978
1513706820,66.880,66.870,66.870,66.880,973,415978
1513706880,66.880,66.870,66.870,66.880,973,415978
1513706940,66.810,66.790,66.790,66.810,973,415978
1513707000,66.800,66.820,66.800,66.820,1185,420846
1513707060,66.830,66.830,66.830,66.830,1181,420846
1513707120,66.830,66.830,66.830,66.830,1181,420846
1513707180,66.820,66.780,66.780,66.820,1181,420846
1513707240,66.770,66.770,66.770,66.770,1181,420846
1513707300,66.770,66.770,66.770,66.770,2376,426755
1513707360,66.790,66.780,66.780,66.790,2376,426755
1513707420,66.790,66.780,66.780,66.790,2376,426755
1513707480,66.800,66.830,66.800,66.830,2376,426755
1513707540,66.840,66.740,66.740,66.840,2376,426755
1513707600,66.720,66.730,66.720,66.730,1164,438635
1513707660,66.680,66.680,66.680,66.680,1161,438635
1513707720,66.680,66.680,66.680,66.680,1161,438635
1513707780,66.680,66.680,66.680,66.680,1161,438635
1513707840,66.680,66.680,66.680,66.680,1161,438635
1513707900,66.680,66.680,66.680,66.680,1605,444443
1513707960,66.690,66.650,66.650,66.690,1602,444443
1513708020,66.690,66.650,66.650,66.690,1602,444443
1513708080,66.660,66.660,66.660,66.660,1602,444443
1513708140,66.660,66.660,66.660,66.660,1602,444443
1513708200,66.610,66.580,66.580,66.610,3262,452456
1513708260,66.600,66.590,66.590,66.600,3261,452456
1513708320,66.560,66.550,66.540,66.560,3261,452456
1513708380,66.600,66.600,66.600,66.600,3261,452456
1513708440,66.610,66.560,66.560,66.610,3261,452456
1513708500,66.550,66.560,66.550,66.560,558,468762
1513708560,66.570,66.580,66.560,66.580,558,468762
1513708620,66.570,66.580,66.560,66.580,558,468762
1513708680,66.620,66.620,66.620,66.620,558,468762
1513708740,66.620,66.620,66.620,66.620,558,468762
1513708800,66.630,66.630,66.630,66.630,752,471552
1513708860,66.620,66.620,66.620,66.620,749,471552
1513708920,66.640,66.660,66.640,66.660,749,471552
1513708980,66.670,66.680,66.670,66.680,749,471552
1513709040,66.700,66.660,66.660,66.700,749,471552
1513709100,66.700,66.660,66.660,66.700,631,475300
1513709160,66.670,66.670,66.670,66.670,630,475300
1513709220,66.680,66.680,66.680,66.680,630,475300
1513709280,66.660,66.660,66.660,66.660,630,475300
1513709340,66.700,66.700,66.700,66.700,630,475300
1513709400,66.710,66.710,66.710,66.710,686,478451
1513709460,66.720,66.720,66.720,66.720,682,478451
1513709520,66.730,66.730,66.730,66.730,682,478451
1513709580,66.770,66.770,66.770,66.770,682,478451
1513709640,66.750,66.750,66.750,66.750,682,478451
1513709700,66.750,66.720,66.720,66.750,2126,481865
1513709760,66.680,66.630,66.630,66.680,2123,481865
1513709820,66.640,66.640,66.640,66.640,2123,481865
1513709880,66.670,66.680,66.670,66.680,2123,481865
1513709940,66.640,66.600,66.600,66.640,2123,481865
1513710000,66.640,66.600,66.600,66.640,1854,492483
1513710060,66.600,66.600,66.600,66.600,1853,492483
1513710120,66.600,66.620,66.600,66.620,1853,492483
1513710180,66.630,66.580,66.580,66.630,1853,492483
1513710240,66.570,66.570,66.570,66.570,1853,492483
1513710300,66.570,66.570,66.570,66.570,1827,501749
1513710360,66.600,66.600,66.600,66.600,1824,501749
1513710420,66.580,66.610,66.580,66.610,1824,501749
1513710480,66.600,66.570,66.570,66.600,1824,501749
1513710540,66.550,66.550,66.550,66.550,1824,501749
1513710600,66.580,66.580,66.580,66.580,952,510872
1513710660,66.580,66.580,66.580,66.580,952,510872
1513710720,66.610,66.610,66.610,66.610,952,510872
1513710780,66.610,66.610,66.610,66.610,952,510872
1513710840,66.620,66.630,66.620,66.630,952,510872
1513710900,66.610,66.630,66.610,66.630,1472,515632
1513710960,66.630,66.610,66.610,66.630,1468,515632
1513711020,66.600,66.580,66.580,66.600,1468,515632
1513711080,66.590,66.610,66.590,66.610,1468,515632
1513711140,66.610,66.610,66.610,66.610,1468,515632
1513711200,66.610,66.610,66.610,66.610,2586,522976
1513711260,66.600,66.600,66.600,66.600,2582,522976
1513711320,66.650,66.690,66.650,66.690,2582,522976
1513711380,66.680,66.670,66.670,66.690,2582,522976
1513711440,66.670,66.700,66.660,66.700,2582,522976
1513711500,66.690,66.690,66.690,66.690,932,535890
1513711560,66.660,66.660,66.660,66.660,928,535890
1513711620,66.660,66.690,66.660,66.690,928,535890
1513711680,66.670,66.670,66.670,66.670,928,535890
1513711740,66.670,66.630,66.630,66.670,928,535890
1513711800,66.620,66.630,66.620,66.630,1001,540534
1513711860,66.660,66.640,66.640,66.660,1000,540534
1513711920,66.660,66.640,66.640,66.660,1000,540534
1513711980,66.650,66.640,66.640,66.650,1000,540534
1513712040,66.640,66.660,66.640,66.660,1000,540534
1513712100,66.620,66.610,66.600,66.620,1292,545535
1513712160,66.620,66.610,66.600,66.620,1292,545535
1513712220,66.620,66.610,66.600,66.620,1292,545535
1513712280,66.590,66.590,66.590,66.590,1292,545535
1513712340,66.590,66.580,66.580,66.590,1292,545535
1513712400,66.610,66.610,66.610,66.610,1705,551995
1513712460,66.630,66.640,66.630,66.650,1702,551995
1513712520,66.630,66.640,66.630,66.650,1702,551995
1513712580,66.590,66.580,66.550,66.590,1702,551995
1513712640,66.580,66.560,66.560,66.580,1702,551995
1513712700,66.580,66.560,66.560,66.580,1481,560508
1513712760,66.570,66.570,66.570,66.570,1479,560508
1513712820,66.590,66.580,66.550,66.610,1479,560508
1513712880,66.540,66.540,66.540,66.540,1479,560508
1513712940,66.520,66.520,66.520,66.520,1479,560508
1513713000,66.530,66.530,66.530,66.530,1586,567905
1513713060,66.530,66.530,66.530,66.530,1585,567905
1513713120,66.530,66.530,66.530,66.530,1585,567905
1513713180,66.560,66.570,66.560,66.580,1585,567905
1513713240,66.490,66.560,66.490,66.560,1585,567905
1513713300,66.490,66.560,66.490,66.560,615,575831
1513713360,66.590,66.610,66.590,66.610,612,575831
1513713420,66.620,66.610,66.610,66.620,612,575831
1513713480,66.620,66.610,66.610,66.620,612,575831
1513713540,66.620,66.610,66.610,66.620,612,575831
1513713600,66.630,66.590,66.510,66.630,3412,578894
1513713660,66.600,66.610,66.600,66.610,3411,578894
1513713720,66.580,66.580,66.580,66.580,3411,578894
1513713780,66.560,66.550,66.550,66.560,3411,578894
1513713840,66.550,66.510,66.510,66.560,3411,578894
1513713900,66.510,66.500,66.500,66.510,1628,595950
1513713960,66.510,66.500,66.500,66.510,1627,595950
1513714020,66.510,66.500,66.500,66.510,1627,595950
1513714080,66.470,66.460,66.460,66.470,1627,595950
1513714140,66.490,66.480,66.480,66.500,1627,595950
1513714200,66.500,66.500,66.500,66.500,2578,604086
1513714260,66.520,66.540,66.520,66.540,2574,604086
1513714320,66.550,66.550,66.550,66.550,2574,604086
1513714380,66.560,66.570,66.560,66.570,2574,604086
1513714440,66.550,66.550,66.550,66.550,2574,604086
1513714500,66.570,66.570,66.570,66.570,1075,616960
1513714560,66.570,66.570,66.570,66.570,1074,616960
1513714620,66.550,66.550,66.550,66.550,1074,616960
1513714680,66.560,66.560,66.560,66.560,1074,616960
1513714740,66.550,66.550,66.550,66.550,1074,616960
1513714800,66.540,66.500,66.500,66.540,2301,622331
1513714860,66.510,66.570,66.510,66.590,2300,622331
1513714920,66.580,66.540,66.540,66.580,2300,622331
1513714980,66.510,66.510,66.510,66.510,2300,622331
1513715040,66.530,66.530,66.530,66.530,2300,622331
1513715100,66.510,66.510,66.510,66.510,2101,633832
1513715160,66.510,66.520,66.500,66.520,2100,633832
1513715220,66.510,66.520,66.500,66.520,2100,633832
1513715280,66.500,66.470,66.470,66.500,2100,633832
1513715340,66.460,66.510,66.460,66.510,2100,633832
1513715400,66.540,66.560,66.540,66.560,3565,644333
1513715460,66.600,66.610,66.600,66.610,3561,644333
1513715520,66.600,66.600,66.600,66.600,3561,644333
1513715580,66.600,66.590,66.590,66.600,3561,644333
1513715640,66.580,66.580,66.580,66.580,3561,644333
1513715700,66.580,66.530,66.530,66.580,2828,662142
1513715760,66.560,66.550,66.550,66.560,2828,662142
1513715820,66.560,66.530,66.530,66.560,2828,662142
1513715880,66.550,66.540,66.540,66.550,2828,662142
1513715940,66.540,66.590,66.540,66.600,2828,662142
1513716000,66.610,66.630,66.610,66.630,4052,676282
1513716060,66.590,66.580,66.580,66.590,4049,676282
1513716120,66.570,66.550,66.550,66.570,4049,676282
1513716180,66.550,66.570,66.550,66.570,4049,676282
1513716240,66.560,66.550,66.540,66.570,4049,676282
1513716300,66.560,66.550,66.550,66.560,5973,696530
1513716360,66.560,66.550,66.550,66.560,5973,696530
1513716420,66.550,66.580,66.550,66.580,5973,696530
1513716480,66.570,66.580,66.560,66.580,5973,696530
1513716540,66.510,66.530,66.510,66.530,5973,696530
1513716600,66.530,66.490,66.490,66.530,5820,726395
1513716660,66.480,66.470,66.440,66.480,5817,726395
1513716720,66.480,66.470,66.470,66.480,5817,726395
1513716780,66.450,66.440,66.440,66.450,5817,726395
1513716840,66.450,66.470,66.450,66.470,5817,726395
1513716900,66.480,66.410,66.410,66.480,10640,755483
1513716960,66.410,66.390,66.390,66.420,10638,755483
1513717020,66.390,66.410,66.390,66.410,10638,755483
1513717080,66.400,66.420,66.400,66.420,10638,755483
1513717140,66.420,66.390,66.390,66.450,10638,755483
1513780500,66.970,66.980,66.970,66.980,4615,0
1513780560,66.910,66.910,66.910,66.910,4611,0
1513780620,66.710,66.720,66.710,66.730,4611,0
1513780680,66.800,66.710,66.710,66.820,4611,0
1513780740,66.710,66.710,66.710,66.710,4611,0
1513780800,66.700,66.730,66.680,66.730,1693,23059
1513780860,66.710,66.710,66.710,66.710,1689,23059
1513780920,66.800,66.800,66.800,66.800,1689,23059
1513780980,66.690,66.710,66.690,66.760,1689,23059
1513781040,66.700,66.700,66.700,66.700,1689,23059
1513781100,66.710,66.700,66.700,66.710,3503,31508
1513781160,66.680,66.680,66.680,66.680,3500,31508
1513781220,66.690,66.720,66.690,66.720,3500,31508
1513781280,66.710,66.660,66.660,66.710,3500,31508
1513781340,66.630,66.660,66.630,66.660,3500,31508
1513781400,66.670,66.670,66.670,66.670,2208,49011
1513781460,66.630,66.630,66.630,66.630,2208,49011
1513781520,66.670,66.690,66.670,66.700,2208,49011
1513781580,66.600,66.610,66.600,66.610,2208,49011
1513781640,66.630,66.560,66.560,66.630,2208,49011
1513781700,66.620,66.610,66.610,66.640,6789,60051
1513781760,66.610,66.510,66.510,66.610,6785,60051
1513781820,66.550,66.550,66.550,66.550,6785,60051
1513781880,66.580,66.580,66.580,66.580,6785,60051
1513781940,66.600,66.650,66.600,66.650,6785,60051
1513782000,66.660,66.630,66.630,66.660,2098,93980
1513782060,66.660,66.750,66.660,66.750,2094,93980
1513782120,66.770,66.680,66.680,66.770,2094,93980
1513782180,66.730,66.730,66.730,66.730,2094,93980
1513782240,66.730,66.730,66.730,66.730,2094,93980
1513782300,66.760,66.700,66.700,66.760,961,104454
1513782360,66.670,66.670,66.670,66.670,959,104454
1513782420,66.680,66.710,66.680,66.710,959,104454
1513782480,66.710,66.670,66.670,66.710,959,104454
1513782540,66.710,66.670,66.670,66.710,959,104454
1513782600,66.710,66.680,66.680,66.710,1225,109251
1513782660,66.710,66.710,66.710,66.710,1223,109251
1513782720,66.670,66.630,66.630,66.670,1223,109251
1513782780,66.570,66.570,66.570,66.570,1223,109251
1513782840,66.550,66.550,66.550,66.550,1223,109251
1513782900,66.560,66.560,66.560,66.560,2619,115368
1513782960,66.580,66.640,66.580,66.660,2617,115368
1513783020,66.620,66.580,66.580,66.620,2617,115368
1513783080,66.520,66.520,66.520,66.520,2617,115368
1513783140,66.520,66.520,66.520,66.520,2617,115368
1513783200,66.500,66.500,66.500,66.500,840,128455
1513783260,66.500,66.500,66.500,66.500,838,128455
1513783320,66.570,66.570,66.570,66.570,838,128455
1513783380,66.610,66.610,66.610,66.610,838,128455
1513783440,66.520,66.520,66.520,66.520,838,128455
1513783500,66.480,66.530,66.480,66.530,854,132647
1513783560,66.480,66.530,66.480,66.530,853,132647
1513783620,66.480,66.530,66.480,66.530,853,132647
1513783680,66.470,66.510,66.450,66.510,853,132647
1513783740,66.530,66.530,66.530,66.530,853,132647
1513783800,66.550,66.550,66.550,66.550,970,136913
1513783860,66.560,66.560,66.560,66.560,967,136913
1513783920,66.570,66.540,66.540,66.570,967,136913
1513783980,66.500,66.500,66.500,66.500,967,136913
1513784040,66.550,66.550,66.550,66.550,967,136913
1513784100,66.540,66.550,66.540,66.550,1419,141751
1513784160,66.530,66.530,66.530,66.530,1419,141751
1513784220,66.530,66.530,66.530,66.530,1419,141751
1513784280,66.490,66.510,66.490,66.510,1419,141751
1513784340,66.480,66.470,66.470,66.480,1419,141751
1513784400,66.490,66.510,66.490,66.510,1217,148846
1513784460,66.440,66.450,66.440,66.450,1213,148846
1513784520,66.440,66.450,66.440,66.450,1213,148846
1513784580,66.440,66.440,66.440,66.440,1213,148846
1513784640,66.440,66.490,66.440,66.490,1213,148846
1513784700,66.440,66.490,66.440,66.490,1713,154915
1513784760,66.570,66.570,66.570,66.570,1711,154915
1513784820,66.610,66.600,66.600,66.610,1711,154915
1513784880,66.580,66.640,66.580,66.640,1711,154915
1513784940,66.660,66.620,66.620,66.660,1711,154915
1513785000,66.680,66.680,66.680,66.680,609,163472
1513785060,66.640,66.640,66.640,66.640,606,163472
1513785120,66.640,66.640,66.640,66.640,606,163472
1513785180,66.650,66.650,66.650,66.650,606,163472
1513785240,66.650,66.650,66.650,66.650,606,163472
1513785300,66.710,66.710,66.710,66.710,220,166505
1513785360,66.690,66.690,66.690,66.690,217,166505
1513785420,66.690,66.690,66.690,66.690,217,166505
1513785480,66.690,66.690,66.690,66.690,217,166505
1513785540,66.690,66.690,66.690,66.690,217,166505
1513785600,66.760,66.760,66.760,66.760,1168,167593
1513785660,66.690,66.690,66.690,66.690,1167,167593
1513785720,66.740,66.800,66.740,66.800,1167,167593
1513785780,66.820,66.780,66.780,66.820,1167,167593
1513785840,66.820,66.780,66.780,66.820,1167,167593
1513785900,66.780,66.780,66.780,66.780,366,173429
1513785960,66.780,66.780,66.780,66.780,362,173429
1513786020,66.780,66.840,66.780,66.840,362,173429
1513786080,66.780,66.840,66.780,66.840,362,173429
1513786140,66.800,66.800,66.800,66.800,362,173429
1513786200,66.800,66.800,66.800,66.800,1107,175243
1513786260,66.770,66.790,66.770,66.810,1107,175243
1513786320,66.740,66.760,66.740,66.760,1107,175243
1513786380,66.740,66.760,66.740,66.760,1107,175243
1513786440,66.750,66.750,66.750,66.750,1107,175243
1513786500,66.750,66.750,66.750,66.750,776,180778
1513786560,66.760,66.720,66.720,66.760,772,180778
1513786620,66.760,66.720,66.720,66.760,772,180778
1513786680,66.650,66.690,66.650,66.690,772,180778
1513786740,66.650,66.690,66.650,66.690,772,180778
1513786800,66.650,66.690,66.650,66.690,206,184642
1513786860,66.730,66.730,66.730,66.730,202,184642
1513786920,66.690,66.690,66.690,66.690,202,184642
1513786980,66.690,66.690,66.690,66.690,202,184642
1513787040,66.690,66.690,66.690,66.690,202,184642
1513787100,66.760,66.720,66.720,66.760,1130,185656
1513787160,66.750,66.750,66.750,66.750,1127,185656
1513787220,66.750,66.750,66.750,66.750,1127,185656
1513787280,66.610,66.610,66.610,66.610,1127,185656
1513787340,66.650,66.650,66.650,66.650,1127,185656
1513787400,66.610,66.660,66.610,66.660,880,191294
1513787460,66.610,66.660,66.610,66.660,876,191294
1513787520,66.650,66.650,66.650,66.650,876,191294
1513787580,66.690,66.700,66.670,66.700,876,191294
1513787640,66.680,66.680,66.680,66.680,876,191294
1513787700,66.650,66.650,66.650,66.650,708,195678
1513787760,66.650,66.650,66.650,66.650,708,195678
1513787820,66.710,66.710,66.710,66.710,708,195678
1513787880,66.730,66.730,66.730,66.730,708,195678
1513787940,66.730,66.670,66.670,66.750,708,195678
1513788000,66.690,66.690,66.690,66.690,275,199218
1513788060,66.710,66.710,66.710,66.710,273,199218
1513788120,66.710,66.710,66.710,66.710,273,199218
1513788180,66.710,66.710,66.710,66.710,273,199218
1513788240,66.710,66.710,66.710,66.710,273,199218
1513788300,66.670,66.670,66.670,66.670,2561,200585
1513788360,66.670,66.670,66.670,66.670,2557,200585
1513788420,66.700,66.700,66.700,66.700,2557,200585
1513788480,66.670,66.680,66.670,66.680,2557,200585
1513788540,66.700,66.650,66.650,66.700,2557,200585
1513788600,66.610,66.580,66.580,66.610,2094,213374
1513788660,66.560,66.550,66.550,66.560,2090,213374
1513788720,66.550,66.550,66.550,66.550,2090,213374
1513788780,66.530,66.530,66.530,66.530,2090,213374
1513788840,66.530,66.500,66.500,66.550,2090,213374
1513788900,66.470,66.470,66.470,66.470,693,223828
1513788960,66.470,66.470,66.470,66.470,692,223828
1513789020,66.460,66.450,66.450,66.460,692,223828
1513789080,66.460,66.450,66.450,66.460,692,223828
1513789140,66.450,66.480,66.450,66.480,692,223828
1513789200,66.460,66.450,66.450,66.460,1671,227289
1513789260,66.450,66.450,66.450,66.450,1670,227289
1513789320,66.480,66.480,66.480,66.480,1670,227289
1513789380,66.480,66.490,66.470,66.490,1670,227289
1513789440,66.520,66.520,66.520,66.520,1670,227289
1513789500,66.520,66.520,66.520,66.520,380,235640
1513789560,66.520,66.520,66.520,66.520,380,235640
1513789620,66.520,66.520,66.520,66.520,380,235640
1513789680,66.470,66.510,66.470,66.510,380,235640
1513789740,66.470,66.470,66.470,66.470,380,235640
1513789800,66.420,66.470,66.420,66.470,1055,237540
1513789860,66.480,66.480,66.480,66.480,1054,237540
1513789920,66.480,66.480,66.480,66.480,1054,237540
1513789980,66.510,66.510,66.510,66.510,1054,237540
1513790040,66.540,66.540,66.540,66.540,1054,237540
1513790100,66.560,66.580,66.560,66.580,527,242811
1513790160,66.560,66.580,66.560,66.580,525,242811
1513790220,66.620,66.620,66.620,66.620,525,242811
1513790280,66.600,66.610,66.590,66.610,525,242811
1513790340,66.630,66.630,66.630,66.630,525,242811
1513790400,66.600,66.620,66.600,66.620,999,245438
1513790460,66.600,66.610,66.600,66.610,998,245438
1513790520,66.600,66.610,66.600,66.610,998,245438
1513790580,66.640,66.630,66.630,66.640,998,245438
1513790640,66.640,66.630,66.630,66.640,998,245438
1513790700,66.630,66.620,66.620,66.630,2012,250429
1513790760,66.620,66.630,66.620,66.640,2008,250429
1513790820,66.640,66.680,66.640,66.680,2008,250429
1513790880,66.680,66.690,66.680,66.690,2008,250429
1513790940,66.720,66.720,66.720,66.720,2008,250429
1513791000,66.720,66.720,66.720,66.720,518,260473
1513791060,66.720,66.720,66.720,66.720,518,260473
1513791120,66.720,66.720,66.720,66.720,518,260473
1513791180,66.720,66.720,66.720,66.720,518,260473
1513791240,66.670,66.670,66.670,66.670,518,260473
1513791300,66.670,66.660,66.660,66.670,3301,263063
1513791360,66.650,66.660,66.650,66.660,3301,263063
1513791420,66.660,66.610,66.610,66.660,3301,263063
1513791480,66.610,66.610,66.610,66.610,3301,263063
1513791540,66.610,66.610,66.610,66.610,3301,263063
1513791600,66.610,66.610,66.610,66.610,7360,279568
1513791660,66.620,66.560,66.560,66.620,7358,279568
1513791720,66.550,66.530,66.500,66.550,7358,279568
1513791780,66.530,66.530,66.530,66.530,7358,279568
1513791840,66.520,66.510,66.510,66.520,7358,279568
1513791900,66.470,66.500,66.470,66.500,1359,316360
1513791960,66.500,66.500,66.500,66.500,1357,316360
1513792020,66.500,66.520,66.480,66.520,1357,316360
1513792080,66.570,66.570,66.570,66.570,1357,316360
1513792140,66.580,66.580,66.580,66.580,1357,316360
1513792200,66.560,66.560,66.560,66.560,589,323147
1513792260,66.560,66.560,66.560,66.560,588,323147
1513792320,66.500,66.500,66.500,66.500,588,323147
1513792380,66.480,66.510,66.480,66.510,588,323147
1513792440,66.520,66.520,66.520,66.520,588,323147
1513792500,66.500,66.500,66.500,66.500,545,326088
1513792560,66.470,66.470,66.470,66.470,541,326088
1513792620,66.470,66.470,66.470,66.470,541,326088
1513792680,66.500,66.500,66.500,66.500,541,326088
1513792740,66.470,66.470,66.470,66.470,541,326088
1513792800,66.450,66.470,66.450,66.470,663,328797
1513792860,66.450,66.470,66.450,66.470,662,328797
1513792920,66.450,66.470,66.450,66.470,662,328797
1513792980,66.490,66.490,66.490,66.490,662,328797
1513793040,66.450,66.450,66.450,66.450,662,328797
1513793100,66.450,66.450,66.450,66.450,2561,332108
1513793160,66.450,66.450,66.450,66.450,2558,332108
1513793220,66.450,66.450,66.450,66.450,2558,332108
1513793280,66.480,66.480,66.480,66.480,2558,332108
1513793340,66.480,66.480,66.480,66.480,2558,332108
1513793400,66.500,66.500,66.500,66.500,677,344901
1513793460,66.500,66.490,66.490,66.500,675,344901
1513793520,66.480,66.480,66.480,66.480,675,344901
1513793580,66.460,66.460,66.460,66.460,675,344901
1513793640,66.460,66.460,66.460,66.460,675,344901
1513793700,66.460,66.460,66.460,66.460,754,348278
1513793760,66.510,66.510,66.510,66.510,754,348278
1513793820,66.500,66.530,66.500,66.530,754,348278
1513793880,66.500,66.500,66.500,66.500,754,348278
1513793940,66.500,66.500,66.500,66.500,754,348278
1513794000,66.500,66.500,66.500,66.500,726,352048
1513794060,66.510,66.510,66.510,66.510,725,352048
1513794120,66.520,66.520,66.520,66.520,725,352048
1513794180,66.520,66.520,66.520,66.520,725,352048
1513794240,66.510,66.520,66.510,66.520,725,352048
1513794300,66.510,66.520,66.510,66.520,485,355674
1513794360,66.510,66.520,66.510,66.520,485,355674
1513794420,66.510,66.520,66.510,66.520,485,355674
1513794480,66.510,66.520,66.510,66.520,485,355674
1513794540,66.520,66.530,66.510,66.530,485,355674
1513794600,66.540,66.530,66.530,66.540,463,358099
1513794660,66.540,66.530,66.530,66.540,463,358099
1513794720,66.540,66.540,66.540,66.540,463,358099
1513794780,66.540,66.540,66.540,66.540,463,358099
1513794840,66.560,66.560,66.560,66.560,463,358099
1513794900,66.600,66.610,66.600,66.610,1881,360414
1513794960,66.600,66.610,66.600,66.610,1881,360414
1513795020,66.700,66.660,66.660,66.700,1881,360414
1513795080,66.620,66.620,66.620,66.620,1881,360414
1513795140,66.620,66.620,66.620,66.620,1881,360414
1513795200,66.620,66.620,66.620,66.620,556,369819
1513795260,66.620,66.620,66.620,66.620,554,369819
1513795320,66.640,66.600,66.600,66.640,554,369819
1513795380,66.640,66.600,66.600,66.640,554,369819
1513795440,66.580,66.540,66.540,66.590,554,369819
1513795500,66.580,66.580,66.580,66.580,698,372591
1513795560,66.550,66.550,66.550,66.550,695,372591
1513795620,66.550,66.550,66.550,66.550,695,372591
1513795680,66.540,66.570,66.540,66.570,695,372591
1513795740,66.540,66.570,66.540,66.570,695,372591
1513795800,66.540,66.570,66.540,66.570,632,376069
1513795860,66.570,66.600,66.570,66.600,630,376069
1513795920,66.570,66.600,66.570,66.600,630,376069
1513795980,66.570,66.600,66.570,66.600,630,376069
1513796040,66.640,66.600,66.600,66.640,630,376069
1513796100,66.560,66.580,66.560,66.580,1401,379221
1513796160,66.560,66.580,66.560,66.580,1399,379221
1513796220,66.600,66.600,66.600,66.600,1399,379221
1513796280,66.590,66.570,66.570,66.590,1399,379221
1513796340,66.570,66.570,66.570,66.570,1399,379221
1513796400,66.570,66.570,66.570,66.570,16847,386218
1513796460,66.570,66.580,66.570,66.580,16846,386218
1513796520,66.580,66.530,66.500,66.580,16846,386218
1513796580,66.520,66.520,66.520,66.520,16846,386218
1513796640,66.500,66.480,66.480,66.500,16846,386218
1513796700,66.500,66.460,66.460,66.500,2244,470449
1513796760,66.500,66.460,66.460,66.500,2240,470449
1513796820,66.470,66.470,66.470,66.470,2240,470449
1513796880,66.470,66.470,66.470,66.470,2240,470449
1513796940,66.460,66.450,66.450,66.460,2240,470449
1513797000,66.450,66.450,66.450,66.450,2533,481653
1513797060,66.460,66.460,66.460,66.460,2532,481653
1513797120,66.450,66.490,66.450,66.490,2532,481653
1513797180,66.490,66.500,66.490,66.500,2532,481653
1513797240,66.500,66.480,66.480,66.500,2532,481653
1513797300,66.470,66.460,66.460,66.470,821,494314
1513797360,66.470,66.460,66.460,66.470,819,494314
1513797420,66.470,66.460,66.460,66.470,819,494314
1513797480,66.470,66.460,66.460,66.470,819,494314
1513797540,66.460,66.460,66.460,66.460,819,494314
1513797600,66.460,66.460,66.460,66.460,4700,498411
1513797660,66.480,66.480,66.480,66.480,4699,498411
1513797720,66.460,66.470,66.460,66.470,4699,498411
1513797780,66.460,66.470,66.450,66.470,4699,498411
1513797840,66.460,66.450,66.450,66.460,4699,498411
1513797900,66.460,66.450,66.450,66.460,1906,521907
1513797960,66.460,66.450,66.450,66.470,1906,521907
1513798020,66.450,66.440,66.440,66.450,1906,521907
1513798080,66.440,66.440,66.440,66.440,1906,521907
1513798140,66.440,66.440,66.440,66.440,1906,521907
1513798200,66.430,66.420,66.420,66.430,2044,531437
1513798260,66.450,66.460,66.450,66.470,2040,531437
1513798320,66.460,66.460,66.460,66.460,2040,531437
1513798380,66.460,66.470,66.460,66.470,2040,531437
1513798440,66.470,66.480,66.470,66.480,2040,531437
1513798500,66.490,66.490,66.490,66.490,1770,541641
1513798560,66.490,66.480,66.470,66.490,1770,541641
1513798620,66.490,66.480,66.470,66.490,1770,541641
1513798680,66.490,66.480,66.470,66.490,1770,541641
1513798740,66.480,66.490,66.480,66.500,1770,541641
1513798800,66.480,66.480,66.480,66.480,2456,550491
1513798860,66.490,66.490,66.490,66.490,2453,550491
1513798920,66.470,66.470,66.470,66.470,2453,550491
1513798980,66.450,66.450,66.450,66.450,2453,550491
1513799040,66.450,66.450,66.450,66.450,2453,550491
1513799100,66.450,66.450,66.450,66.450,1639,562759
1513799160,66.450,66.450,66.450,66.450,1639,562759
1513799220,66.450,66.420,66.420,66.460,1639,562759
1513799280,66.420,66.400,66.400,66.420,1639,562759
1513799340,66.440,66.440,66.440,66.440,1639,562759
1513799400,66.450,66.450,66.450,66.450,954,570954
1513799460,66.450,66.480,66.450,66.480,954,570954
1513799520,66.470,66.500,66.470,66.500,954,570954
1513799580,66.530,66.530,66.530,66.530,954,570954
1513799640,66.520,66.520,66.520,66.520,954,570954
1513799700,66.500,66.480,66.480,66.500,2819,575724
1513799760,66.470,66.500,66.470,66.500,2819,575724
1513799820,66.480,66.490,66.480,66.490,2819,575724
1513799880,66.500,66.490,66.490,66.500,2819,575724
1513799940,66.500,66.490,66.490,66.500,2819,575724
1513800000,66.500,66.500,66.500,66.500,4055,589819
1513800060,66.480,66.480,66.480,66.480,4055,589819
1513800120,66.490,66.490,66.490,66.490,4055,589819
1513800180,66.500,66.520,66.500,66.520,4055,589819
1513800240,66.550,66.650,66.550,66.650,4055,589819
1513800300,66.710,66.710,66.710,66.710,1811,610094
1513800360,66.690,66.700,66.690,66.700,1810,610094
1513800420,66.670,66.670,66.670,66.670,1810,610094
1513800480,66.640,66.650,66.640,66.650,1810,610094
1513800540,66.600,66.600,66.600,66.600,1810,610094
1513800600,66.620,66.620,66.620,66.620,1335,619145
1513800660,66.620,66.620,66.620,66.620,1334,619145
1513800720,66.640,66.660,66.640,66.660,1334,619145
1513800780,66.640,66.640,66.640,66.640,1334,619145
1513800840,66.620,66.630,66.620,66.630,1334,619145
1513800900,66.620,66.620,66.620,66.620,1976,625816
1513800960,66.650,66.650,66.650,66.650,1973,625816
1513801020,66.630,66.650,66.630,66.650,1973,625816
1513801080,66.660,66.650,66.650,66.660,1973,625816
1513801140,66.660,66.650,66.650,66.660,1973,625816
1513801200,66.640,66.670,66.640,66.670,2149,635684
1513801260,66.670,66.670,66.670,66.670,2148,635684
1513801320,66.670,66.680,66.670,66.680,2148,635684
1513801380,66.680,66.690,66.680,66.690,2148,635684
1513801440,66.670,66.630,66.630,66.670,2148,635684
1513801500,66.620,66.640,66.620,66.640,1439,646425
1513801560,66.640,66.630,66.630,66.640,1439,646425
1513801620,66.660,66.660,66.660,66.660,1439,646425
1513801680,66.660,66.660,66.660,66.660,1439,646425
1513801740,66.650,66.630,66.630,66.650,1439,646425
1513801800,66.620,66.610,66.610,66.620,2970,653620
1513801860,66.600,66.620,66.600,66.620,2969,653620
1513801920,66.590,66.570,66.530,66.590,2969,653620
1513801980,66.580,66.600,66.580,66.610,2969,653620
1513802040,66.580,66.600,66.580,66.610,2969,653620
1513802100,66.590,66.570,66.570,66.590,2895,668466
1513802160,66.550,66.560,66.550,66.560,2895,668466
1513802220,66.560,66.590,66.560,66.590,2895,668466
1513802280,66.610,66.570,66.570,66.610,2895,668466
1513802340,66.590,66.590,66.590,66.590,2895,668466
1513802400,66.580,66.580,66.580,66.580,2509,682941
1513802460,66.580,66.580,66.580,66.580,2508,682941
1513802520,66.580,66.550,66.550,66.580,2508,682941
1513802580,66.540,66.560,66.540,66.560,2508,682941
1513802640,66.570,66.570,66.570,66.570,2508,682941
1513802700,66.550,66.530,66.500,66.550,6662,695482
1513802760,66.510,66.500,66.500,66.510,6661,695482
1513802820,66.500,66.490,66.490,66.500,6661,695482
1513802880,66.490,66.500,66.490,66.510,6661,695482
1513802940,66.520,66.520,66.520,66.520,6661,695482
1513803000,66.500,66.490,66.490,66.500,5331,728788
1513803060,66.500,66.470,66.470,66.500,5331,728788
1513803120,66.500,66.500,66.500,66.500,5331,728788
1513803180,66.500,66.500,66.500,66.500,5331,728788
1513803240,66.490,66.480,66.480,66.490,5331,728788
1513803300,66.490,66.480,66.480,66.490,23710,755443
1513803360,66.480,66.440,66.440,66.480,23707,755443
1513803420,66.440,66.450,66.440,66.460,23707,755443
1513803480,66.440,66.450,66.430,66.460,23707,755443
1513803540,66.410,66.390,66.370,66.410,23707,755443
1513803600,66.410,66.390,66.370,66.410,23707,755443
1513803660,66.410,66.390,66.370,66.410,23707,755443
1513803720,66.410,66.390,66.370,66.410,23707,755443
1513803780,66.410,66.390,66.370,66.410,23707,755443
1513803840,66.410,66.390,66.370,66.410,23707,755443
1513803900,66.410,66.390,66.370,66.410,23707,755443
1513803960,66.410,66.390,66.370,66.410,23707,755443
1513804020,66.410,66.390,66.370,66.410,23707,755443
1513804080,66.410,66.390,66.370,66.410,23707,755443
1513804140,66.410,66.390,66.370,66.410,23707,755443
1513804200,66.410,66.390,66.370,66.410,23707,755443
1513804260,66.410,66.390,66.370,66.410,23707,755443
1513804320,66.410,66.390,66.370,66.410,23707,755443
1513804380,66.410,66.390,66.370,66.410,23707,755443
1513804440,66.410,66.390,66.370,66.410,23707,755443
1513804500,66.410,66.390,66.370,66.410,23707,755443
1513804560,66.410,66.390,66.370,66.410,23707,755443
1513804620,66.410,66.390,66.370,66.410,23707,755443
1513804680,66.410,66.390,66.370,66.410,23707,755443
1513804740,66.410,66.390,66.370,66.410,23707,755443
1513804800,66.410,66.390,66.370,66.410,23707,755443
1513804860,66.410,66.390,66.370,66.410,23707,755443
1513804920,66.410,66.390,66.370,66.410,23707,755443
1513804980,66.410,66.390,66.370,66.410,23707,755443
1513805040,66.410,66.390,66.370,66.410,23707,755443
1513805100,66.410,66.390,66.370,66.410,23707,755443
1513805160,66.410,66.390,66.370,66.410,23707,755443
1513805220,66.410,66.390,66.370,66.410,23707,755443
1513805280,66.410,66.390,66.370,66.410,23707,755443
1513805340,66.410,66.390,66.370,66.410,23707,755443
1513805400,66.410,66.390,66.370,66.410,23707,755443
1513805460,66.410,66.390,66.370,66.410,23707,755443
1513805520,66.410,66.390,66.370,66.410,23707,755443
1513805580,66.410,66.390,66.370,66.410,23707,755443
1513805640,66.410,66.390,66.370,66.410,23707,755443
1513805700,66.410,66.390,66.370,66.410,23707,755443
1513805760,66.410,66.390,66.370,66.410,23707,755443
1513805820,66.410,66.390,66.370,66.410,23707,755443
1513805880,66.410,66.390,66.370,66.410,23707,755443
1513805940,66.410,66.390,66.370,66.410,23707,755443
1513806000,66.410,66.390,66.370,66.410,23707,755443
1513806060,66.410,66.390,66.370,66.410,23707,755443
1513806120,66.410,66.390,66.370,66.410,23707,755443
1513806180,66.410,66.390,66.370,66.410,23707,755443
1513806240,66.410,66.390,66.370,66.410,23707,755443
1513806300,66.410,66.390,66.370,66.410,23707,755443
1513806360,66.410,66.390,66.370,66.410,23707,755443
1513806420,66.410,66.390,66.370,66.410,23707,755443
1513806480,66.410,66.390,66.370,66.410,23707,755443
1513806540,66.410,66.390,66.370,66.410,23707,755443
1513806600,66.410,66.390,66.370,66.410,23707,755443
1513806660,66.410,66.390,66.370,66.410,23707,755443
1513806720,66.410,66.390,66.370,66.410,23707,755443
1513806780,66.410,66.390,66.370,66.410,23707,755443
1513806840,66.410,66.390,66.370,66.410,23707,755443
1513806900,66.410,66.390,66.370,66.410,23707,755443
1513806960,66.410,66.390,66.370,66.410,23707,755443
1513807020,66.410,66.390,66.370,66.410,23707,755443
1513807080,66.410,66.390,66.370,66.410,23707,755443
1513807140,66.410,66.390,66.370,66.410,23707,755443
1513807200,66.410,66.390,66.370,66.410,23707,755443
1513807260,66.410,66.390,66.370,66.410,23707,755443
1513807320,66.410,66.390,66.370,66.410,23707,755443
1513807380,66.410,66.390,66.370,66.410,23707,755443
1513807440,66.410,66.390,66.370,66.410,23707,755443
1513807500,66.410,66.390,66.370,66.410,23707,755443
1513807560,66.410,66.390,66.370,66.410,23707,755443
1513807620,66.410,66.390,66.370,66.410,23707,755443
1513807680,66.410,66.390,66.370,66.410,23707,755443
1513807740,66.410,66.390,66.370,66.410,23707,755443
1513807800,66.410,66.390,66.370,66.410,23707,755443
1513807860,66.410,66.390,66.370,66.410,23707,755443
1513807920,66.410,66.390,66.370,66.410,23707,755443
1513807980,66.410,66.390,66.370,66.410,23707,755443
1513808040,66.410,66.390,66.370,66.410,23707,755443
1513808100,66.410,66.390,66.370,66.410,23707,755443
1513808160,66.410,66.390,66.370,66.410,23707,755443
1513808220,66.410,66.390,66.370,66.410,23707,755443
1513808280,66.410,66.390,66.370,66.410,23707,755443
1513808340,66.410,66.390,66.370,66.410,23707,755443
1513808400,66.410,66.390,66.370,66.410,23707,755443
1513808460,66.410,66.390,66.370,66.410,23707,755443
1513808520,66.410,66.390,66.370,66.410,23707,755443
1513808580,66.410,66.390,66.370,66.410,23707,755443
1513808640,66.410,66.390,66.370,66.410,23707,755443
1513808700,66.410,66.390,66.370,66.410,23707,755443
1513808760,66.410,66.390,66.370,66.410,23707,755443
1513808820,66.410,66.390,66.370,66.410,23707,755443
1513808880,66.410,66.390,66.370,66.410,23707,755443
1513808940,66.410,66.390,66.370,66.410,23707,755443
1513809000,66.410,66.390,66.370,66.410,23707,755443
1513809060,66.410,66.390,66.370,66.410,23707,755443
1513809120,66.410,66.390,66.370,66.410,23707,755443
1513809180,66.410,66.390,66.370,66.410,23707,755443
1513809240,66.410,66.390,66.370,66.410,23707,755443
1513809300,66.410,66.390,66.370,66.410,23707,755443
1513809360,66.410,66.390,66.370,66.410,23707,755443
1513809420,66.410,66.390,66.370,66.410,23707,755443
1513809480,66.410,66.390,66.370,66.410,23707,755443
1513809540,66.410,66.390,66.370,66.410,23707,755443
1513809600,66.410,66.390,66.370,66.410,23707,755443
1513809660,66.410,66.390,66.370,66.410,23707,755443
1513809720,66.410,66.390,66.370,66.410,23707,755443
1513809780,66.410,66.390,66.370,66.410,23707,755443
1513809840,66.410,66.390,66.370,66.410,23707,755443
1513809900,66.410,66.390,66.370,66.410,23707,755443
1513809960,66.410,66.390,66.370,66.410,23707,755443
1513810020,66.410,66.390,66.370,66.410,23707,755443
1513810080,66.410,66.390,66.370,66.410,23707,755443
1513810140,66.410,66.390,66.370,66.410,23707,755443
1513810200,66.410,66.390,66.370,66.410,23707,755443
1513810260,66.410,66.390,66.370,66.410,23707,755443
1513810320,66.410,66.390,66.370,66.410,23707,755443
1513810380,66.410,66.390,66.370,66.410,23707,755443
1513810440,66.410,66.390,66.370,66.410,23707,755443
1513810500,66.410,66.390,66.370,66.410,23707,755443
1513810560,66.410,66.390,66.370,66.410,23707,755443
1513810620,66.410,66.390,66.370,66.410,23707,755443
1513810680,66.410,66.390,66.370,66.410,23707,755443
1513810740,66.410,66.390,66.370,66.410,23707,755443
1513810800,66.410,66.390,66.370,66.410,23707,755443
1513810860,66.410,66.390,66.370,66.410,23707,755443
1513810920,66.410,66.390,66.370,66.410,23707,755443
1513810980,66.410,66.390,66.370,66.410,23707,755443
1513811040,66.410,66.390,66.370,66.410,23707,755443
1513811100,66.410,66.390,66.370,66.410,23707,755443
1513811160,66.410,66.390,66.370,66.410,23707,755443
1513811220,66.410,66.390,66.370,66.410,23707,755443
1513811280,66.410,66.390,66.370,66.410,23707,755443
1513811340,66.410,66.390,66.370,66.410,23707,755443
1513811400,66.410,66.390,66.370,66.410,23707,755443
1513811460,66.410,66.390,66.370,66.410,23707,755443
1513811520,66.410,66.390,66.370,66.410,23707,755443
1513811580,66.410,66.390,66.370,66.410,23707,755443
1513811640,66.410,66.390,66.370,66.410,23707,755443
1513811700,66.410,66.390,66.370,66.410,23707,755443
1513811760,66.410,66.390,66.370,66.410,23707,755443
1513811820,66.410,66.390,66.370,66.410,23707,755443
1513811880,66.410,66.390,66.370,66.410,23707,755443
1513811940,66.410,66.390,66.370,66.410,23707,755443
1513812000,66.410,66.390,66.370,66.410,23707,755443
1513812060,66.410,66.390,66.370,66.410,23707,755443
1513812120,66.410,66.390,66.370,66.410,23707,755443
1513812180,66.410,66.390,66.370,66.410,23707,755443
1513812240,66.410,66.390,66.370,66.410,23707,755443
1513812300,66.410,66.390,66.370,66.410,23707,755443
1513812360,66.410,66.390,66.370,66.410,23707,755443
1513812420,66.410,66.390,66.370,66.410,23707,755443
1513812480,66.410,66.390,66.370,66.410,23707,755443
1513812540,66.410,66.390,66.370,66.410,23707,755443
1513812600,66.410,66.390,66.370,66.410,23707,755443
1513812660,66.410,66.390,66.370,66.410,23707,755443
1513812720,66.410,66.390,66.370,66.410,23707,755443
1513812780,66.410,66.390,66.370,66.410,23707,755443
1513812840,66.410,66.390,66.370,66.410,23707,755443
1513812900,66.410,66.390,66.370,66.410,23707,755443
1513812960,66.410,66.390,66.370,66.410,23707,755443
1513813020,66.410,66.390,66.370,66.410,23707,755443
1513813080,66.410,66.390,66.370,66.410,23707,755443
1513813140,66.410,66.390,66.370,66.410,23707,755443
1513813200,66.410,66.390,66.370,66.410,23707,755443
1513813260,66.410,66.390,66.370,66.410,23707,755443
1513813320,66.410,66.390,66.370,66.410,23707,755443
1513813380,66.410,66.390,66.370,66.410,23707,755443
1513813440,66.410,66.390,66.370,66.410,23707,755443
1513813500,66.410,66.390,66.370,66.410,23707,755443
1513813560,66.410,66.390,66.370,66.410,23707,755443
1513813620,66.410,66.390,66.370,66.410,23707,755443
1513813680,66.410,66.390,66.370,66.410,23707,755443
1513813740,66.410,66.390,66.370,66.410,23707,755443
1513813800,66.410,66.390,66.370,66.410,23707,755443
1513813860,66.410,66.390,66.370,66.410,23707,755443
1513813920,66.410,66.390,66.370,66.410,23707,755443
1513813980,66.410,66.390,66.370,66.410,23707,755443
1513814040,66.410,66.390,66.370,66.410,23707,755443
1513814100,66.410,66.390,66.370,66.410,23707,755443
1513814160,66.410,66.390,66.370,66.410,23707,755443
1513814220,66.410,66.390,66.370,66.410,23707,755443
1513814280,66.410,66.390,66.370,66.410,23707,755443
1513814340,66.410,66.390,66.370,66.410,23707,755443
1513814400,66.410,66.390,66.370,66.410,23707,755443
1513814460,66.410,66.390,66.370,66.410,23707,755443
1513814520,66.410,66.390,66.370,66.410,23707,755443
1513814580,66.410,66.390,66.370,66.410,23707,755443
1513814640,66.410,66.390,66.370,66.410,23707,755443
1513814700,66.410,66.390,66.370,66.410,23707,755443
1513814760,66.410,66.390,66.370,66.410,23707,755443
1513814820,66.410,66.390,66.370,66.410,23707,755443
1513814880,66.410,66.390,66.370,66.410,23707,755443
1513814940,66.410,66.390,66.370,66.410,23707,755443
1513815000,66.410,66.390,66.370,66.410,23707,755443
1513815060,66.410,66.390,66.370,66.410,23707,755443
1513815120,66.410,66.390,66.370,66.410,23707,755443
1513815180,66.410,66.390,66.370,66.410,23707,755443
1513815240,66.410,66.390,66.370,66.410,23707,755443
1513815300,66.410,66.390,66.370,66.410,23707,755443
1513815360,66.410,66.390,66.370,66.410,23707,755443
1513815420,66.410,66.390,66.370,66.410,23707,755443
1513815480,66.410,66.390,66.370,66.410,23707,755443
1513815540,66.410,66.390,66.370,66.410,23707,755443
1513815600,66.410,66.390,66.370,66.410,23707,755443
1513815660,66.410,66.390,66.370,66.410,23707,755443
1513815720,66.410,66.390,66.370,66.410,23707,755443
1513815780,66.410,66.390,66.370,66.410,23707,755443
1513815840,66.410,66.390,66.370,66.410,23707,755443
1513815900,66.410,66.390,66.370,66.410,23707,755443
1513815960,66.410,66.390,66.370,66.410,23707,755443
1513816020,66.410,66.390,66.370,66.410,23707,755443
1513816080,66.410,66.390,66.370,66.410,23707,755443
1513816140,66.410,66.390,66.370,66.410,23707,755443
1513816200,66.410,66.390,66.370,66.410,23707,755443
1513816260,66.410,66.390,66.370,66.410,23707,755443
1513816320,66.410,66.390,66.370,66.410,23707,755443
1513816380,66.410,66.390,66.370,66.410,23707,755443
1513816440,66.410,66.390,66.370,66.410,23707,755443
1513816500,66.410,66.390,66.370,66.410,23707,755443
1513816560,66.410,66.390,66.370,66.410,23707,755443
1513816620,66.410,66.390,66.370,66.410,23707,755443
1513816680,66.410,66.390,66.370,66.410,23707,755443
1513816740,66.410,66.390,66.370,66.410,23707,755443
1513816800,66.410,66.390,66.370,66.410,23707,755443
1513816860,66.410,66.390,66.370,66.410,23707,755443
1513816920,66.410,66.390,66.370,66.410,23707,755443
1513816980,66.410,66.390,66.370,66.410,23707,755443
1513817040,66.410,66.390,66.370,66.410,23707,755443
1513817100,66.410,66.390,66.370,66.410,23707,755443
1513817160,66.410,66.390,66.370,66.410,23707,755443
1513817220,66.410,66.390,66.370,66.410,23707,755443
1513817280,66.410,66.390,66.370,66.410,23707,755443
1513817340,66.410,66.390,66.370,66.410,23707,755443
1513817400,66.410,66.390,66.370,66.410,23707,755443
1513817460,66.410,66.390,66.370,66.410,23707,755443
1513817520,66.410,66.390,66.370,66.410,23707,755443
1513817580,66.410,66.390,66.370,66.410,23707,755443
1513817640,66.410,66.390,66.370,66.410,23707,755443
1513817700,66.410,66.390,66.370,66.410,23707,755443
1513817760,66.410,66.390,66.370,66.410,23707,755443
1513817820,66.410,66.390,66.370,66.410,23707,755443
1513817880,66.410,66.390,66.370,66.410,23707,755443
1513817940,66.410,66.390,66.370,66.410,23707,755443
1513818000,66.410,66.390,66.370,66.410,23707,755443
1513818060,66.410,66.390,66.370,66.410,23707,755443
1513818120,66.410,66.390,66.370,66.410,23707,755443
1513818180,66.410,66.390,66.370,66.410,23707,755443
1513818240,66.410,66.390,66.370,66.410,23707,755443
1513818300,66.410,66.390,66.370,66.410,23707,755443
1513818360,66.410,66.390,66.370,66.410,23707,755443
1513818420,66.410,66.390,66.370,66.410,23707,755443
1513818480,66.410,66.390,66.370,66.410,23707,755443
1513818540,66.410,66.390,66.370,66.410,23707,755443
1513818600,66.410,66.390,66.370,66.410,23707,755443
1513818660,66.410,66.390,66.370,66.410,23707,755443
1513818720,66.410,66.390,66.370,66.410,23707,755443
1513818780,66.410,66.390,66.370,66.410,23707,755443
1513818840,66.410,66.390,66.370,66.410,23707,755443
1513818900,66.410,66.390,66.370,66.410,23707,755443
1513818960,66.410,66.390,66.370,66.410,23707,755443
1513819020,66.410,66.390,66.370,66.410,23707,755443
1513819080,66.410,66.390,66.370,66.410,23707,755443
1513819140,66.410,66.390,66.370,66.410,23707,755443
1513819200,66.410,66.390,66.370,66.410,23707,755443
1513819260,66.410,66.390,66.370,66.410,23707,755443
1513819320,66.410,66.390,66.370,66.410,23707,755443
1513819380,66.410,66.390,66.370,66.410,23707,755443
1513819440,66.410,66.390,66.370,66.410,23707,755443
1513819500,66.410,66.390,66.370,66.410,23707,755443
1513819560,66.410,66.390,66.370,66.410,23707,755443
1513819620,66.410,66.390,66.370,66.410,23707,755443
1513819680,66.410,66.390,66.370,66.410,23707,755443
1513819740,66.410,66.390,66.370,66.410,23707,755443
1513819800,66.410,66.390,66.370,66.410,23707,755443
1513819860,66.410,66.390,66.370,66.410,23707,755443
1513819920,66.410,66.390,66.370,66.410,23707,755443
1513819980,66.410,66.390,66.370,66.410,23707,755443
1513820040,66.410,66.390,66.370,66.410,23707,755443
1513820100,66.410,66.390,66.370,66.410,23707,755443
1513820160,66.410,66.390,66.370,66.410,23707,755443
1513820220,66.410,66.390,66.370,66.410,23707,755443
1513820280,66.410,66.390,66.370,66.410,23707,755443
1513820340,66.410,66.390,66.370,66.410,23707,755443
1513820400,66.410,66.390,66.370,66.410,23707,755443
1513820460,66.410,66.390,66.370,66.410,23707,755443
1513820520,66.410,66.390,66.370,66.410,23707,755443
1513820580,66.410,66.390,66.370,66.410,23707,755443
1513820640,66.410,66.390,66.370,66.410,23707,755443
1513820700,66.410,66.390,66.370,66.410,23707,755443
1513820760,66.410,66.390,66.370,66.410,23707,755443
1513820820,66.410,66.390,66.370,66.410,23707,755443
1513820880,66.410,66.390,66.370,66.410,23707,755443
1513820940,66.410,66.390,66.370,66.410,23707,755443
1513821000,66.410,66.390,66.370,66.410,23707,755443
1513821060,66.410,66.390,66.370,66.410,23707,755443
1513821120,66.410,66.390,66.370,66.410,23707,755443
1513821180,66.410,66.390,66.370,66.410,23707,755443
1513821240,66.410,66.390,66.370,66.410,23707,755443
1513821300,66.410,66.390,66.370,66.410,23707,755443
1513821360,66.410,66.390,66.370,66.410,23707,755443
1513821420,66.410,66.390,66.370,66.410,23707,755443
1513821480,66.410,66.390,66.370,66.410,23707,755443
1513821540,66.410,66.390,66.370,66.410,23707,755443
1513821600,66.410,66.390,66.370,66.410,23707,755443
1513821660,66.410,66.390,66.370,66.410,23707,755443
1513821720,66.410,66.390,66.370,66.410,23707,755443
1513821780,66.410,66.390,66.370,66.410,23707,755443
1513821840,66.410,66.390,66.370,66.410,23707,755443
1513821900,66.410,66.390,66.370,66.410,23707,755443
1513821960,66.410,66.390,66.370,66.410,23707,755443
1513822020,66.410,66.390,66.370,66.410,23707,755443
1513822080,66.410,66.390,66.370,66.410,23707,755443
1513822140,66.410,66.390,66.370,66.410,23707,755443
1513822200,66.410,66.390,66.370,66.410,23707,755443
1513822260,66.410,66.390,66.370,66.410,23707,755443
1513822320,66.410,66.390,66.370,66.410,23707,755443
1513822380,66.410,66.390,66.370,66.410,23707,755443
1513822440,66.410,66.390,66.370,66.410,23707,755443
1513822500,66.410,66.390,66.370,66.410,23707,755443
1513822560,66.410,66.390,66.370,66.410,23707,755443
1513822620,66.410,66.390,66.370,66.410,23707,755443
1513822680,66.410,66.390,66.370,66.410,23707,755443
1513822740,66.410,66.390,66.370,66.410,23707,755443
1513822800,66.410,66.390,66.370,66.410,23707,755443
1513822860,66.410,66.390,66.370,66.410,23707,755443
1513822920,66.410,66.390,66.370,66.410,23707,755443
1513822980,66.410,66.390,66.370,66.410,23707,755443
1513823040,66.410,66.390,66.370,66.410,23707,755443
1513823100,66.410,66.390,66.370,66.410,23707,755443
1513823160,66.410,66.390,66.370,66.410,23707,755443
1513823220,66.410,66.390,66.370,66.410,23707,755443
1513823280,66.410,66.390,66.370,66.410,23707,755443
1513823340,66.410,66.390,66.370,66.410,23707,755443
1513823400,66.410,66.390,66.370,66.410,23707,755443
1513823460,66.410,66.390,66.370,66.410,23707,755443
1513823520,66.410,66.390,66.370,66.410,23707,755443
1513823580,66.410,66.390,66.370,66.410,23707,755443
1513823640,66.410,66.390,66.370,66.410,23707,755443
1513823700,66.410,66.390,66.370,66.410,23707,755443
1513823760,66.410,66.390,66.370,66.410,23707,755443
1513823820,66.410,66.390,66.370,66.410,23707,755443
1513823880,66.410,66.390,66.370,66.410,23707,755443
1513823940,66.410,66.390,66.370,66.410,23707,755443
1513824000,66.410,66.390,66.370,66.410,23707,755443
1513824060,66.410,66.390,66.370,66.410,23707,755443
1513824120,66.410,66.390,66.370,66.410,23707,755443
1513824180,66.410,66.390,66.370,66.410,23707,755443
1513824240,66.410,66.390,66.370,66.410,23707,755443
1513824300,66.410,66.390,66.370,66.410,23707,755443
1513824360,66.410,66.390,66.370,66.410,23707,755443
1513824420,66.410,66.390,66.370,66.410,23707,755443
1513824480,66.410,66.390,66.370,66.410,23707,755443
1513824540,66.410,66.390,66.370,66.410,23707,755443
1513824600,66.410,66.390,66.370,66.410,23707,755443
1513824660,66.410,66.390,66.370,66.410,23707,755443
1513824720,66.410,66.390,66.370,66.410,23707,755443
1513824780,66.410,66.390,66.370,66.410,23707,755443
1513824840,66.410,66.390,66.370,66.410,23707,755443
1513824900,66.410,66.390,66.370,66.410,23707,755443
1513824960,66.410,66.390,66.370,66.410,23707,755443
1513825020,66.410,66.390,66.370,66.410,23707,755443
1513825080,66.410,66.390,66.370,66.410,23707,755443
1513825140,66.410,66.390,66.370,66.410,23707,755443
1513825200,66.410,66.390,66.370,66.410,23707,755443
1513825260,66.410,66.390,66.370,66.410,23707,755443
1513825320,66.410,66.390,66.370,66.410,23707,755443
1513825380,66.410,66.390,66.370,66.410,23707,755443
1513825440,66.410,66.390,66.370,66.410,23707,755443
1513825500,66.410,66.390,66.370,66.410,23707,755443
1513825560,66.410,66.390,66.370,66.410,23707,755443
1513825620,66.410,66.390,66.370,66.410,23707,755443
1513825680,66.410,66.390,66.370,66.410,23707,755443
1513825740,66.410,66.390,66.370,66.410,23707,755443
1513825800,66.410,66.390,66.370,66.410,23707,755443
1513825860,66.410,66.390,66.370,66.410,23707,755443
1513825920,66.410,66.390,66.370,66.410,23707,755443
1513825980,66.410,66.390,66.370,66.410,23707,755443
1513826040,66.410,66.390,66.370,66.410,23707,755443
1513826100,66.410,66.390,66.370,66.410,23707,755443
1513826160,66.410,66.390,66.370,66.410,23707,755443
1513826220,66.410,66.390,66.370,66.410,23707,755443
1513826280,66.410,66.390,66.370,66.410,23707,755443
1513826340,66.410,66.390,66.370,66.410,23707,755443
1513826400,66.410,66.390,66.370,66.410,23707,755443
1513826460,66.410,66.390,66.370,66.410,23707,755443
1513826520,66.410,66.390,66.370,66.410,23707,755443
1513826580,66.410,66.390,66.370,66.410,23707,755443
1513826640,66.410,66.390,66.370,66.410,23707,755443
1513826700,66.410,66.390,66.370,66.410,23707,755443
1513826760,66.410,66.390,66.370,66.410,23707,755443
1513826820,66.410,66.390,66.370,66.410,23707,755443
1513826880,66.410,66.390,66.370,66.410,23707,755443
1513826940,66.410,66.390,66.370,66.410,23707,755443
1513827000,66.410,66.390,66.370,66.410,23707,755443
1513827060,66.410,66.390,66.370,66.410,23707,755443
1513827120,66.410,66.390,66.370,66.410,23707,755443
1513827180,66.410,66.390,66.370,66.410,23707,755443
1513827240,66.410,66.390,66.370,66.410,23707,755443
1513827300,66.410,66.390,66.370,66.410,23707,755443
1513827360,66.410,66.390,66.370,66.410,23707,755443
1513827420,66.410,66.390,66.370,66.410,23707,755443
1513827480,66.410,66.390,66.370,66.410,23707,755443
1513827540,66.410,66.390,66.370,66.410,23707,755443
1513827600,66.410,66.390,66.370,66.410,23707,755443
1513827660,66.410,66.390,66.370,66.410,23707,755443
1513827720,66.410,66.390,66.370,66.410,23707,755443
1513827780,66.410,66.390,66.370,66.410,23707,755443
1513827840,66.410,66.390,66.370,66.410,23707,755443
1513827900,66.410,66.390,66.370,66.410,23707,755443
1513827960,66.410,66.390,66.370,66.410,23707,755443
1513828020,66.410,66.390,66.370,66.410,23707,755443
1513828080,66.410,66.390,66.370,66.410,23707,755443
1513828140,66.410,66.390,66.370,66.410,23707,755443
1513828200,66.410,66.390,66.370,66.410,23707,755443
1513828260,66.410,66.390,66.370,66.410,23707,755443
1513828320,66.410,66.390,66.370,66.410,23707,755443
1513828380,66.410,66.390,66.370,66.410,23707,755443
1513828440,66.410,66.390,66.370,66.410,23707,755443
1513828500,66.410,66.390,66.370,66.410,23707,755443
1513828560,66.410,66.390,66.370,66.410,23707,755443
1513828620,66.410,66.390,66.370,66.410,23707,755443
1513828680,66.410,66.390,66.370,66.410,23707,755443
1513828740,66.410,66.390,66.370,66.410,23707,755443
1513828800,66.410,66.390,66.370,66.410,23707,755443
1513828860,66.410,66.390,66.370,66.410,23707,755443
1513828920,66.410,66.390,66.370,66.410,23707,755443
1513828980,66.410,66.390,66.370,66.410,23707,755443
1513829040,66.410,66.390,66.370,66.410,23707,755443
1513829100,66.410,66.390,66.370,66.410,23707,755443
1513829160,66.410,66.390,66.370,66.410,23707,755443
1513829220,66.410,66.390,66.370,66.410,23707,755443
1513829280,66.410,66.390,66.370,66.410,23707,755443
1513829340,66.410,66.390,66.370,66.410,23707,755443
1513829400,66.410,66.390,66.370,66.410,23707,755443
1513829460,66.410,66.390,66.370,66.410,23707,755443
1513829520,66.410,66.390,66.370,66.410,23707,755443
1513829580,66.410,66.390,66.370,66.410,23707,755443
1513829640,66.410,66.390,66.370,66.410,23707,755443
1513829700,66.410,66.390,66.370,66.410,23707,755443
1513829760,66.410,66.390,66.370,66.410,23707,755443
1513829820,66.410,66.390,66.370,66.410,23707,755443
1513829880,66.410,66.390,66.370,66.410,23707,755443
1513829940,66.410,66.390,66.370,66.410,23707,755443
1513830000,66.410,66.390,66.370,66.410,23707,755443
1513830060,66.410,66.390,66.370,66.410,23707,755443
1513830120,66.410,66.390,66.370,66.410,23707,755443
1513830180,66.410,66.390,66.370,66.410,23707,755443
1513830240,66.410,66.390,66.370,66.410,23707,755443
1513830300,66.410,66.390,66.370,66.410,23707,755443
1513830360,66.410,66.390,66.370,66.410,23707,755443
1513830420,66.410,66.390,66.370,66.410,23707,755443
1513830480,66.410,66.390,66.370,66.410,23707,755443
1513830540,66.410,66.390,66.370,66.410,23707,755443
1513830600,66.410,66.390,66.370,66.410,23707,755443
1513830660,66.410,66.390,66.370,66.410,23707,755443
1513830720,66.410,66.390,66.370,66.410,23707,755443
1513830780,66.410,66.390,66.370,66.410,23707,755443
1513830840,66.410,66.390,66.370,66.410,23707,755443
1513830900,66.410,66.390,66.370,66.410,23707,755443
1513830960,66.410,66.390,66.370,66.410,23707,755443
1513831020,66.410,66.390,66.370,66.410,23707,755443
1513831080,66.410,66.390,66.370,66.410,23707,755443
1513831140,66.410,66.390,66.370,66.410,23707,755443
1513831200,66.410,66.390,66.370,66.410,23707,755443
1513831260,66.410,66.390,66.370,66.410,23707,755443
1513831320,66.410,66.390,66.370,66.410,23707,755443
1513831380,66.410,66.390,66.370,66.410,23707,755443
1513831440,66.410,66.390,66.370,66.410,23707,755443
1513831500,66.410,66.390,66.370,66.410,23707,755443
1513831560,66.410,66.390,66.370,66.410,23707,755443
1513831620,66.410,66.390,66.370,66.410,23707,755443
1513831680,66.410,66.390,66.370,66.410,23707,755443
1513831740,66.410,66.390,66.370,66.410,23707,755443
1513831800,66.410,66.390,66.370,66.410,23707,755443
1513831860,66.410,66.390,66.370,66.410,23707,755443
1513831920,66.410,66.390,66.370,66.410,23707,755443
1513831980,66.410,66.390,66.370,66.410,23707,755443
1513832040,66.410,66.390,66.370,66.410,23707,755443
1513832100,66.410,66.390,66.370,66.410,23707,755443
1513832160,66.410,66.390,66.370,66.410,23707,755443
1513832220,66.410,66.390,66.370,66.410,23707,755443
1513832280,66.410,66.390,66.370,66.410,23707,755443
1513832340,66.410,66.390,66.370,66.410,23707,755443
1513832400,66.410,66.390,66.370,66.410,23707,755443
1513832460,66.410,66.390,66.370,66.410,23707,755443
1513832520,66.410,66.390,66.370,66.410,23707,755443
1513832580,66.410,66.390,66.370,66.410,23707,755443
1513832640,66.410,66.390,66.370,66.410,23707,755443
1513832700,66.410,66.390,66.370,66.410,23707,755443
1513832760,66.410,66.390,66.370,66.410,23707,755443
1513832820,66.410,66.390,66.370,66.410,23707,755443
1513832880,66.410,66.390,66.370,66.410,23707,755443
1513832940,66.410,66.390,66.370,66.410,23707,755443
1513833000,66.410,66.390,66.370,66.410,23707,755443
1513833060,66.410,66.390,66.370,66.410,23707,755443
1513833120,66.410,66.390,66.370,66.410,23707,755443
1513833180,66.410,66.390,66.370,66.410,23707,755443
1513833240,66.410,66.390,66.370,66.410,23707,755443
1513833300,66.410,66.390,66.370,66.410,23707,755443
1513833360,66.410,66.390,66.370,66.410,23707,755443
1513833420,66.410,66.390,66.370,66.410,23707,755443
1513833480,66.410,66.390,66.370,66.410,23707,755443
1513833540,66.410,66.390,66.370,66.410,23707,755443
1513833600,66.410,66.390,66.370,66.410,23707,755443
1513833660,66.410,66.390,66.370,66.410,23707,755443
1513833720,66.410,66.390,66.370,66.410,23707,755443
1513833780,66.410,66.390,66.370,66.410,23707,755443
1513833840,66.410,66.390,66.370,66.410,23707,755443
1513833900,66.410,66.390,66.370,66.410,23707,755443
1513833960,66.410,66.390,66.370,66.410,23707,755443
1513834020,66.410,66.390,66.370,66.410,23707,755443
1513834080,66.410,66.390,66.370,66.410,23707,755443
1513834140,66.410,66.390,66.370,66.410,23707,755443
1513834200,66.410,66.390,66.370,66.410,23707,755443
1513834260,66.410,66.390,66.370,66.410,23707,755443
1513834320,66.410,66.390,66.370,66.410,23707,755443
1513834380,66.410,66.390,66.370,66.410,23707,755443
1513834440,66.410,66.390,66.370,66.410,23707,755443
1513834500,66.410,66.390,66.370,66.410,23707,755443
1513834560,66.410,66.390,66.370,66.410,23707,755443
1513834620,66.410,66.390,66.370,66.410,23707,755443
1513834680,66.410,66.390,66.370,66.410,23707,755443
1513834740,66.410,66.390,66.370,66.410,23707,755443
1513834800,66.410,66.390,66.370,66.410,23707,755443
1513834860,66.410,66.390,66.370,66.410,23707,755443
1513834920,66.410,66.390,66.370,66.410,23707,755443
1513834980,66.410,66.390,66.370,66.410,23707,755443
1513835040,66.410,66.390,66.370,66.410,23707,755443
1513835100,66.410,66.390,66.370,66.410,23707,755443
1513835160,66.410,66.390,66.370,66.410,23707,755443
1513835220,66.410,66.390,66.370,66.410,23707,755443
1513835280,66.410,66.390,66.370,66.410,23707,755443
1513835340,66.410,66.390,66.370,66.410,23707,755443
1513835400,66.410,66.390,66.370,66.410,23707,755443
1513835460,66.410,66.390,66.370,66.410,23707,755443
1513835520,66.410,66.390,66.370,66.410,23707,755443
1513835580,66.410,66.390,66.370,66.410,23707,755443
1513835640,66.410,66.390,66.370,66.410,23707,755443
1513835700,66.410,66.390,66.370,66.410,23707,755443
1513835760,66.410,66.390,66.370,66.410,23707,755443
1513835820,66.410,66.390,66.370,66.410,23707,755443
1513835880,66.410,66.390,66.370,66.410,23707,755443
1513835940,66.410,66.390,66.370,66.410,23707,755443
1513836000,66.410,66.390,66.370,66.410,23707,755443
1513836060,66.410,66.390,66.370,66.410,23707,755443
1513836120,66.410,66.390,66.370,66.410,23707,755443
1513836180,66.410,66.390,66.370,66.410,23707,755443
1513836240,66.410,66.390,66.370,66.410,23707,755443
1513836300,66.410,66.390,66.370,66.410,23707,755443
1513836360,66.410,66.390,66.370,66.410,23707,755443
1513836420,66.410,66.390,66.370,66.410,23707,755443
1513836480,66.410,66.390,66.370,66.410,23707,755443
1513836540,66.410,66.390,66.370,66.410,23707,755443
1513836600,66.410,66.390,66.370,66.410,23707,755443
1513836660,66.410,66.390,66.370,66.410,23707,755443
1513836720,66.410,66.390,66.370,66.410,23707,755443
1513836780,66.410,66.390,66.370,66.410,23707,755443
1513836840,66.410,66.390,66.370,66.410,23707,755443
1513836900,66.410,66.390,66.370,66.410,23707,755443
1513836960,66.410,66.390,66.370,66.410,23707,755443
1513837020,66.410,66.390,66.370,66.410,23707,755443
1513837080,66.410,66.390,66.370,66.410,23707,755443
1513837140,66.410,66.390,66.370,66.410,23707,755443
1513837200,66.410,66.390,66.370,66.410,23707,755443
1513837260,66.410,66.390,66.370,66.410,23707,755443
1513837320,66.410,66.390,66.370,66.410,23707,755443
1513837380,66.410,66.390,66.370,66.410,23707,755443
1513837440,66.410,66.390,66.370,66.410,23707,755443
1513837500,66.410,66.390,66.370,66.410,23707,755443
1513837560,66.410,66.390,66.370,66.410,23707,755443
1513837620,66.410,66.390,66.370,66.410,23707,755443
1513837680,66.410,66.390,66.370,66.410,23707,755443
1513837740,66.410,66.390,66.370,66.410,23707,755443
1513837800,66.410,66.390,66.370,66.410,23707,755443
1513837860,66.410,66.390,66.370,66.410,23707,755443
1513837920,66.410,66.390,66.370,66.410,23707,755443
1513837980,66.410,66.390,66.370,66.410,23707,755443
1513838040,66.410,66.390,66.370,66.410,23707,755443
1513838100,66.410,66.390,66.370,66.410,23707,755443
1513838160,66.410,66.390,66.370,66.410,23707,755443
1513838220,66.410,66.390,66.370,66.410,23707,755443
1513838280,66.410,66.390,66.370,66.410,23707,755443
1513838340,66.410,66.390,66.370,66.410,23707,755443
1513838400,66.410,66.390,66.370,66.410,23707,755443
1513838460,66.410,66.390,66.370,66.410,23707,755443
1513838520,66.410,66.390,66.370,66.410,23707,755443
1513838580,66.410,66.390,66.370,66.410,23707,755443
1513838640,66.410,66.390,66.370,66.410,23707,755443
1513838700,66.410,66.390,66.370,66.410,23707,755443
1513838760,66.410,66.390,66.370,66.410,23707,755443
1513838820,66.410,66.390,66.370,66.410,23707,755443
1513838880,66.410,66.390,66.370,66.410,23707,755443
1513838940,66.410,66.390,66.370,66.410,23707,755443
1513839000,66.410,66.390,66.370,66.410,23707,755443
1513839060,66.410,66.390,66.370,66.410,23707,755443
1513839120,66.410,66.390,66.370,66.410,23707,755443
1513839180,66.410,66.390,66.370,66.410,23707,755443
1513839240,66.410,66.390,66.370,66.410,23707,755443
1513839300,66.410,66.390,66.370,66.410,23707,755443
1513839360,66.410,66.390,66.370,66.410,23707,755443
1513839420,66.410,66.390,66.370,66.410,23707,755443
1513839480,66.410,66.390,66.370,66.410,23707,755443
1513839540,66.410,66.390,66.370,66.410,23707,755443
1513839600,66.410,66.390,66.370,66.410,23707,755443
1513839660,66.410,66.390,66.370,66.410,23707,755443
1513839720,66.410,66.390,66.370,66.410,23707,755443
1513839780,66.410,66.390,66.370,66.410,23707,755443
1513839840,66.410,66.390,66.370,66.410,23707,755443
1513839900,66.410,66.390,66.370,66.410,23707,755443
1513839960,66.410,66.390,66.370,66.410,23707,755443
1513840020,66.410,66.390,66.370,66.410,23707,755443
1513840080,66.410,66.390,66.370,66.410,23707,755443
1513840140,66.410,66.390,66.370,66.410,23707,755443
1513840200,66.410,66.390,66.370,66.410,23707,755443
1513840260,66.410,66.390,66.370,66.410,23707,755443
1513840320,66.410,66.390,66.370,66.410,23707,755443
1513840380,66.410,66.390,66.370,66.410,23707,755443
1513840440,66.410,66.390,66.370,66.410,23707,755443
1513840500,66.410,66.390,66.370,66.410,23707,755443
1513840560,66.410,66.390,66.370,66.410,23707,755443
1513840620,66.410,66.390,66.370,66.410,23707,755443
1513840680,66.410,66.390,66.370,66.410,23707,755443
1513840740,66.410,66.390,66.370,66.410,23707,755443
1513840800,66.410,66.390,66.370,66.410,23707,755443
1513840860,66.410,66.390,66.370,66.410,23707,755443
1513840920,66.410,66.390,66.370,66.410,23707,755443
1513840980,66.410,66.390,66.370,66.410,23707,755443
1513841040,66.410,66.390,66.370,66.410,23707,755443
1513841100,66.410,66.390,66.370,66.410,23707,755443
1513841160,66.410,66.390,66.370,66.410,23707,755443
1513841220,66.410,66.390,66.370,66.410,23707,755443
1513841280,66.410,66.390,66.370,66.410,23707,755443
1513841340,66.410,66.390,66.370,66.410,23707,755443
1513841400,66.410,66.390,66.370,66.410,23707,755443
1513841460,66.410,66.390,66.370,66.410,23707,755443
1513841520,66.410,66.390,66.370,66.410,23707,755443
1513841580,66.410,66.390,66.370,66.410,23707,755443
1513841640,66.410,66.390,66.370,66.410,23707,755443
1513841700,66.410,66.390,66.370,66.410,23707,755443
1513841760,66.410,66.390,66.370,66.410,23707,755443
1513841820,66.410,66.390,66.370,66.410,23707,755443
1513841880,66.410,66.390,66.370,66.410,23707,755443
1513841940,66.410,66.390,66.370,66.410,23707,755443
1513842000,66.410,66.390,66.370,66.410,23707,755443
1513842060,66.410,66.390,66.370,66.410,23707,755443
1513842120,66.410,66.390,66.370,66.410,23707,755443
1513842180,66.410,66.390,66.370,66.410,23707,755443
1513842240,66.410,66.390,66.370,66.410,23707,755443
1513842300,66.410,66.390,66.370,66.410,23707,755443
1513842360,66.410,66.390,66.370,66.410,23707,755443
1513842420,66.410,66.390,66.370,66.410,23707,755443
1513842480,66.410,66.390,66.370,66.410,23707,755443
1513842540,66.410,66.390,66.370,66.410,23707,755443
1513842600,66.410,66.390,66.370,66.410,23707,755443
1513842660,66.410,66.390,66.370,66.410,23707,755443
1513842720,66.410,66.390,66.370,66.410,23707,755443
1513842780,66.410,66.390,66.370,66.410,23707,755443
1513842840,66.410,66.390,66.370,66.410,23707,755443
1513842900,66.410,66.390,66.370,66.410,23707,755443
1513842960,66.410,66.390,66.370,66.410,23707,755443
1513843020,66.410,66.390,66.370,66.410,23707,755443
1513843080,66.410,66.390,66.370,66.410,23707,755443
1513843140,66.410,66.390,66.370,66.410,23707,755443
1513843200,66.410,66.390,66.370,66.410,23707,755443
1513843260,66.410,66.390,66.370,66.410,23707,755443
1513843320,66.410,66.390,66.370,66.410,23707,755443
1513843380,66.410,66.390,66.370,66.410,23707,755443
1513843440,66.410,66.390,66.370,66.410,23707,755443
1513843500,66.410,66.390,66.370,66.410,23707,755443
1513843560,66.410,66.390,66.370,66.410,23707,755443
1513843620,66.410,66.390,66.370,66.410,23707,755443
1513843680,66.410,66.390,66.370,66.410,23707,755443
1513843740,66.410,66.390,66.370,66.410,23707,755443
1513843800,66.410,66.390,66.370,66.410,23707,755443
1513843860,66.410,66.390,66.370,66.410,23707,755443
1513843920,66.410,66.390,66.370,66.410,23707,755443
1513843980,66.410,66.390,66.370,66.410,23707,755443
1513844040,66.410,66.390,66.370,66.410,23707,755443
1513844100,66.410,66.390,66.370,66.410,23707,755443
1513844160,66.410,66.390,66.370,66.410,23707,755443
1513844220,66.410,66.390,66.370,66.410,23707,755443
1513844280,66.410,66.390,66.370,66.410,23707,755443
1513844340,66.410,66.390,66.370,66.410,23707,755443
1513844400,66.410,66.390,66.370,66.410,23707,755443
1513844460,66.410,66.390,66.370,66.410,23707,755443
1513844520,66.410,66.390,66.370,66.410,23707,755443
1513844580,66.410,66.390,66.370,66.410,23707,755443
1513844640,66.410,66.390,66.370,66.410,23707,755443
1513844700,66.410,66.390,66.370,66.410,23707,755443
1513844760,66.410,66.390,66.370,66.410,23707,755443
1513844820,66.410,66.390,66.370,66.410,23707,755443
1513844880,66.410,66.390,66.370,66.410,23707,755443
1513844940,66.410,66.390,66.370,66.410,23707,755443
1513845000,66.410,66.390,66.370,66.410,23707,755443
1513845060,66.410,66.390,66.370,66.410,23707,755443
1513845120,66.410,66.390,66.370,66.410,23707,755443
1513845180,66.410,66.390,66.370,66.410,23707,755443
1513845240,66.410,66.390,66.370,66.410,23707,755443
1513845300,66.410,66.390,66.370,66.410,23707,755443
1513845360,66.410,66.390,66.370,66.410,23707,755443
1513845420,66.410,66.390,66.370,66.410,23707,755443
1513845480,66.410,66.390,66.370,66.410,23707,755443
1513845540,66.410,66.390,66.370,66.410,23707,755443
1513845600,66.410,66.390,66.370,66.410,23707,755443
1513845660,66.410,66.390,66.370,66.410,23707,755443
1513845720,66.410,66.390,66.370,66.410,23707,755443
1513845780,66.410,66.390,66.370,66.410,23707,755443
1513845840,66.410,66.390,66.370,66.410,23707,755443
1513845900,66.410,66.390,66.370,66.410,23707,755443
1513845960,66.410,66.390,66.370,66.410,23707,755443
1513846020,66.410,66.390,66.370,66.410,23707,755443
1513846080,66.410,66.390,66.370,66.410,23707,755443
1513846140,66.410,66.390,66.370,66.410,23707,755443
1513846200,66.410,66.390,66.370,66.410,23707,755443
1513846260,66.410,66.390,66.370,66.410,23707,755443
1513846320,66.410,66.390,66.370,66.410,23707,755443
1513846380,66.410,66.390,66.370,66.410,23707,755443
1513846440,66.410,66.390,66.370,66.410,23707,755443
1513846500,66.410,66.390,66.370,66.410,23707,755443
1513846560,66.410,66.390,66.370,66.410,23707,755443
1513846620,66.410,66.390,66.370,66.410,23707,755443
1513846680,66.410,66.390,66.370,66.410,23707,755443
1513846740,66.410,66.390,66.370,66.410,23707,755443
1513846800,66.410,66.390,66.370,66.410,23707,755443
1513846860,66.410,66.390,66.370,66.410,23707,755443
1513846920,66.410,66.390,66.370,66.410,23707,755443
1513846980,66.410,66.390,66.370,66.410,23707,755443
1513847040,66.410,66.390,66.370,66.410,23707,755443
1513847100,66.410,66.390,66.370,66.410,23707,755443
1513847160,66.410,66.390,66.370,66.410,23707,755443
1513847220,66.410,66.390,66.370,66.410,23707,755443
1513847280,66.410,66.390,66.370,66.410,23707,755443
1513847340,66.410,66.390,66.370,66.410,23707,755443
1513847400,66.410,66.390,66.370,66.410,23707,755443
1513847460,66.410,66.390,66.370,66.410,23707,755443
1513847520,66.410,66.390,66.370,66.410,23707,755443
1513847580,66.410,66.390,66.370,66.410,23707,755443
1513847640,66.410,66.390,66.370,66.410,23707,755443
1513847700,66.410,66.390,66.370,66.410,23707,755443
1513847760,66.410,66.390,66.370,66.410,23707,755443
1513847820,66.410,66.390,66.370,66.410,23707,755443
1513847880,66.410,66.390,66.370,66.410,23707,755443
1513847940,66.410,66.390,66.370,66.410,23707,755443
1513848000,66.410,66.390,66.370,66.410,23707,755443
1513848060,66.410,66.390,66.370,66.410,23707,755443
1513848120,66.410,66.390,66.370,66.410,23707,755443
1513848180,66.410,66.390,66.370,66.410,23707,755443
1513848240,66.410,66.390,66.370,66.410,23707,755443
1513848300,66.410,66.390,66.370,66.410,23707,755443
1513848360,66.410,66.390,66.370,66.410,23707,755443
1513848420,66.410,66.390,66.370,66.410,23707,755443
1513848480,66.410,66.390,66.370,66.410,23707,755443
1513848540,66.410,66.390,66.370,66.410,23707,755443
1513848600,66.410,66.390,66.370,66.410,23707,755443
1513848660,66.410,66.390,66.370,66.410,23707,755443
1513848720,66.410,66.390,66.370,66.410,23707,755443
1513848780,66.410,66.390,66.370,66.410,23707,755443
1513848840,66.410,66.390,66.370,66.410,23707,755443
1513848900,66.410,66.390,66.370,66.410,23707,755443
1513848960,66.410,66.390,66.370,66.410,23707,755443
1513849020,66.410,66.390,66.370,66.410,23707,755443
1513849080,66.410,66.390,66.370,66.410,23707,755443
1513849140,66.410,66.390,66.370,66.410,23707,755443
1513849200,66.410,66.390,66.370,66.410,23707,755443
1513849260,66.410,66.390,66.370,66.410,23707,755443
1513849320,66.410,66.390,66.370,66.410,23707,755443
1513849380,66.410,66.390,66.370,66.410,23707,755443
1513849440,66.410,66.390,66.370,66.410,23707,755443
1513849500,66.410,66.390,66.370,66.410,23707,755443
1513849560,66.410,66.390,66.370,66.410,23707,755443
1513849620,66.410,66.390,66.370,66.410,23707,755443
1513849680,66.410,66.390,66.370,66.410,23707,755443
1513849740,66.410,66.390,66.370,66.410,23707,755443
1513849800,66.410,66.390,66.370,66.410,23707,755443
1513849860,66.410,66.390,66.370,66.410,23707,755443
1513849920,66.410,66.390,66.370,66.410,23707,755443
1513849980,66.410,66.390,66.370,66.410,23707,755443
1513850040,66.410,66.390,66.370,66.410,23707,755443
1513850100,66.410,66.390,66.370,66.410,23707,755443
1513850160,66.410,66.390,66.370,66.410,23707,755443
1513850220,66.410,66.390,66.370,66.410,23707,755443
1513850280,66.410,66.390,66.370,66.410,23707,755443
1513850340,66.410,66.390,66.370,66.410,23707,755443
1513850400,66.410,66.390,66.370,66.410,23707,755443
1513850460,66.410,66.390,66.370,66.410,23707,755443
1513850520,66.410,66.390,66.370,66.410,23707,755443
1513850580,66.410,66.390,66.370,66.410,23707,755443
1513850640,66.410,66.390,66.370,66.410,23707,755443
1513850700,66.410,66.390,66.370,66.410,23707,755443
1513850760,66.410,66.390,66.370,66.410,23707,755443
1513850820,66.410,66.390,66.370,66.410,23707,755443
1513850880,66.410,66.390,66.370,66.410,23707,755443
1513850940,66.410,66.390,66.370,66.410,23707,755443
1513851000,66.410,66.390,66.370,66.410,23707,755443
1513851060,66.410,66.390,66.370,66.410,23707,755443
1513851120,66.410,66.390,66.370,66.410,23707,755443
1513851180,66.410,66.390,66.370,66.410,23707,755443
1513851240,66.410,66.390,66.370,66.410,23707,755443
1513851300,66.410,66.390,66.370,66.410,23707,755443
1513851360,66.410,66.390,66.370,66.410,23707,755443
1513851420,66.410,66.390,66.370,66.410,23707,755443
1513851480,66.410,66.390,66.370,66.410,23707,755443
1513851540,66.410,66.390,66.370,66.410,23707,755443
1513851600,66.410,66.390,66.370,66.410,23707,755443
1513851660,66.410,66.390,66.370,66.410,23707,755443
1513851720,66.410,66.390,66.370,66.410,23707,755443
1513851780,66.410,66.390,66.370,66.410,23707,755443
1513851840,66.410,66.390,66.370,66.410,23707,755443
1513851900,66.410,66.390,66.370,66.410,23707,755443
1513851960,66.410,66.390,66.370,66.410,23707,755443
1513852020,66.410,66.390,66.370,66.410,23707,755443
1513852080,66.410,66.390,66.370,66.410,23707,755443
1513852140,66.410,66.390,66.370,66.410,23707,755443
1513852200,66.410,66.390,66.370,66.410,23707,755443
1513852260,66.410,66.390,66.370,66.410,23707,755443
1513852320,66.410,66.390,66.370,66.410,23707,755443
1513852380,66.410,66.390,66.370,66.410,23707,755443
1513852440,66.410,66.390,66.370,66.410,23707,755443
1513852500,66.410,66.390,66.370,66.410,23707,755443
1513852560,66.410,66.390,66.370,66.410,23707,755443
1513852620,66.410,66.390,66.370,66.410,23707,755443
1513852680,66.410,66.390,66.370,66.410,23707,755443
1513852740,66.410,66.390,66.370,66.410,23707,755443
1513852800,66.410,66.390,66.370,66.410,23707,755443
1513852860,66.410,66.390,66.370,66.410,23707,755443
1513852920,66.410,66.390,66.370,66.410,23707,755443
1513852980,66.410,66.390,66.370,66.410,23707,755443
1513853040,66.410,66.390,66.370,66.410,23707,755443
1513853100,66.410,66.390,66.370,66.410,23707,755443
1513853160,66.410,66.390,66.370,66.410,23707,755443
1513853220,66.410,66.390,66.370,66.410,23707,755443
1513853280,66.410,66.390,66.370,66.410,23707,755443
1513853340,66.410,66.390,66.370,66.410,23707,755443
1513853400,66.410,66.390,66.370,66.410,23707,755443
1513853460,66.410,66.390,66.370,66.410,23707,755443
1513853520,66.410,66.390,66.370,66.410,23707,755443
1513853580,66.410,66.390,66.370,66.410,23707,755443
1513853640,66.410,66.390,66.370,66.410,23707,755443
1513853700,66.410,66.390,66.370,66.410,23707,755443
1513853760,66.410,66.390,66.370,66.410,23707,755443
1513853820,66.410,66.390,66.370,66.410,23707,755443
1513853880,66.410,66.390,66.370,66.410,23707,755443
1513853940,66.410,66.390,66.370,66.410,23707,755443
1513854000,66.410,66.390,66.370,66.410,23707,755443
1513854060,66.410,66.390,66.370,66.410,23707,755443
1513854120,66.410,66.390,66.370,66.410,23707,755443
1513854180,66.410,66.390,66.370,66.410,23707,755443
1513854240,66.410,66.390,66.370,66.410,23707,755443
1513854300,66.410,66.390,66.370,66.410,23707,755443
1513854360,66.410,66.390,66.370,66.410,23707,755443
1513854420,66.410,66.390,66.370,66.410,23707,755443
1513854480,66.410,66.390,66.370,66.410,23707,755443
1513854540,66.410,66.390,66.370,66.410,23707,755443
1513854600,66.410,66.390,66.370,66.410,23707,755443
1513854660,66.410,66.390,66.370,66.410,23707,755443
1513854720,66.410,66.390,66.370,66.410,23707,755443
1513854780,66.410,66.390,66.370,66.410,23707,755443
1513854840,66.410,66.390,66.370,66.410,23707,755443
1513854900,66.410,66.390,66.370,66.410,23707,755443
1513854960,66.410,66.390,66.370,66.410,23707,755443
1513855020,66.410,66.390,66.370,66.410,23707,755443
1513855080,66.410,66.390,66.370,66.410,23707,755443
1513855140,66.410,66.390,66.370,66.410,23707,755443
1513855200,66.410,66.390,66.370,66.410,23707,755443
1513855260,66.410,66.390,66.370,66.410,23707,755443
1513855320,66.410,66.390,66.370,66.410,23707,755443
1513855380,66.410,66.390,66.370,66.410,23707,755443
1513855440,66.410,66.390,66.370,66.410,23707,755443
1513855500,66.410,66.390,66.370,66.410,23707,755443
1513855560,66.410,66.390,66.370,66.410,23707,755443
1513855620,66.410,66.390,66.370,66.410,23707,755443
1513855680,66.410,66.390,66.370,66.410,23707,755443
1513855740,66.410,66.390,66.370,66.410,23707,755443
1513855800,66.410,66.390,66.370,66.410,23707,755443
1513855860,66.410,66.390,66.370,66.410,23707,755443
1513855920,66.410,66.390,66.370,66.410,23707,755443
1513855980,66.410,66.390,66.370,66.410,23707,755443
1513856040,66.410,66.390,66.370,66.410,23707,755443
1513856100,66.410,66.390,66.370,66.410,23707,755443
1513856160,66.410,66.390,66.370,66.410,23707,755443
1513856220,66.410,66.390,66.370,66.410,23707,755443
1513856280,66.410,66.390,66.370,66.410,23707,755443
1513856340,66.410,66.390,66.370,66.410,23707,755443
1513856400,66.410,66.390,66.370,66.410,23707,755443
1513856460,66.410,66.390,66.370,66.410,23707,755443
1513856520,66.410,66.390,66.370,66.410,23707,755443
1513856580,66.410,66.390,66.370,66.410,23707,755443
1513856640,66.410,66.390,66.370,66.410,23707,755443
1513856700,66.410,66.390,66.370,66.410,23707,755443
1513856760,66.410,66.390,66.370,66.410,23707,755443
1513856820,66.410,66.390,66.370,66.410,23707,755443
1513856880,66.410,66.390,66.370,66.410,23707,755443
1513856940,66.410,66.390,66.370,66.410,23707,755443
1513857000,66.410,66.390,66.370,66.410,23707,755443
1513857060,66.410,66.390,66.370,66.410,23707,755443
1513857120,66.410,66.390,66.370,66.410,23707,755443
1513857180,66.410,66.390,66.370,66.410,23707,755443
1513857240,66.410,66.390,66.370,66.410,23707,755443
1513857300,66.410,66.390,66.370,66.410,23707,755443
1513857360,66.410,66.390,66.370,66.410,23707,755443
1513857420,66.410,66.390,66.370,66.410,23707,755443
1513857480,66.410,66.390,66.370,66.410,23707,755443
1513857540,66.410,66.390,66.370,66.410,23707,755443
1513857600,66.410,66.390,66.370,66.410,23707,755443
1513857660,66.410,66.390,66.370,66.410,23707,755443
1513857720,66.410,66.390,66.370,66.410,23707,755443
1513857780,66.410,66.390,66.370,66.410,23707,755443
1513857840,66.410,66.390,66.370,66.410,23707,755443
1513857900,66.410,66.390,66.370,66.410,23707,755443
1513857960,66.410,66.390,66.370,66.410,23707,755443
1513858020,66.410,66.390,66.370,66.410,23707,755443
1513858080,66.410,66.390,66.370,66.410,23707,755443
1513858140,66.410,66.390,66.370,66.410,23707,755443
1513858200,66.410,66.390,66.370,66.410,23707,755443
1513858260,66.410,66.390,66.370,66.410,23707,755443
1513858320,66.410,66.390,66.370,66.410,23707,755443
1513858380,66.410,66.390,66.370,66.410,23707,755443
1513858440,66.410,66.390,66.370,66.410,23707,755443
1513858500,66.410,66.390,66.370,66.410,23707,755443
1513858560,66.410,66.390,66.370,66.410,23707,755443
1513858620,66.410,66.390,66.370,66.410,23707,755443
1513858680,66.410,66.390,66.370,66.410,23707,755443
1513858740,66.410,66.390,66.370,66.410,23707,755443
1513858800,66.410,66.390,66.370,66.410,23707,755443
1513858860,66.410,66.390,66.370,66.410,23707,755443
1513858920,66.410,66.390,66.370,66.410,23707,755443
1513858980,66.410,66.390,66.370,66.410,23707,755443
1513859040,66.410,66.390,66.370,66.410,23707,755443
1513859100,66.410,66.390,66.370,66.410,23707,755443
1513859160,66.410,66.390,66.370,66.410,23707,755443
1513859220,66.410,66.390,66.370,66.410,23707,755443
1513859280,66.410,66.390,66.370,66.410,23707,755443
1513859340,66.410,66.390,66.370,66.410,23707,755443
1513859400,66.410,66.390,66.370,66.410,23707,755443
1513859460,66.410,66.390,66.370,66.410,23707,755443
1513859520,66.410,66.390,66.370,66.410,23707,755443
1513859580,66.410,66.390,66.370,66.410,23707,755443
1513859640,66.410,66.390,66.370,66.410,23707,755443
1513859700,66.410,66.390,66.370,66.410,23707,755443
1513859760,66.410,66.390,66.370,66.410,23707,755443
1513859820,66.410,66.390,66.370,66.410,23707,755443
1513859880,66.410,66.390,66.370,66.410,23707,755443
1513859940,66.410,66.390,66.370,66.410,23707,755443
1513860000,66.410,66.390,66.370,66.410,23707,755443
1513860060,66.410,66.390,66.370,66.410,23707,755443
1513860120,66.410,66.390,66.370,66.410,23707,755443
1513860180,66.410,66.390,66.370,66.410,23707,755443
1513860240,66.410,66.390,66.370,66.410,23707,755443
1513860300,66.410,66.390,66.370,66.410,23707,755443
1513860360,66.410,66.390,66.370,66.410,23707,755443
1513860420,66.410,66.390,66.370,66.410,23707,755443
1513860480,66.410,66.390,66.370,66.410,23707,755443
1513860540,66.410,66.390,66.370,66.410,23707,755443
1513860600,66.410,66.390,66.370,66.410,23707,755443
1513860660,66.410,66.390,66.370,66.410,23707,755443
1513860720,66.410,66.390,66.370,66.410,23707,755443
1513860780,66.410,66.390,66.370,66.410,23707,755443
1513860840,66.410,66.390,66.370,66.410,23707,755443
1513860900,66.410,66.390,66.370,66.410,23707,755443
1513860960,66.410,66.390,66.370,66.410,23707,755443
1513861020,66.410,66.390,66.370,66.410,23707,755443
1513861080,66.410,66.390,66.370,66.410,23707,755443
1513861140,66.410,66.390,66.370,66.410,23707,755443
1513861200,66.410,66.390,66.370,66.410,23707,755443
1513861260,66.410,66.390,66.370,66.410,23707,755443
1513861320,66.410,66.390,66.370,66.410,23707,755443
1513861380,66.410,66.390,66.370,66.410,23707,755443
1513861440,66.410,66.390,66.370,66.410,23707,755443
1513861500,66.410,66.390,66.370,66.410,23707,755443
1513861560,66.410,66.390,66.370,66.410,23707,755443
1513861620,66.410,66.390,66.370,66.410,23707,755443
1513861680,66.410,66.390,66.370,66.410,23707,755443
1513861740,66.410,66.390,66.370,66.410,23707,755443
1513861800,66.410,66.390,66.370,66.410,23707,755443
1513861860,66.410,66.390,66.370,66.410,23707,755443
1513861920,66.410,66.390,66.370,66.410,23707,755443
1513861980,66.410,66.390,66.370,66.410,23707,755443
1513862040,66.410,66.390,66.370,66.410,23707,755443
1513862100,66.410,66.390,66.370,66.410,23707,755443
1513862160,66.410,66.390,66.370,66.410,23707,755443
1513862220,66.410,66.390,66.370,66.410,23707,755443
1513862280,66.410,66.390,66.370,66.410,23707,755443
1513862340,66.410,66.390,66.370,66.410,23707,755443
1513862400,66.410,66.390,66.370,66.410,23707,755443
1513862460,66.410,66.390,66.370,66.410,23707,755443
1513862520,66.410,66.390,66.370,66.410,23707,755443
1513862580,66.410,66.390,66.370,66.410,23707,755443
1513862640,66.410,66.390,66.370,66.410,23707,755443
1513862700,66.410,66.390,66.370,66.410,23707,755443
1513862760,66.410,66.390,66.370,66.410,23707,755443
1513862820,66.410,66.390,66.370,66.410,23707,755443
1513862880,66.410,66.390,66.370,66.410,23707,755443
1513862940,66.410,66.390,66.370,66.410,23707,755443
1513863000,66.410,66.390,66.370,66.410,23707,755443
1513863060,66.410,66.390,66.370,66.410,23707,755443
1513863120,66.410,66.390,66.370,66.410,23707,755443
1513863180,66.410,66.390,66.370,66.410,23707,755443
1513863240,66.410,66.390,66.370,66.410,23707,755443
1513863300,66.410,66.390,66.370,66.410,23707,755443
1513863360,66.410,66.390,66.370,66.410,23707,755443
1513863420,66.410,66.390,66.370,66.410,23707,755443
1513863480,66.410,66.390,66.370,66.410,23707,755443
1513863540,66.410,66.390,66.370,66.410,23707,755443
1513863600,66.410,66.390,66.370,66.410,23707,755443
1513863660,66.410,66.390,66.370,66.410,23707,755443
1513863720,66.410,66.390,66.370,66.410,23707,755443
1513863780,66.410,66.390,66.370,66.410,23707,755443
1513863840,66.410,66.390,66.370,66.410,23707,755443
1513863900,66.410,66.390,66.370,66.410,23707,755443
1513863960,66.410,66.390,66.370,66.410,23707,755443
1513864020,66.410,66.390,66.370,66.410,23707,755443
1513864080,66.410,66.390,66.370,66.410,23707,755443
1513864140,66.410,66.390,66.370,66.410,23707,755443
1513864200,66.410,66.390,66.370,66.410,23707,755443
1513864260,66.410,66.390,66.370,66.410,23707,755443
1513864320,66.410,66.390,66.370,66.410,23707,755443
1513864380,66.410,66.390,66.370,66.410,23707,755443
1513864440,66.410,66.390,66.370,66.410,23707,755443
1513864500,66.410,66.390,66.370,66.410,23707,755443
1513864560,66.410,66.390,66.370,66.410,23707,755443
1513864620,66.410,66.390,66.370,66.410,23707,755443
1513864680,66.410,66.390,66.370,66.410,23707,755443
1513864740,66.410,66.390,66.370,66.410,23707,755443
1513864800,66.410,66.390,66.370,66.410,23707,755443
1513864860,66.410,66.390,66.370,66.410,23707,755443
1513864920,66.410,66.390,66.370,66.410,23707,755443
1513864980,66.410,66.390,66.370,66.410,23707,755443
1513865040,66.410,66.390,66.370,66.410,23707,755443
1513865100,66.410,66.390,66.370,66.410,23707,755443
1513865160,66.410,66.390,66.370,66.410,23707,755443
1513865220,66.410,66.390,66.370,66.410,23707,755443
1513865280,66.410,66.390,66.370,66.410,23707,755443
1513865340,66.410,66.390,66.370,66.410,23707,755443
1513865400,66.410,66.390,66.370,66.410,23707,755443
1513865460,66.410,66.390,66.370,66.410,23707,755443
1513865520,66.410,66.390,66.370,66.410,23707,755443
1513865580,66.410,66.390,66.370,66.410,23707,755443
1513865640,66.410,66.390,66.370,66.410,23707,755443
1513865700,66.410,66.390,66.370,66.410,23707,755443
1513865760,66.410,66.390,66.370,66.410,23707,755443
1513865820,66.410,66.390,66.370,66.410,23707,755443
1513865880,66.410,66.390,66.370,66.410,23707,755443
1513865940,66.410,66.390,66.370,66.410,23707,755443
1513866000,66.410,66.390,66.370,66.410,23707,755443
1513866060,66.410,66.390,66.370,66.410,23707,755443
1513866120,66.410,66.390,66.370,66.410,23707,755443
1513866180,66.410,66.390,66.370,66.410,23707,755443
1513866240,66.410,66.390,66.370,66.410,23707,755443
1513866300,66.410,66.390,66.370,66.410,23707,755443
1513866360,66.410,66.390,66.370,66.410,23707,755443
1513866420,66.410,66.390,66.370,66.410,23707,755443
1513866480,66.410,66.390,66.370,66.410,23707,755443
1513866540,66.410,66.390,66.370,66.410,23707,755443
1513866600,66.450,66.450,66.450,66.450,1123,0
1513866660,66.450,66.450,66.450,66.450,1119,0
1513866720,66.450,66.450,66.450,66.450,1119,0
1513866780,66.810,66.810,66.810,66.810,1119,0
1513866840,66.700,66.700,66.700,66.700,1119,0
1513866900,66.500,66.500,66.500,66.500,555,5599
1513866960,66.500,66.500,66.500,66.500,554,5599
1513867020,66.450,66.450,66.450,66.450,554,5599
1513867080,66.450,66.450,66.450,66.450,554,5599
1513867140,66.450,66.450,66.450,66.450,554,5599
1513867200,66.450,66.500,66.450,66.500,2021,8370
1513867260,66.350,66.290,66.290,66.350,2019,8370
1513867320,66.380,66.380,66.380,66.380,2019,8370
1513867380,66.390,66.310,66.310,66.390,2019,8370
1513867440,66.330,66.310,66.310,66.330,2019,8370
1513867500,66.300,66.460,66.300,66.460,1083,18467
1513867560,66.420,66.420,66.420,66.420,1080,18467
1513867620,66.400,66.400,66.400,66.400,1080,18467
1513867680,66.390,66.350,66.350,66.390,1080,18467
1513867740,66.350,66.340,66.340,66.350,1080,18467
1513867800,66.350,66.340,66.340,66.350,1805,23870
1513867860,66.380,66.380,66.380,66.380,1801,23870
1513867920,66.340,66.340,66.340,66.340,1801,23870
1513867980,66.390,66.290,66.290,66.390,1801,23870
1513868040,66.350,66.360,66.340,66.360,1801,23870
1513868100,66.350,66.360,66.340,66.360,988,32879
1513868160,66.270,66.270,66.270,66.270,984,32879
1513868220,66.300,66.340,66.300,66.340,984,32879
1513868280,66.300,66.340,66.300,66.340,984,32879
1513868340,66.330,66.310,66.310,66.330,984,32879
1513868400,66.250,66.250,66.250,66.250,1414,37803
1513868460,66.250,66.260,66.250,66.260,1414,37803
1513868520,66.240,66.240,66.240,66.240,1414,37803
1513868580,66.240,66.150,66.140,66.240,1414,37803
1513868640,66.190,66.240,66.190,66.240,1414,37803
1513868700,66.190,66.240,66.190,66.240,777,44873
1513868760,66.260,66.260,66.260,66.260,775,44873
1513868820,66.230,66.230,66.230,66.230,775,44873
1513868880,66.210,66.160,66.160,66.210,775,44873
1513868940,66.230,66.230,66.230,66.230,775,44873
1513869000,66.230,66.230,66.230,66.230,453,48750
1513869060,66.230,66.230,66.230,66.230,453,48750
1513869120,66.230,66.230,66.230,66.230,453,48750
1513869180,66.230,66.230,66.230,66.230,453,48750
1513869240,66.120,66.120,66.120,66.120,453,48750
1513869300,66.110,66.090,66.090,66.110,1669,51015
1513869360,66.060,66.120,66.060,66.120,1666,51015
1513869420,66.080,66.080,66.080,66.080,1666,51015
1513869480,66.080,66.080,66.080,66.080,1666,51015
1513869540,66.080,66.170,66.080,66.170,1666,51015
1513869600,66.260,66.260,66.260,66.260,249,59348
1513869660,66.260,66.260,66.260,66.260,245,59348
1513869720,66.260,66.260,66.260,66.260,245,59348
1513869780,66.240,66.240,66.240,66.240,245,59348
1513869840,66.260,66.260,66.260,66.260,245,59348
1513869900,66.280,66.280,66.280,66.280,457,60577
1513869960,66.280,66.280,66.280,66.280,454,60577
1513870020,66.280,66.280,66.280,66.280,454,60577
1513870080,66.270,66.320,66.270,66.350,454,60577
1513870140,66.300,66.310,66.300,66.380,454,60577
1513870200,66.300,66.310,66.300,66.380,902,62850
1513870260,66.490,66.350,66.350,66.490,898,62850
1513870320,66.490,66.350,66.350,66.490,898,62850
1513870380,66.400,66.400,66.400,66.400,898,62850
1513870440,66.400,66.400,66.400,66.400,898,62850
1513870500,66.400,66.400,66.400,66.400,612,67344
1513870560,66.400,66.400,66.400,66.400,610,67344
1513870620,66.370,66.370,66.370,66.370,610,67344
1513870680,66.370,66.370,66.370,66.370,610,67344
1513870740,66.370,66.370,66.370,66.370,610,67344
1513870800,66.330,66.330,66.330,66.330,582,70396
1513870860,66.330,66.330,66.330,66.330,579,70396
1513870920,66.290,66.250,66.250,66.290,579,70396
1513870980,66.350,66.350,66.350,66.350,579,70396
1513871040,66.300,66.300,66.300,66.300,579,70396
1513871100,66.360,66.370,66.360,66.370,950,73294
1513871160,66.320,66.320,66.320,66.320,949,73294
1513871220,66.340,66.340,66.340,66.340,949,73294
1513871280,66.360,66.410,66.360,66.410,949,73294
1513871340,66.390,66.390,66.390,66.390,949,73294
1513871400,66.380,66.380,66.380,66.380,1992,78040
1513871460,66.410,66.410,66.410,66.410,1988,78040
1513871520,66.410,66.400,66.390,66.410,1988,78040
1513871580,66.390,66.400,66.390,66.400,1988,78040
1513871640,66.380,66.390,66.380,66.400,1988,78040
1513871700,66.360,66.360,66.360,66.360,444,87984
1513871760,66.380,66.380,66.380,66.380,441,87984
1513871820,66.380,66.380,66.380,66.380,441,87984
1513871880,66.380,66.380,66.380,66.380,441,87984
1513871940,66.350,66.350,66.350,66.350,441,87984
1513872000,66.350,66.350,66.350,66.350,309,90192
1513872060,66.380,66.380,66.380,66.380,305,90192
1513872120,66.360,66.360,66.360,66.360,305,90192
1513872180,66.330,66.360,66.330,66.360,305,90192
1513872240,66.330,66.360,66.330,66.360,305,90192
1513872300,66.360,66.360,66.360,66.360,1895,91721
1513872360,66.360,66.360,66.360,66.360,1892,91721
1513872420,66.410,66.390,66.390,66.410,1892,91721
1513872480,66.390,66.410,66.390,66.410,1892,91721
1513872540,66.400,66.410,66.390,66.410,1892,91721
1513872600,66.460,66.470,66.460,66.470,631,101184
1513872660,66.460,66.470,66.460,66.470,630,101184
1513872720,66.510,66.520,66.510,66.520,630,101184
1513872780,66.510,66.520,66.510,66.520,630,101184
1513872840,66.550,66.550,66.550,66.550,630,101184
1513872900,66.510,66.530,66.510,66.530,1242,104335
1513872960,66.510,66.530,66.510,66.530,1240,104335
1513873020,66.510,66.530,66.510,66.530,1240,104335
1513873080,66.470,66.470,66.470,66.470,1240,104335
1513873140,66.470,66.470,66.470,66.470,1240,104335
1513873200,66.520,66.550,66.520,66.550,2344,110537
1513873260,66.520,66.520,66.520,66.520,2344,110537
1513873320,66.530,66.510,66.510,66.530,2344,110537
1513873380,66.480,66.500,66.480,66.500,2344,110537
1513873440,66.490,66.530,66.490,66.540,2344,110537
1513873500,66.500,66.500,66.500,66.500,869,122257
1513873560,66.500,66.500,66.500,66.500,867,122257
1513873620,66.550,66.550,66.550,66.550,867,122257
1513873680,66.550,66.550,66.550,66.550,867,122257
1513873740,66.520,66.530,66.520,66.530,867,122257
1513873800,66.530,66.510,66.510,66.530,1307,126594
1513873860,66.500,66.500,66.500,66.500,1307,126594
1513873920,66.500,66.500,66.500,66.500,1307,126594
1513873980,66.530,66.590,66.530,66.590,1307,126594
1513874040,66.530,66.590,66.530,66.590,1307,126594
1513874100,66.700,66.780,66.700,66.810,942,133129
1513874160,66.740,66.720,66.720,66.740,942,133129
1513874220,66.750,66.750,66.750,66.750,942,133129
1513874280,66.720,66.720,66.720,66.720,942,133129
1513874340,66.720,66.720,66.720,66.720,942,133129
1513874400,66.720,66.720,66.720,66.720,881,137839
1513874460,66.770,66.770,66.770,66.770,878,137839
1513874520,66.770,66.770,66.770,66.770,878,137839
1513874580,66.730,66.690,66.690,66.730,878,137839
1513874640,66.720,66.690,66.690,66.720,878,137839
1513874700,66.720,66.720,66.720,66.720,1550,142232
1513874760,66.750,66.760,66.750,66.760,1548,142232
1513874820,66.760,66.700,66.700,66.760,1548,142232
1513874880,66.760,66.700,66.700,66.760,1548,142232
1513874940,66.680,66.680,66.680,66.680,1548,142232
1513875000,66.700,66.700,66.700,66.700,765,149974
1513875060,66.690,66.700,66.690,66.700,764,149974
1513875120,66.710,66.700,66.700,66.710,764,149974
1513875180,66.670,66.670,66.670,66.670,764,149974
1513875240,66.670,66.670,66.670,66.670,764,149974
1513875300,66.660,66.660,66.660,66.660,312,153795
1513875360,66.660,66.660,66.660,66.660,310,153795
1513875420,66.660,66.660,66.660,66.660,310,153795
1513875480,66.660,66.660,66.660,66.660,310,153795
1513875540,66.630,66.630,66.630,66.630,310,153795
1513875600,66.590,66.590,66.590,66.590,1278,155347
1513875660,66.630,66.630,66.630,66.630,1278,155347
1513875720,66.700,66.780,66.700,66.780,1278,155347
1513875780,66.730,66.730,66.730,66.730,1278,155347
1513875840,66.700,66.750,66.700,66.750,1278,155347
1513875900,66.700,66.700,66.700,66.700,900,161737
1513875960,66.720,66.720,66.720,66.720,900,161737
1513876020,66.690,66.690,66.690,66.690,900,161737
1513876080,66.700,66.690,66.690,66.700,900,161737
1513876140,66.690,66.690,66.690,66.690,900,161737
1513876200,66.660,66.650,66.650,66.660,1118,166237
1513876260,66.660,66.650,66.650,66.660,1118,166237
1513876320,66.630,66.630,66.630,66.630,1118,166237
1513876380,66.630,66.630,66.630,66.630,1118,166237
1513876440,66.670,66.690,66.670,66.710,1118,166237
1513876500,66.700,66.690,66.690,66.700,1478,171827
1513876560,66.700,66.690,66.690,66.700,1475,171827
1513876620,66.670,66.690,66.670,66.690,1475,171827
1513876680,66.690,66.640,66.640,66.690,1475,171827
1513876740,66.670,66.670,66.670,66.670,1475,171827
1513876800,66.670,66.670,66.670,66.670,831,179205
1513876860,66.670,66.670,66.670,66.670,830,179205
1513876920,66.670,66.690,66.670,66.690,830,179205
1513876980,66.670,66.690,66.670,66.690,830,179205
1513877040,66.670,66.690,66.670,66.690,830,179205
1513877100,66.690,66.700,66.690,66.700,1038,183356
1513877160,66.700,66.680,66.680,66.700,1038,183356
1513877220,66.700,66.680,66.680,66.700,1038,183356
1513877280,66.690,66.680,66.680,66.690,1038,183356
1513877340,66.690,66.690,66.690,66.690,1038,183356
1513877400,66.670,66.710,66.670,66.710,1327,188546
1513877460,66.670,66.670,66.670,66.670,1323,188546
1513877520,66.650,66.650,66.650,66.650,1323,188546
1513877580,66.670,66.650,66.650,66.670,1323,188546
1513877640,66.670,66.650,66.650,66.670,1323,188546
1513877700,66.660,66.660,66.660,66.660,3881,195165
1513877760,66.650,66.660,66.650,66.660,3880,195165
1513877820,66.660,66.660,66.660,66.660,3880,195165
1513877880,66.640,66.610,66.610,66.640,3880,195165
1513877940,66.600,66.600,66.600,66.600,3880,195165
1513878000,66.600,66.600,66.600,66.600,1976,214566
1513878060,66.610,66.630,66.610,66.630,1976,214566
1513878120,66.610,66.630,66.610,66.630,1976,214566
1513878180,66.570,66.580,66.560,66.580,1976,214566
1513878240,66.570,66.560,66.550,66.570,1976,214566
1513878300,66.580,66.610,66.580,66.610,3258,224446
1513878360,66.610,66.610,66.610,66.610,3257,224446
1513878420,66.610,66.600,66.600,66.610,3257,224446
1513878480,66.580,66.580,66.580,66.580,3257,224446
1513878540,66.580,66.580,66.580,66.580,3257,224446
1513878600,66.580,66.580,66.580,66.580,2312,240732
1513878660,66.600,66.600,66.600,66.600,2308,240732
1513878720,66.600,66.630,66.600,66.630,2308,240732
1513878780,66.630,66.630,66.630,66.630,2308,240732
1513878840,66.620,66.620,66.620,66.620,2308,240732
1513878900,66.630,66.630,66.630,66.630,3256,252276
1513878960,66.670,66.680,66.670,66.680,3256,252276
1513879020,66.670,66.660,66.660,66.670,3256,252276
1513879080,66.710,66.670,66.670,66.710,3256,252276
1513879140,66.680,66.690,66.680,66.690,3256,252276
1513879200,66.630,66.620,66.620,66.630,1912,268556
1513879260,66.620,66.630,66.620,66.630,1912,268556
1513879320,66.690,66.730,66.690,66.730,1912,268556
1513879380,66.700,66.680,66.680,66.700,1912,268556
1513879440,66.700,66.680,66.680,66.700,1912,268556
1513879500,66.670,66.670,66.670,66.670,1238,278116
1513879560,66.680,66.670,66.670,66.680,1237,278116
1513879620,66.670,66.670,66.670,66.670,1237,278116
1513879680,66.680,66.650,66.650,66.680,1237,278116
1513879740,66.620,66.620,66.620,66.620,1237,278116
1513879800,66.620,66.620,66.620,66.620,477,284302
1513879860,66.650,66.660,66.650,66.660,473,284302
1513879920,66.650,66.660,66.650,66.660,473,284302
1513879980,66.670,66.670,66.670,66.670,473,284302
1513880040,66.680,66.690,66.680,66.690,473,284302
1513880100,66.700,66.700,66.700,66.700,490,286671
1513880160,66.680,66.650,66.650,66.680,488,286671
1513880220,66.680,66.650,66.650,66.680,488,286671
1513880280,66.660,66.660,66.660,66.660,488,286671
1513880340,66.660,66.660,66.660,66.660,488,286671
1513880400,66.670,66.670,66.670,66.670,2729,289113
1513880460,66.700,66.700,66.700,66.700,2729,289113
1513880520,66.700,66.700,66.700,66.700,2729,289113
1513880580,66.700,66.730,66.700,66.730,2729,289113
1513880640,66.760,66.750,66.740,66.760,2729,289113
1513880700,66.780,66.780,66.780,66.780,3374,302758
1513880760,66.800,66.760,66.760,66.800,3370,302758
1513880820,66.770,66.740,66.730,66.780,3370,302758
1513880880,66.730,66.700,66.700,66.730,3370,302758
1513880940,66.700,66.730,66.700,66.730,3370,302758
1513881000,66.730,66.730,66.730,66.730,1277,319612
1513881060,66.730,66.740,66.730,66.740,1275,319612
1513881120,66.730,66.720,66.720,66.730,1275,319612
1513881180,66.730,66.740,66.730,66.740,1275,319612
1513881240,66.740,66.730,66.730,66.740,1275,319612
1513881300,66.730,66.730,66.730,66.730,2333,325989
1513881360,66.720,66.710,66.710,66.720,2330,325989
1513881420,66.720,66.720,66.720,66.720,2330,325989
1513881480,66.710,66.720,66.710,66.720,2330,325989
1513881540,66.720,66.710,66.710,66.730,2330,325989
1513881600,66.690,66.690,66.690,66.690,835,337642
1513881660,66.690,66.690,66.690,66.690,834,337642
1513881720,66.660,66.660,66.660,66.660,834,337642
1513881780,66.660,66.660,66.660,66.660,834,337642
1513881840,66.680,66.670,66.670,66.680,834,337642
1513881900,66.680,66.670,66.670,66.680,1208,341813
1513881960,66.620,66.620,66.620,66.620,1208,341813
1513882020,66.630,66.720,66.630,66.720,1208,341813
1513882080,66.700,66.710,66.700,66.710,1208,341813
1513882140,66.700,66.700,66.700,66.700,1208,341813
1513882200,66.700,66.700,66.700,66.700,278,347853
1513882260,66.700,66.700,66.700,66.700,276,347853
1513882320,66.720,66.710,66.710,66.720,276,347853
1513882380,66.700,66.700,66.700,66.700,276,347853
1513882440,66.700,66.700,66.700,66.700,276,347853
1513882500,66.700,66.700,66.700,66.700,996,349235
1513882560,66.700,66.700,66.700,66.700,996,349235
1513882620,66.710,66.710,66.710,66.710,996,349235
1513882680,66.690,66.690,66.690,66.690,996,349235
1513882740,66.700,66.700,66.700,66.700,996,349235
1513882800,66.670,66.690,66.670,66.690,1285,354215
1513882860,66.700,66.700,66.700,66.700,1282,354215
1513882920,66.680,66.700,66.680,66.700,1282,354215
1513882980,66.680,66.700,66.680,66.700,1282,354215
1513883040,66.700,66.700,66.700,66.700,1282,354215
1513883100,66.700,66.700,66.700,66.700,664,360628
1513883160,66.740,66.740,66.740,66.740,660,360628
1513883220,66.740,66.740,66.740,66.740,660,360628
1513883280,66.710,66.710,66.710,66.710,660,360628
1513883340,66.710,66.710,66.710,66.710,660,360628
1513883400,66.690,66.710,66.690,66.710,381,363932
1513883460,66.690,66.710,66.690,66.710,379,363932
1513883520,66.720,66.720,66.720,66.720,379,363932
1513883580,66.720,66.720,66.720,66.720,379,363932
1513883640,66.710,66.710,66.710,66.710,379,363932
1513883700,66.690,66.660,66.660,66.690,2296,365829
1513883760,66.660,66.620,66.600,66.660,2296,365829
1513883820,66.610,66.610,66.610,66.610,2296,365829
1513883880,66.640,66.590,66.590,66.640,2296,365829
1513883940,66.640,66.590,66.590,66.640,2296,365829
1513884000,66.610,66.610,66.610,66.610,1388,377309
1513884060,66.640,66.640,66.640,66.640,1388,377309
1513884120,66.630,66.610,66.610,66.630,1388,377309
1513884180,66.570,66.570,66.570,66.570,1388,377309
1513884240,66.610,66.610,66.610,66.610,1388,377309
1513884300,66.600,66.600,66.600,66.600,876,384249
1513884360,66.600,66.600,66.600,66.600,873,384249
1513884420,66.660,66.630,66.630,66.660,873,384249
1513884480,66.640,66.640,66.640,66.640,873,384249
1513884540,66.640,66.640,66.640,66.640,873,384249
1513884600,66.650,66.680,66.650,66.680,1374,388617
1513884660,66.650,66.680,66.650,66.680,1370,388617
1513884720,66.650,66.650,66.650,66.650,1370,388617
1513884780,66.650,66.650,66.650,66.650,1370,388617
1513884840,66.640,66.640,66.640,66.640,1370,388617
1513884900,66.640,66.640,66.640,66.640,1443,395471
1513884960,66.630,66.610,66.610,66.630,1443,395471
1513885020,66.630,66.610,66.610,66.630,1443,395471
1513885080,66.630,66.610,66.610,66.630,1443,395471
1513885140,66.620,66.620,66.620,66.620,1443,395471
1513885200,66.620,66.630,66.620,66.630,3370,402686
1513885260,66.620,66.630,66.620,66.630,3366,402686
1513885320,66.630,66.630,66.630,66.630,3366,402686
1513885380,66.610,66.610,66.610,66.610,3366,402686
1513885440,66.620,66.620,66.620,66.620,3366,402686
1513885500,66.620,66.620,66.620,66.620,1128,419520
1513885560,66.620,66.630,66.620,66.630,1128,419520
1513885620,66.660,66.660,66.660,66.660,1128,419520
1513885680,66.660,66.660,66.660,66.660,1128,419520
1513885740,66.670,66.670,66.670,66.670,1128,419520
1513885800,66.670,66.670,66.670,66.670,1980,425160
1513885860,66.660,66.620,66.620,66.660,1977,425160
1513885920,66.630,66.600,66.600,66.630,1977,425160
1513885980,66.620,66.620,66.620,66.620,1977,425160
1513886040,66.600,66.600,66.600,66.600,1977,425160
1513886100,66.610,66.610,66.610,66.610,1613,435048
1513886160,66.630,66.650,66.630,66.650,1612,435048
1513886220,66.590,66.600,66.590,66.610,1612,435048
1513886280,66.590,66.600,66.590,66.610,1612,435048
1513886340,66.620,66.590,66.590,66.620,1612,435048
1513886400,66.610,66.620,66.610,66.620,2067,443109
1513886460,66.580,66.600,66.580,66.600,2063,443109
1513886520,66.590,66.580,66.560,66.600,2063,443109
1513886580,66.560,66.570,66.560,66.570,2063,443109
1513886640,66.560,66.570,66.560,66.570,2063,443109
1513886700,66.560,66.570,66.560,66.570,259,453428
1513886760,66.570,66.600,66.570,66.600,255,453428
1513886820,66.570,66.600,66.570,66.600,255,453428
1513886880,66.570,66.600,66.570,66.600,255,453428
1513886940,66.570,66.600,66.570,66.600,255,453428
1513887000,66.570,66.600,66.570,66.600,1279,454707
1513887060,66.600,66.610,66.600,66.610,1275,454707
1513887120,66.610,66.630,66.610,66.630,1275,454707
1513887180,66.610,66.610,66.610,66.610,1275,454707
1513887240,66.610,66.600,66.600,66.610,1275,454707
1513887300,66.590,66.590,66.590,66.590,2421,461086
1513887360,66.590,66.590,66.590,66.590,2419,461086
1513887420,66.590,66.560,66.560,66.590,2419,461086
1513887480,66.560,66.570,66.540,66.570,2419,461086
1513887540,66.570,66.590,66.570,66.590,2419,461086
1513887600,66.600,66.600,66.600,66.600,1852,473183
1513887660,66.620,66.600,66.600,66.620,1849,473183
1513887720,66.610,66.620,66.610,66.620,1849,473183
1513887780,66.610,66.590,66.570,66.610,1849,473183
1513887840,66.610,66.600,66.600,66.610,1849,473183
1513887900,66.610,66.600,66.600,66.610,2091,482431
1513887960,66.600,66.600,66.600,66.600,2090,482431
1513888020,66.600,66.610,66.600,66.610,2090,482431
1513888080,66.610,66.610,66.610,66.610,2090,482431
1513888140,66.610,66.620,66.610,66.620,2090,482431
1513888200,66.620,66.590,66.590,66.620,2174,492882
1513888260,66.590,66.600,66.580,66.600,2170,492882
1513888320,66.580,66.580,66.580,66.580,2170,492882
1513888380,66.600,66.600,66.600,66.600,2170,492882
1513888440,66.600,66.630,66.600,66.630,2170,492882
1513888500,66.620,66.620,66.620,66.620,2079,503736
1513888560,66.610,66.620,66.610,66.620,2076,503736
1513888620,66.600,66.590,66.580,66.600,2076,503736
1513888680,66.600,66.590,66.580,66.600,2076,503736
1513888740,66.600,66.600,66.600,66.600,2076,503736
1513888800,66.600,66.600,66.600,66.600,2055,514119
1513888860,66.600,66.610,66.600,66.610,2054,514119
1513888920,66.610,66.590,66.590,66.610,2054,514119
1513888980,66.590,66.590,66.590,66.590,2054,514119
1513889040,66.590,66.590,66.590,66.590,2054,514119
1513889100,66.600,66.580,66.540,66.600,6371,524390
1513889160,66.600,66.580,66.540,66.600,6370,524390
1513889220,66.610,66.630,66.600,66.630,6370,524390
1513889280,66.630,66.590,66.580,66.630,6370,524390
1513889340,66.570,66.580,66.570,66.580,6370,524390
1513889400,66.550,66.530,66.530,66.550,3380,556241
1513889460,66.560,66.550,66.550,66.560,3376,556241
1513889520,66.540,66.560,66.540,66.560,3376,556241
1513889580,66.550,66.510,66.510,66.550,3376,556241
1513889640,66.530,66.530,66.530,66.530,3376,556241
1513889700,66.530,66.500,66.500,66.530,12096,573125
1513889760,66.510,66.500,66.500,66.510,12095,573125
1513889820,66.520,66.490,66.490,66.520,12095,573125
1513889880,66.480,66.450,66.440,66.490,12095,573125
1513889940,66.460,66.490,66.450,66.490,12095,573125
1513953060,66.780,66.830,66.780,66.830,0,0
1513953120,66.780,66.830,66.780,66.830,0,0
1513953180,66.700,66.780,66.700,66.790,0,0
1513953240,66.750,66.770,66.640,66.770,0,0
1513953300,66.750,66.770,66.640,66.770,1097,19033
1513953360,66.750,66.770,66.640,66.770,1095,19033
1513953420,66.600,66.600,66.600,66.600,1095,19033
1513953480,66.550,66.550,66.550,66.550,1095,19033
1513953540,66.460,66.450,66.450,66.460,1095,19033
1513953600,66.480,66.480,66.480,66.480,312,24510
1513953660,66.480,66.480,66.480,66.480,308,24510
1513953720,66.530,66.530,66.530,66.530,308,24510
1513953780,66.530,66.530,66.530,66.530,308,24510
1513953840,66.590,66.590,66.590,66.590,308,24510
1513953900,66.470,66.470,66.470,66.470,903,26054
1513953960,66.460,66.460,66.460,66.460,902,26054
1513954020,66.340,66.340,66.340,66.340,902,26054
1513954080,66.320,66.290,66.290,66.320,902,26054
1513954140,66.230,66.230,66.230,66.230,902,26054
1513954200,66.210,66.210,66.210,66.210,921,30565
1513954260,66.210,66.210,66.210,66.210,920,30565
1513954320,66.280,66.310,66.280,66.310,920,30565
1513954380,66.300,66.300,66.300,66.300,920,30565
1513954440,66.330,66.380,66.330,66.380,920,30565
1513954500,66.360,66.360,66.360,66.360,713,35166
1513954560,66.310,66.310,66.310,66.310,712,35166
1513954620,66.300,66.310,66.300,66.310,712,35166
1513954680,66.270,66.270,66.270,66.270,712,35166
1513954740,66.310,66.310,66.310,66.310,712,35166
1513954800,66.280,66.220,66.220,66.280,1033,38727
1513954860,66.200,66.240,66.200,66.240,1030,38727
1513954920,66.260,66.260,66.260,66.260,1030,38727
1513954980,66.260,66.260,66.260,66.260,1030,38727
1513955040,66.310,66.310,66.310,66.310,1030,38727
1513955100,66.310,66.310,66.310,66.310,450,43880
1513955160,66.310,66.350,66.310,66.350,449,43880
1513955220,66.310,66.350,66.310,66.350,449,43880
1513955280,66.310,66.350,66.310,66.350,449,43880
1513955340,66.340,66.290,66.290,66.340,449,43880
1513955400,66.240,66.240,66.240,66.240,404,46126
1513955460,66.240,66.240,66.240,66.240,404,46126
1513955520,66.240,66.240,66.240,66.240,404,46126
1513955580,66.190,66.190,66.190,66.190,404,46126
1513955640,66.190,66.190,66.190,66.190,404,46126
1513955700,66.190,66.190,66.190,66.190,203,48146
1513955760,66.190,66.190,66.190,66.190,203,48146
1513955820,66.190,66.190,66.190,66.190,203,48146
1513955880,66.190,66.190,66.190,66.190,203,48146
1513955940,66.250,66.190,66.190,66.250,203,48146
1513956000,66.250,66.190,66.190,66.250,2363,49161
1513956060,66.220,66.180,66.180,66.230,2362,49161
1513956120,66.180,66.190,66.180,66.190,2362,49161
1513956180,66.160,66.180,66.160,66.200,2362,49161
1513956240,66.180,66.170,66.170,66.180,2362,49161
1513956300,66.120,66.150,66.120,66.150,2576,60972
1513956360,66.150,66.140,66.140,66.150,2575,60972
1513956420,66.130,66.100,66.100,66.130,2575,60972
1513956480,66.120,66.110,66.110,66.120,2575,60972
1513956540,66.110,66.100,66.100,66.120,2575,60972
1513956600,66.110,66.110,66.110,66.110,783,73848
1513956660,66.110,66.090,66.090,66.110,781,73848
1513956720,66.080,66.070,66.070,66.080,781,73848
1513956780,66.050,66.070,66.040,66.070,781,73848
1513956840,66.050,66.070,66.040,66.070,781,73848
1513956900,66.050,66.070,66.040,66.070,1091,77755
1513956960,66.010,66.060,66.010,66.060,1088,77755
1513957020,66.050,66.050,66.050,66.050,1088,77755
1513957080,66.050,66.050,66.050,66.050,1088,77755
1513957140,66.060,66.060,66.060,66.060,1088,77755
1513957200,66.080,66.080,66.080,66.080,463,83198
1513957260,66.080,66.080,66.080,66.080,460,83198
1513957320,66.100,66.100,66.100,66.100,460,83198
1513957380,66.120,66.120,66.120,66.120,460,83198
1513957440,66.080,66.080,66.080,66.080,460,83198
1513957500,66.080,66.060,66.060,66.080,631,85501
1513957560,66.080,66.060,66.060,66.080,629,85501
1513957620,66.140,66.140,66.140,66.140,629,85501
1513957680,66.140,66.140,66.140,66.140,629,85501
1513957740,66.140,66.140,66.140,66.140,629,85501
1513957800,66.140,66.140,66.140,66.140,403,88648
1513957860,66.150,66.150,66.150,66.150,402,88648
1513957920,66.150,66.150,66.150,66.150,402,88648
1513957980,66.150,66.150,66.150,66.150,402,88648
1513958040,66.140,66.140,66.140,66.140,402,88648
1513958100,66.120,66.140,66.120,66.140,1505,90659
1513958160,66.150,66.150,66.150,66.150,1502,90659
1513958220,66.140,66.160,66.140,66.160,1502,90659
1513958280,66.160,66.160,66.160,66.160,1502,90659
1513958340,66.150,66.160,66.150,66.160,1502,90659
1513958400,66.150,66.160,66.150,66.160,1233,98172
1513958460,66.180,66.180,66.180,66.180,1232,98172
1513958520,66.200,66.230,66.200,66.230,1232,98172
1513958580,66.230,66.240,66.230,66.240,1232,98172
1513958640,66.280,66.260,66.260,66.280,1232,98172
1513958700,66.270,66.270,66.270,66.270,1159,104333
1513958760,66.270,66.270,66.270,66.270,1157,104333
1513958820,66.200,66.190,66.190,66.200,1157,104333
1513958880,66.250,66.250,66.250,66.250,1157,104333
1513958940,66.230,66.240,66.220,66.240,1157,104333
1513959000,66.280,66.270,66.270,66.280,584,110120
1513959060,66.280,66.270,66.270,66.280,583,110120
1513959120,66.280,66.270,66.270,66.280,583,110120
1513959180,66.320,66.320,66.320,66.320,583,110120
1513959240,66.350,66.350,66.350,66.350,583,110120
1513959300,66.350,66.350,66.350,66.350,774,113036
1513959360,66.380,66.370,66.370,66.380,771,113036
1513959420,66.360,66.370,66.360,66.370,771,113036
1513959480,66.390,66.370,66.370,66.390,771,113036
1513959540,66.390,66.370,66.370,66.390,771,113036
1513959600,66.390,66.370,66.370,66.390,530,116894
1513959660,66.390,66.370,66.370,66.390,529,116894
1513959720,66.380,66.380,66.380,66.380,529,116894
1513959780,66.390,66.390,66.390,66.390,529,116894
1513959840,66.340,66.330,66.330,66.340,529,116894
1513959900,66.360,66.340,66.340,66.360,516,119540
1513959960,66.350,66.330,66.330,66.350,513,119540
1513960020,66.350,66.350,66.350,66.350,513,119540
1513960080,66.350,66.350,66.350,66.350,513,119540
1513960140,66.350,66.350,66.350,66.350,513,119540
1513960200,66.410,66.430,66.410,66.430,3385,122108
1513960260,66.430,66.410,66.410,66.430,3382,122108
1513960320,66.380,66.330,66.330,66.380,3382,122108
1513960380,66.330,66.160,66.160,66.330,3382,122108
1513960440,66.260,66.290,66.260,66.290,3382,122108
1513960500,66.260,66.290,66.260,66.290,344,139021
1513960560,66.310,66.310,66.310,66.310,342,139021
1513960620,66.370,66.370,66.370,66.370,342,139021
1513960680,66.370,66.370,66.370,66.370,342,139021
1513960740,66.340,66.370,66.340,66.370,342,139021
1513960800,66.370,66.350,66.350,66.380,796,140733
1513960860,66.370,66.350,66.350,66.380,793,140733
1513960920,66.360,66.360,66.360,66.360,793,140733
1513960980,66.400,66.400,66.400,66.400,793,140733
1513961040,66.400,66.400,66.400,66.400,793,140733
1513961100,66.420,66.450,66.420,66.450,721,144701
1513961160,66.480,66.490,66.480,66.490,721,144701
1513961220,66.470,66.470,66.470,66.470,721,144701
1513961280,66.440,66.460,66.440,66.460,721,144701
1513961340,66.440,66.460,66.440,66.460,721,144701
1513961400,66.440,66.480,66.440,66.480,656,148306
1513961460,66.480,66.480,66.480,66.480,653,148306
1513961520,66.480,66.480,66.480,66.480,653,148306
1513961580,66.550,66.550,66.550,66.550,653,148306
1513961640,66.580,66.580,66.580,66.580,653,148306
1513961700,66.590,66.590,66.590,66.590,573,151574
1513961760,66.560,66.540,66.540,66.560,573,151574
1513961820,66.490,66.490,66.490,66.490,573,151574
1513961880,66.490,66.490,66.490,66.490,573,151574
1513961940,66.490,66.490,66.490,66.490,573,151574
1513962000,66.540,66.540,66.540,66.540,194,154439
1513962060,66.540,66.540,66.540,66.540,191,154439
1513962120,66.540,66.540,66.540,66.540,191,154439
1513962180,66.540,66.540,66.540,66.540,191,154439
1513962240,66.530,66.530,66.530,66.530,191,154439
1513962300,66.560,66.600,66.560,66.600,2228,155397
1513962360,66.600,66.570,66.570,66.600,2228,155397
1513962420,66.560,66.550,66.550,66.560,2228,155397
1513962480,66.540,66.540,66.540,66.540,2228,155397
1513962540,66.540,66.520,66.520,66.540,2228,155397
1513962600,66.520,66.520,66.520,66.520,444,166537
1513962660,66.520,66.520,66.520,66.520,440,166537
1513962720,66.500,66.510,66.500,66.510,440,166537
1513962780,66.500,66.510,66.500,66.510,440,166537
1513962840,66.550,66.530,66.530,66.550,440,166537
1513962900,66.550,66.530,66.530,66.550,501,168741
1513962960,66.570,66.570,66.570,66.570,499,168741
1513963020,66.570,66.570,66.570,66.570,499,168741
1513963080,66.560,66.560,66.560,66.560,499,168741
1513963140,66.560,66.560,66.560,66.560,499,168741
1513963200,66.550,66.550,66.550,66.550,305,171238
1513963260,66.550,66.550,66.550,66.550,305,171238
1513963320,66.550,66.550,66.550,66.550,305,171238
1513963380,66.550,66.550,66.550,66.550,305,171238
1513963440,66.550,66.550,66.550,66.550,305,171238
1513963500,66.580,66.590,66.560,66.590,1216,172763
1513963560,66.560,66.570,66.560,66.570,1216,172763
1513963620,66.570,66.570,66.570,66.570,1216,172763
1513963680,66.560,66.550,66.550,66.560,1216,172763
1513963740,66.560,66.550,66.550,66.560,1216,172763
1513963800,66.560,66.560,66.560,66.560,879,178843
1513963860,66.550,66.560,66.550,66.560,879,178843
1513963920,66.550,66.550,66.550,66.550,879,178843
1513963980,66.550,66.550,66.550,66.550,879,178843
1513964040,66.540,66.540,66.540,66.540,879,178843
1513964100,66.540,66.500,66.500,66.540,1693,183238
1513964160,66.520,66.550,66.520,66.550,1689,183238
1513964220,66.550,66.560,66.550,66.560,1689,183238
1513964280,66.540,66.540,66.540,66.540,1689,183238
1513964340,66.520,66.520,66.520,66.520,1689,183238
1513964400,66.500,66.500,66.500,66.500,385,191687
1513964460,66.500,66.500,66.500,66.500,384,191687
1513964520,66.490,66.490,66.490,66.490,384,191687
1513964580,66.490,66.490,66.490,66.490,384,191687
1513964640,66.410,66.410,66.410,66.410,384,191687
1513964700,66.410,66.410,66.410,66.410,266,193608
1513964760,66.410,66.410,66.410,66.410,265,193608
1513964820,66.410,66.410,66.410,66.410,265,193608
1513964880,66.420,66.420,66.420,66.420,265,193608
1513964940,66.420,66.420,66.420,66.420,265,193608
1513965000,66.420,66.420,66.420,66.420,365,194934
1513965060,66.420,66.420,66.420,66.420,361,194934
1513965120,66.420,66.420,66.420,66.420,361,194934
1513965180,66.360,66.360,66.360,66.360,361,194934
1513965240,66.370,66.370,66.370,66.370,361,194934
1513965300,66.370,66.370,66.370,66.370,248,196743
1513965360,66.380,66.400,66.380,66.400,246,196743
1513965420,66.380,66.400,66.380,66.400,246,196743
1513965480,66.380,66.400,66.380,66.400,246,196743
1513965540,66.380,66.400,66.380,66.400,246,196743
1513965600,66.410,66.410,66.410,66.410,558,197975
1513965660,66.410,66.410,66.410,66.410,556,197975
1513965720,66.410,66.410,66.410,66.410,556,197975
1513965780,66.410,66.410,66.410,66.410,556,197975
1513965840,66.460,66.450,66.450,66.460,556,197975
1513965900,66.460,66.450,66.450,66.460,1452,200757
1513965960,66.460,66.460,66.460,66.460,1448,200757
1513966020,66.450,66.470,66.450,66.470,1448,200757
1513966080,66.450,66.440,66.440,66.450,1448,200757
1513966140,66.450,66.450,66.450,66.450,1448,200757
1513966200,66.450,66.450,66.450,66.450,546,208001
1513966260,66.450,66.460,66.450,66.460,542,208001
1513966320,66.450,66.460,66.450,66.460,542,208001
1513966380,66.470,66.450,66.450,66.470,542,208001
1513966440,66.470,66.470,66.470,66.470,542,208001
1513966500,66.430,66.420,66.420,66.430,1206,210715
1513966560,66.430,66.420,66.420,66.430,1204,210715
1513966620,66.430,66.420,66.420,66.430,1204,210715
1513966680,66.430,66.430,66.430,66.430,1204,210715
1513966740,66.420,66.420,66.420,66.420,1204,210715
1513966800,66.430,66.410,66.410,66.430,1424,216737
1513966860,66.400,66.410,66.400,66.410,1422,216737
1513966920,66.400,66.400,66.400,66.400,1422,216737
1513966980,66.400,66.400,66.400,66.400,1422,216737
1513967040,66.400,66.400,66.400,66.400,1422,216737
1513967100,66.400,66.400,66.400,66.400,593,223849
1513967160,66.380,66.380,66.380,66.380,589,223849
1513967220,66.380,66.380,66.380,66.380,589,223849
1513967280,66.360,66.360,66.360,66.360,589,223849
1513967340,66.360,66.380,66.360,66.380,589,223849
1513967400,66.360,66.380,66.360,66.380,953,226798
1513967460,66.360,66.380,66.360,66.380,952,226798
1513967520,66.360,66.380,66.360,66.380,952,226798
1513967580,66.360,66.350,66.340,66.360,952,226798
1513967640,66.360,66.360,66.360,66.360,952,226798
1513967700,66.360,66.360,66.360,66.360,619,231559
1513967760,66.330,66.330,66.330,66.330,617,231559
1513967820,66.320,66.350,66.320,66.350,617,231559
1513967880,66.360,66.360,66.360,66.360,617,231559
1513967940,66.360,66.360,66.360,66.360,617,231559
1513968000,66.350,66.360,66.350,66.360,1504,234646
1513968060,66.360,66.340,66.340,66.360,1500,234646
1513968120,66.360,66.360,66.360,66.360,1500,234646
1513968180,66.360,66.360,66.360,66.360,1500,234646
1513968240,66.360,66.360,66.360,66.360,1500,234646
1513968300,66.390,66.400,66.390,66.400,830,242150
1513968360,66.390,66.400,66.390,66.400,827,242150
1513968420,66.390,66.390,66.390,66.390,827,242150
1513968480,66.380,66.380,66.380,66.380,827,242150
1513968540,66.380,66.380,66.380,66.380,827,242150
1513968600,66.380,66.380,66.380,66.380,793,246288
1513968660,66.390,66.390,66.390,66.390,791,246288
1513968720,66.380,66.380,66.380,66.380,791,246288
1513968780,66.370,66.370,66.370,66.370,791,246288
1513968840,66.360,66.360,66.360,66.360,791,246288
1513968900,66.380,66.380,66.380,66.380,1147,250245
1513968960,66.380,66.380,66.380,66.380,1143,250245
1513969020,66.380,66.380,66.380,66.380,1143,250245
1513969080,66.390,66.370,66.370,66.390,1143,250245
1513969140,66.350,66.350,66.350,66.350,1143,250245
1513969200,66.340,66.340,66.340,66.340,945,255964
1513969260,66.340,66.350,66.340,66.350,944,255964
1513969320,66.360,66.360,66.360,66.360,944,255964
1513969380,66.360,66.360,66.360,66.360,944,255964
1513969440,66.360,66.360,66.360,66.360,944,255964
1513969500,66.360,66.360,66.360,66.360,303,260685
1513969560,66.360,66.360,66.360,66.360,303,260685
1513969620,66.360,66.360,66.360,66.360,303,260685
1513969680,66.340,66.360,66.340,66.360,303,260685
1513969740,66.360,66.360,66.360,66.360,303,260685
1513969800,66.360,66.360,66.360,66.360,1109,262200
1513969860,66.360,66.360,66.360,66.360,1106,262200
1513969920,66.360,66.390,66.360,66.390,1106,262200
1513969980,66.390,66.390,66.390,66.390,1106,262200
1513970040,66.390,66.400,66.390,66.400,1106,262200
1513970100,66.390,66.400,66.390,66.400,1325,267733
1513970160,66.400,66.400,66.400,66.400,1325,267733
1513970220,66.400,66.390,66.390,66.400,1325,267733
1513970280,66.400,66.400,66.400,66.400,1325,267733
1513970340,66.400,66.400,66.400,66.400,1325,267733
1513970400,66.400,66.410,66.400,66.410,2581,274358
1513970460,66.390,66.390,66.390,66.390,2579,274358
1513970520,66.390,66.390,66.390,66.390,2579,274358
1513970580,66.380,66.390,66.380,66.390,2579,274358
1513970640,66.390,66.380,66.380,66.390,2579,274358
1513970700,66.390,66.390,66.390,66.390,1111,287255
1513970760,66.390,66.380,66.380,66.390,1108,287255
1513970820,66.380,66.370,66.370,66.380,1108,287255
1513970880,66.370,66.380,66.370,66.380,1108,287255
1513970940,66.370,66.380,66.370,66.380,1108,287255
1513971000,66.380,66.380,66.380,66.380,1556,292798
1513971060,66.390,66.390,66.390,66.390,1555,292798
1513971120,66.380,66.360,66.360,66.380,1555,292798
1513971180,66.340,66.340,66.340,66.340,1555,292798
1513971240,66.340,66.340,66.340,66.340,1555,292798
1513971300,66.340,66.360,66.340,66.360,815,300574
1513971360,66.340,66.360,66.340,66.360,815,300574
1513971420,66.380,66.380,66.380,66.380,815,300574
1513971480,66.380,66.390,66.380,66.390,815,300574
1513971540,66.380,66.380,66.380,66.380,815,300574
1513971600,66.380,66.380,66.380,66.380,1447,304649
1513971660,66.380,66.380,66.380,66.380,1447,304649
1513971720,66.380,66.380,66.380,66.380,1447,304649
1513971780,66.370,66.370,66.370,66.370,1447,304649
1513971840,66.350,66.350,66.350,66.350,1447,304649
1513971900,66.350,66.350,66.350,66.350,1240,311884
1513971960,66.360,66.350,66.350,66.360,1237,311884
1513972020,66.350,66.350,66.350,66.350,1237,311884
1513972080,66.350,66.350,66.350,66.350,1237,311884
1513972140,66.370,66.380,66.370,66.390,1237,311884
1513972200,66.370,66.380,66.370,66.390,672,318072
1513972260,66.380,66.380,66.380,66.380,669,318072
1513972320,66.380,66.350,66.350,66.380,669,318072
1513972380,66.380,66.350,66.350,66.380,669,318072
1513972440,66.380,66.350,66.350,66.380,669,318072
1513972500,66.330,66.330,66.330,66.330,1615,321420
1513972560,66.330,66.330,66.330,66.330,1613,321420
1513972620,66.330,66.330,66.330,66.330,1613,321420
1513972680,66.330,66.330,66.330,66.330,1613,321420
1513972740,66.310,66.290,66.290,66.310,1613,321420
1513972800,66.280,66.280,66.280,66.280,834,329487
1513972860,66.280,66.280,66.280,66.280,834,329487
1513972920,66.280,66.280,66.280,66.280,834,329487
1513972980,66.270,66.270,66.270,66.270,834,329487
1513973040,66.270,66.270,66.270,66.270,834,329487
1513973100,66.270,66.290,66.270,66.290,775,333657
1513973160,66.270,66.290,66.270,66.290,775,333657
1513973220,66.300,66.290,66.290,66.300,775,333657
1513973280,66.310,66.310,66.310,66.310,775,333657
1513973340,66.310,66.310,66.310,66.310,775,333657
1513973400,66.310,66.310,66.310,66.310,695,337532
1513973460,66.330,66.320,66.320,66.330,692,337532
1513973520,66.320,66.320,66.320,66.320,692,337532
1513973580,66.320,66.320,66.320,66.320,692,337532
1513973640,66.320,66.320,66.320,66.320,692,337532
1513973700,66.330,66.330,66.330,66.330,1864,340995
1513973760,66.340,66.320,66.320,66.340,1864,340995
1513973820,66.310,66.310,66.310,66.310,1864,340995
1513973880,66.310,66.310,66.310,66.310,1864,340995
1513973940,66.300,66.280,66.280,66.300,1864,340995
1513974000,66.300,66.280,66.280,66.300,1055,350315
1513974060,66.300,66.280,66.280,66.300,1052,350315
1513974120,66.270,66.250,66.250,66.270,1052,350315
1513974180,66.240,66.240,66.240,66.240,1052,350315
1513974240,66.240,66.240,66.240,66.240,1052,350315
1513974300,66.250,66.290,66.250,66.300,1445,355578
1513974360,66.280,66.290,66.280,66.300,1442,355578
1513974420,66.270,66.270,66.270,66.270,1442,355578
1513974480,66.270,66.270,66.270,66.270,1442,355578
1513974540,66.270,66.270,66.270,66.270,1442,355578
1513974600,66.290,66.290,66.290,66.290,927,362791
1513974660,66.280,66.280,66.280,66.280,924,362791
1513974720,66.280,66.280,66.280,66.280,924,362791
1513974780,66.280,66.280,66.280,66.280,924,362791
1513974840,66.280,66.290,66.280,66.290,924,362791
1513974900,66.300,66.300,66.300,66.300,3165,367414
1513974960,66.320,66.310,66.310,66.320,3161,367414
1513975020,66.310,66.310,66.310,66.310,3161,367414
1513975080,66.310,66.270,66.270,66.310,3161,367414
1513975140,66.270,66.300,66.270,66.300,3161,367414
1513975200,66.310,66.310,66.310,66.310,1003,383223
1513975260,66.320,66.300,66.300,66.320,1000,383223
1513975320,66.300,66.290,66.290,66.300,1000,383223
1513975380,66.290,66.290,66.290,66.290,1000,383223
1513975440,66.300,66.300,66.300,66.300,1000,383223
1513975500,66.280,66.280,66.280,66.280,1886,388226
1513975560,66.270,66.280,66.270,66.280,1882,388226
1513975620,66.280,66.280,66.280,66.280,1882,388226
1513975680,66.290,66.270,66.270,66.290,1882,388226
1513975740,66.280,66.290,66.280,66.290,1882,388226
1513975800,66.280,66.270,66.270,66.280,1682,397640
1513975860,66.270,66.280,66.270,66.280,1682,397640
1513975920,66.270,66.280,66.270,66.280,1682,397640
1513975980,66.270,66.260,66.260,66.270,1682,397640
1513976040,66.250,66.260,66.250,66.260,1682,397640
1513976100,66.260,66.250,66.250,66.270,6797,406050
1513976160,66.270,66.250,66.250,66.270,6794,406050
1513976220,66.240,66.250,66.220,66.250,6794,406050
1513976280,66.250,66.260,66.220,66.260,6794,406050
1513976340,66.270,66.280,66.270,66.280,6794,406050
1514298600,65.790,65.860,65.790,65.890,8573,0
1514298660,65.860,65.820,65.760,65.860,8569,0
1514298720,65.810,65.880,65.810,65.880,8569,0
1514298780,65.810,65.880,65.810,65.880,8569,0
1514298840,65.880,66.110,65.880,66.110,8569,0
1514298900,66.110,66.030,66.030,66.110,4951,42849
1514298960,66.060,66.170,66.060,66.170,4951,42849
1514299020,66.030,65.910,65.900,66.030,4951,42849
1514299080,65.920,65.940,65.920,65.940,4951,42849
1514299140,65.940,65.950,65.940,65.950,4951,42849
1514299200,65.940,65.910,65.880,66.000,5110,67604
1514299260,65.950,65.860,65.860,65.950,5106,67604
1514299320,65.840,65.720,65.720,65.840,5106,67604
1514299380,65.540,65.550,65.520,65.550,5106,67604
1514299440,65.660,65.500,65.500,65.660,5106,67604
1514299500,65.560,65.700,65.560,65.700,5377,93138
1514299560,65.590,65.490,65.490,65.590,5376,93138
1514299620,65.530,65.440,65.440,65.550,5376,93138
1514299680,65.470,65.320,65.320,65.470,5376,93138
1514299740,65.270,65.160,65.160,65.280,5376,93138
1514299800,65.300,65.220,65.220,65.300,3038,120019
1514299860,65.250,65.310,65.200,65.310,3035,120019
1514299920,65.330,65.410,65.330,65.410,3035,120019
1514299980,65.410,65.420,65.410,65.420,3035,120019
1514300040,65.530,65.460,65.460,65.530,3035,120019
1514300100,65.440,65.360,65.360,65.440,3624,135197
1514300160,65.350,65.570,65.350,65.570,3620,135197
1514300220,65.560,65.610,65.560,65.610,3620,135197
1514300280,65.550,65.610,65.500,65.630,3620,135197
1514300340,65.550,65.840,65.550,65.840,3620,135197
1514300400,65.820,65.820,65.820,65.820,2615,153301
1514300460,65.830,65.840,65.780,65.840,2611,153301
1514300520,65.740,65.830,65.740,65.830,2611,153301
1514300580,65.830,65.830,65.830,65.830,2611,153301
1514300640,65.860,65.920,65.860,65.920,2611,153301
1514300700,65.940,65.950,65.850,65.950,2076,166360
1514300760,65.870,65.880,65.870,65.880,2076,166360
1514300820,65.750,65.660,65.660,65.750,2076,166360
1514300880,65.690,65.680,65.680,65.690,2076,166360
1514300940,65.760,65.680,65.680,65.760,2076,166360
1514301000,65.690,65.690,65.690,65.690,1763,176740
1514301060,65.690,65.790,65.690,65.790,1763,176740
1514301120,65.850,65.900,65.850,65.900,1763,176740
1514301180,65.880,65.960,65.880,65.960,1763,176740
1514301240,65.930,65.890,65.890,65.930,1763,176740
1514301300,65.890,65.850,65.850,65.890,1393,185555
1514301360,65.850,65.790,65.790,65.850,1389,185555
1514301420,65.770,65.780,65.770,65.780,1389,185555
1514301480,65.770,65.770,65.770,65.770,1389,185555
1514301540,65.730,65.880,65.730,65.880,1389,185555
1514301600,65.820,65.820,65.820,65.820,1171,192504
1514301660,65.800,65.810,65.800,65.810,1167,192504
1514301720,65.950,65.950,65.950,65.950,1167,192504
1514301780,65.910,65.980,65.910,65.980,1167,192504
1514301840,66.020,66.020,66.020,66.020,1167,192504
1514301900,66.020,65.990,65.970,66.020,604,198343
1514301960,66.010,66.010,66.010,66.010,603,198343
1514302020,66.020,66.020,66.020,66.020,603,198343
1514302080,66.010,66.010,66.010,66.010,603,198343
1514302140,66.010,66.010,66.010,66.010,603,198343
1514302200,66.030,66.030,66.030,66.030,1325,201359
1514302260,66.020,66.020,66.020,66.020,1324,201359
1514302320,66.020,66.070,66.020,66.070,1324,201359
1514302380,66.070,66.070,66.070,66.070,1324,201359
1514302440,66.050,66.060,66.050,66.060,1324,201359
1514302500,66.020,66.010,66.010,66.020,1032,207980
1514302560,66.020,66.020,66.020,66.020,1031,207980
1514302620,66.110,66.110,66.110,66.110,1031,207980
1514302680,66.070,66.070,66.070,66.070,1031,207980
1514302740,66.050,66.050,66.050,66.050,1031,207980
1514302800,66.030,66.050,66.030,66.090,1126,213136
1514302860,66.030,66.030,66.030,66.030,1122,213136
1514302920,65.960,65.960,65.960,65.960,1122,213136
1514302980,66.010,66.010,66.010,66.010,1122,213136
1514303040,65.970,66.020,65.970,66.020,1122,213136
1514303100,66.130,66.100,66.100,66.130,763,218750
1514303160,66.030,66.030,66.030,66.030,762,218750
1514303220,66.030,66.060,66.030,66.060,762,218750
1514303280,66.060,66.060,66.060,66.060,762,218750
1514303340,66.110,66.110,66.110,66.110,762,218750
1514303400,66.170,66.110,66.110,66.170,1181,222561
1514303460,66.110,66.110,66.110,66.110,1181,222561
1514303520,66.110,66.000,66.000,66.110,1181,222561
1514303580,66.010,66.040,66.010,66.040,1181,222561
1514303640,65.990,65.980,65.980,65.990,1181,222561
1514303700,65.980,66.040,65.980,66.060,1164,228466
1514303760,66.050,66.040,66.040,66.050,1162,228466
1514303820,66.050,66.180,66.050,66.180,1162,228466
1514303880,66.050,66.180,66.050,66.180,1162,228466
1514303940,66.110,66.110,66.110,66.110,1162,228466
1514304000,66.110,66.110,66.110,66.110,998,234278
1514304060,66.050,66.050,66.050,66.050,996,234278
1514304120,66.100,66.080,66.080,66.120,996,234278
1514304180,66.090,66.090,66.090,66.090,996,234278
1514304240,66.140,66.040,66.040,66.140,996,234278
1514304300,66.060,66.130,66.020,66.130,1741,239260
1514304360,66.130,66.130,66.130,66.130,1740,239260
1514304420,66.040,66.040,66.040,66.040,1740,239260
1514304480,66.060,66.060,66.060,66.060,1740,239260
1514304540,66.050,66.050,66.050,66.050,1740,239260
1514304600,66.040,66.080,66.040,66.080,919,247961
1514304660,66.050,66.050,66.050,66.050,919,247961
1514304720,66.050,66.140,66.050,66.140,919,247961
1514304780,66.130,66.130,66.130,66.130,919,247961
1514304840,66.130,66.120,66.120,66.130,919,247961
1514304900,66.100,66.100,66.100,66.100,971,252556
1514304960,66.100,66.040,66.040,66.140,968,252556
1514305020,66.070,66.020,66.010,66.070,968,252556
1514305080,66.040,66.150,66.040,66.150,968,252556
1514305140,66.110,66.090,66.090,66.110,968,252556
1514305200,66.190,66.190,66.190,66.190,1511,257399
1514305260,66.140,66.070,66.070,66.140,1511,257399
1514305320,66.070,66.090,66.070,66.090,1511,257399
1514305380,66.110,66.110,66.110,66.110,1511,257399
1514305440,66.110,66.060,66.060,66.110,1511,257399
1514305500,66.130,66.130,66.130,66.130,970,264954
1514305560,66.120,66.120,66.120,66.120,968,264954
1514305620,66.110,66.070,66.070,66.110,968,264954
1514305680,66.060,66.130,66.060,66.130,968,264954
1514305740,66.170,66.130,66.130,66.170,968,264954
1514305800,66.140,66.130,66.130,66.140,788,269796
1514305860,66.090,66.090,66.090,66.090,784,269796
1514305920,66.090,66.180,66.090,66.180,784,269796
1514305980,66.110,66.120,66.110,66.160,784,269796
1514306040,66.130,66.120,66.120,66.130,784,269796
1514306100,66.130,66.120,66.120,66.130,2702,273720
1514306160,66.150,66.150,66.150,66.150,2701,273720
1514306220,66.130,66.160,66.130,66.160,2701,273720
1514306280,66.210,66.270,66.210,66.270,2701,273720
1514306340,66.360,66.380,66.360,66.380,2701,273720
1514306400,66.290,66.240,66.240,66.290,1914,287226
1514306460,66.270,66.160,66.160,66.270,1912,287226
1514306520,66.220,66.210,66.210,66.220,1912,287226
1514306580,66.200,66.200,66.200,66.200,1912,287226
1514306640,66.170,66.190,66.170,66.280,1912,287226
1514306700,66.170,66.190,66.170,66.280,1063,296788
1514306760,66.170,66.170,66.170,66.170,1063,296788
1514306820,66.220,66.250,66.220,66.250,1063,296788
1514306880,66.220,66.170,66.170,66.220,1063,296788
1514306940,66.160,66.120,66.120,66.160,1063,296788
1514307000,66.140,66.100,66.100,66.140,1034,302103
1514307060,66.070,66.150,66.070,66.150,1034,302103
1514307120,66.090,66.090,66.090,66.090,1034,302103
1514307180,66.090,66.080,66.080,66.090,1034,302103
1514307240,66.080,66.070,66.070,66.130,1034,302103
1514307300,66.080,66.090,66.080,66.090,979,307273
1514307360,66.120,66.140,66.120,66.140,975,307273
1514307420,66.100,66.100,66.100,66.100,975,307273
1514307480,66.080,66.080,66.080,66.080,975,307273
1514307540,66.060,66.120,66.060,66.120,975,307273
1514307600,66.100,66.110,66.100,66.110,915,312152
1514307660,66.100,66.100,66.100,66.100,915,312152
1514307720,66.100,66.100,66.100,66.100,915,312152
1514307780,66.090,66.090,66.090,66.090,915,312152
1514307840,66.080,66.100,66.080,66.100,915,312152
1514307900,66.060,66.030,66.030,66.060,1761,316727
1514307960,66.030,66.030,66.030,66.030,1760,316727
1514308020,66.040,66.110,66.040,66.110,1760,316727
1514308080,66.080,66.080,66.080,66.080,1760,316727
1514308140,66.040,66.040,66.040,66.040,1760,316727
1514308200,66.000,66.000,66.000,66.000,1392,325528
1514308260,66.070,66.020,66.020,66.070,1389,325528
1514308320,66.030,66.090,66.030,66.090,1389,325528
1514308380,66.060,66.060,66.060,66.060,1389,325528
1514308440,66.060,66.010,66.010,66.060,1389,325528
1514308500,66.010,66.060,66.010,66.060,1167,332476
1514308560,66.030,66.030,66.030,66.030,1164,332476
1514308620,66.020,66.020,66.020,66.020,1164,332476
1514308680,66.020,66.140,66.020,66.140,1164,332476
1514308740,66.100,66.120,66.100,66.120,1164,332476
1514308800,66.110,66.110,66.110,66.110,954,338299
1514308860,66.120,66.110,66.080,66.120,951,338299
1514308920,66.170,66.170,66.170,66.170,951,338299
1514308980,66.170,66.170,66.170,66.170,951,338299
1514309040,66.200,66.180,66.180,66.200,951,338299
1514309100,66.150,66.160,66.130,66.160,765,343057
1514309160,66.140,66.140,66.140,66.140,762,343057
1514309220,66.140,66.200,66.140,66.200,762,343057
1514309280,66.140,66.130,66.130,66.160,762,343057
1514309340,66.130,66.060,66.060,66.130,762,343057
1514309400,66.120,66.120,66.120,66.120,2794,346870
1514309460,66.090,66.090,66.090,66.090,2792,346870
1514309520,66.090,66.080,66.080,66.100,2792,346870
1514309580,66.080,66.070,66.070,66.080,2792,346870
1514309640,66.030,65.970,65.960,66.030,2792,346870
1514309700,65.980,66.080,65.980,66.080,2057,360832
1514309760,66.090,66.050,66.050,66.090,2056,360832
1514309820,66.010,66.050,66.000,66.050,2056,360832
1514309880,66.020,66.020,66.020,66.020,2056,360832
1514309940,66.060,65.960,65.960,66.060,2056,360832
1514310000,66.000,66.000,66.000,66.000,717,371113
1514310060,65.980,65.970,65.970,65.980,717,371113
1514310120,65.960,65.960,65.960,65.960,717,371113
1514310180,65.960,65.960,65.960,65.960,717,371113
1514310240,65.960,65.940,65.940,65.960,717,371113
1514310300,65.900,65.930,65.900,65.930,800,374698
1514310360,65.920,65.910,65.910,65.920,797,374698
1514310420,65.910,65.910,65.910,65.910,797,374698
1514310480,65.910,65.910,65.910,65.910,797,374698
1514310540,65.900,65.900,65.900,65.900,797,374698
1514310600,65.900,65.880,65.850,65.900,3202,378686
1514310660,65.900,65.880,65.850,65.900,3201,378686
1514310720,65.860,65.800,65.750,65.860,3201,378686
1514310780,65.800,65.740,65.740,65.800,3201,378686
1514310840,65.780,65.880,65.780,65.880,3201,378686
1514310900,65.810,65.790,65.790,65.810,1717,394692
1514310960,65.770,65.790,65.770,65.810,1716,394692
1514311020,65.760,65.840,65.760,65.840,1716,394692
1514311080,65.780,65.810,65.780,65.810,1716,394692
1514311140,65.770,65.760,65.760,65.800,1716,394692
1514311200,65.750,65.720,65.720,65.770,1004,403273
1514311260,65.730,65.730,65.730,65.730,1004,403273
1514311320,65.750,65.690,65.690,65.750,1004,403273
1514311380,65.690,65.690,65.690,65.690,1004,403273
1514311440,65.670,65.760,65.670,65.800,1004,403273
1514311500,65.800,65.800,65.800,65.800,911,408293
1514311560,65.800,65.770,65.760,65.800,907,408293
1514311620,65.790,65.760,65.760,65.790,907,408293
1514311680,65.770,65.810,65.760,65.810,907,408293
1514311740,65.830,65.830,65.830,65.830,907,408293
1514311800,65.830,65.830,65.830,65.830,926,412832
1514311860,65.890,65.840,65.840,65.890,922,412832
1514311920,65.860,65.880,65.860,65.880,922,412832
1514311980,65.830,65.830,65.830,65.830,922,412832
1514312040,65.830,65.830,65.830,65.830,922,412832
1514312100,65.840,65.830,65.830,65.840,795,417446
1514312160,65.830,65.820,65.820,65.850,792,417446
1514312220,65.900,65.900,65.900,65.900,792,417446
1514312280,65.910,65.870,65.870,65.910,792,417446
1514312340,65.910,65.870,65.870,65.910,792,417446
1514312400,65.900,65.980,65.900,65.980,4025,421409
1514312460,65.950,65.920,65.920,65.950,4023,421409
1514312520,65.900,65.900,65.900,65.900,4023,421409
1514312580,65.870,65.840,65.840,65.870,4023,421409
1514312640,65.900,65.930,65.900,65.930,4023,421409
1514312700,65.900,65.870,65.870,65.900,1030,441526
1514312760,65.900,65.870,65.870,65.900,1029,441526
1514312820,65.890,65.890,65.890,65.890,1029,441526
1514312880,65.830,65.800,65.800,65.850,1029,441526
1514312940,65.800,65.800,65.800,65.800,1029,441526
1514313000,65.800,65.800,65.800,65.800,902,446672
1514313060,65.860,65.860,65.860,65.860,902,446672
1514313120,65.870,65.860,65.860,65.870,902,446672
1514313180,65.890,65.900,65.890,65.910,902,446672
1514313240,65.920,65.870,65.870,65.920,902,446672
1514313300,65.870,65.870,65.870,65.870,669,451182
1514313360,65.880,65.880,65.880,65.880,666,451182
1514313420,65.880,65.840,65.840,65.880,666,451182
1514313480,65.840,65.840,65.840,65.840,666,451182
1514313540,65.870,65.870,65.870,65.870,666,451182
1514313600,65.850,65.900,65.850,65.900,1004,454515
1514313660,65.880,65.880,65.880,65.880,1004,454515
1514313720,65.910,65.880,65.880,65.910,1004,454515
1514313780,65.880,65.910,65.850,65.930,1004,454515
1514313840,65.880,65.880,65.880,65.880,1004,454515
1514313900,65.870,65.870,65.870,65.870,774,459535
1514313960,65.900,65.900,65.900,65.900,771,459535
1514314020,65.910,65.910,65.910,65.910,771,459535
1514314080,65.860,65.860,65.860,65.860,771,459535
1514314140,65.860,65.860,65.860,65.860,771,459535
1514314200,65.870,65.870,65.870,65.870,888,463393
1514314260,65.880,65.880,65.880,65.880,884,463393
1514314320,65.880,65.880,65.880,65.880,884,463393
1514314380,65.870,65.850,65.850,65.870,884,463393
1514314440,65.860,65.850,65.850,65.860,884,463393
1514314500,65.890,65.850,65.850,65.890,1334,467817
1514314560,65.850,65.860,65.850,65.860,1334,467817
1514314620,65.850,65.850,65.850,65.850,1334,467817
1514314680,65.830,65.830,65.830,65.830,1334,467817
1514314740,65.730,65.770,65.720,65.770,1334,467817
1514314800,65.750,65.750,65.750,65.750,1175,474487
1514314860,65.830,65.830,65.830,65.830,1172,474487
1514314920,65.790,65.780,65.780,65.790,1172,474487
1514314980,65.820,65.800,65.800,65.820,1172,474487
1514315040,65.830,65.830,65.830,65.830,1172,474487
1514315100,65.840,65.810,65.810,65.840,1343,480350
1514315160,65.860,65.820,65.820,65.860,1341,480350
1514315220,65.820,65.800,65.800,65.820,1341,480350
1514315280,65.850,65.860,65.850,65.860,1341,480350
1514315340,65.820,65.820,65.820,65.820,1341,480350
1514315400,65.810,65.780,65.780,65.810,656,487057
1514315460,65.780,65.780,65.780,65.780,654,487057
1514315520,65.800,65.770,65.760,65.800,654,487057
1514315580,65.710,65.710,65.710,65.710,654,487057
1514315640,65.710,65.710,65.710,65.710,654,487057
1514315700,65.730,65.790,65.710,65.790,1449,490329
1514315760,65.810,65.830,65.810,65.830,1445,490329
1514315820,65.860,65.830,65.830,65.890,1445,490329
1514315880,65.840,65.830,65.810,65.840,1445,490329
1514315940,65.830,65.790,65.790,65.830,1445,490329
1514316000,65.830,65.800,65.780,65.830,1948,497558
1514316060,65.800,65.830,65.800,65.830,1947,497558
1514316120,65.810,65.780,65.780,65.810,1947,497558
1514316180,65.840,65.840,65.840,65.840,1947,497558
1514316240,65.810,65.790,65.790,65.820,1947,497558
1514316300,65.810,65.810,65.810,65.810,2202,507294
1514316360,65.790,65.850,65.790,65.850,2202,507294
1514316420,65.830,65.800,65.800,65.830,2202,507294
1514316480,65.810,65.810,65.810,65.810,2202,507294
1514316540,65.780,65.750,65.750,65.800,2202,507294
1514316600,65.750,65.790,65.750,65.790,787,518304
1514316660,65.800,65.750,65.750,65.800,784,518304
1514316720,65.780,65.780,65.780,65.780,784,518304
1514316780,65.740,65.740,65.740,65.740,784,518304
1514316840,65.710,65.720,65.710,65.720,784,518304
1514316900,65.750,65.750,65.750,65.750,1328,522227
1514316960,65.770,65.800,65.770,65.800,1327,522227
1514317020,65.790,65.770,65.770,65.790,1327,522227
1514317080,65.790,65.780,65.780,65.790,1327,522227
1514317140,65.770,65.850,65.770,65.850,1327,522227
1514317200,65.820,65.880,65.820,65.880,2055,528863
1514317260,65.950,65.930,65.930,65.950,2051,528863
1514317320,65.960,65.980,65.960,65.980,2051,528863
1514317380,65.940,65.940,65.940,65.940,2051,528863
1514317440,65.980,66.030,65.980,66.030,2051,528863
1514317500,65.970,65.990,65.970,65.990,973,539122
1514317560,66.020,66.020,66.020,66.020,970,539122
1514317620,66.000,66.000,66.000,66.000,970,539122
1514317680,65.980,65.980,65.980,65.980,970,539122
1514317740,65.980,65.980,65.980,65.980,970,539122
1514317800,65.960,65.960,65.960,65.960,784,543975
1514317860,66.010,66.010,66.010,66.010,783,543975
1514317920,66.000,66.000,66.000,66.000,783,543975
1514317980,65.990,66.040,65.990,66.040,783,543975
1514318040,66.020,66.020,66.020,66.020,783,543975
1514318100,66.030,66.010,66.010,66.030,1389,547891
1514318160,66.030,66.010,66.010,66.030,1386,547891
1514318220,65.970,65.980,65.970,65.980,1386,547891
1514318280,65.980,65.940,65.940,65.980,1386,547891
1514318340,65.970,65.970,65.970,65.970,1386,547891
1514318400,65.970,65.970,65.970,65.970,689,554824
1514318460,65.950,65.950,65.950,65.950,685,554824
1514318520,65.950,65.950,65.950,65.950,685,554824
1514318580,65.960,66.000,65.960,66.000,685,554824
1514318640,66.000,66.030,66.000,66.030,685,554824
1514318700,66.020,66.050,66.020,66.050,1490,558253
1514318760,66.100,66.100,66.100,66.100,1490,558253
1514318820,66.080,66.080,66.080,66.080,1490,558253
1514318880,66.060,66.090,66.060,66.090,1490,558253
1514318940,66.040,66.050,66.040,66.050,1490,558253
1514319000,66.040,66.050,66.040,66.050,1803,565703
1514319060,66.080,66.070,66.070,66.080,1800,565703
1514319120,65.970,65.990,65.970,65.990,1800,565703
1514319180,66.010,66.010,66.010,66.010,1800,565703
1514319240,66.010,66.010,66.010,66.010,1800,565703
1514319300,66.040,66.010,65.990,66.040,774,574706
1514319360,66.020,66.040,66.020,66.040,771,574706
1514319420,66.020,66.040,66.020,66.040,771,574706
1514319480,66.050,66.080,66.050,66.080,771,574706
1514319540,66.050,66.030,66.030,66.050,771,574706
1514319600,66.030,66.030,66.030,66.030,1121,578564
1514319660,66.020,66.020,66.020,66.020,1120,578564
1514319720,66.050,66.080,66.050,66.080,1120,578564
1514319780,66.070,66.070,66.070,66.070,1120,578564
1514319840,66.050,66.030,66.020,66.050,1120,578564
1514319900,66.040,66.040,66.040,66.040,938,584165
1514319960,66.040,66.040,66.040,66.040,936,584165
1514320020,66.060,66.060,66.060,66.060,936,584165
1514320080,66.060,66.070,66.060,66.070,936,584165
1514320140,66.020,66.020,66.020,66.020,936,584165
1514320200,66.040,66.040,66.040,66.040,1615,588847
1514320260,66.030,66.030,66.030,66.030,1611,588847
1514320320,66.040,66.030,66.030,66.040,1611,588847
1514320380,66.020,66.020,66.020,66.020,1611,588847
1514320440,65.990,65.990,65.990,65.990,1611,588847
1514320500,65.990,65.990,65.990,65.990,1651,596906
1514320560,65.980,66.010,65.980,66.010,1651,596906
1514320620,65.980,66.010,65.980,66.010,1651,596906
1514320680,66.020,66.060,66.020,66.060,1651,596906
1514320740,66.070,66.060,66.060,66.070,1651,596906
1514320800,66.020,65.990,65.970,66.020,2927,605161
1514320860,66.000,66.020,66.000,66.020,2926,605161
1514320920,66.010,66.040,66.010,66.040,2926,605161
1514320980,66.060,66.070,66.060,66.070,2926,605161
1514321040,66.060,66.070,66.060,66.070,2926,605161
1514321100,66.040,66.080,66.040,66.080,3869,619792
1514321160,66.080,66.080,66.080,66.080,3865,619792
1514321220,66.110,66.110,66.110,66.110,3865,619792
1514321280,66.110,66.100,66.090,66.110,3865,619792
1514321340,66.090,66.080,66.080,66.090,3865,619792
1514321400,66.040,66.030,66.030,66.040,4017,639121
1514321460,66.030,66.030,66.030,66.030,4014,639121
1514321520,66.030,66.000,66.000,66.030,4014,639121
1514321580,65.960,65.980,65.960,65.980,4014,639121
1514321640,65.970,65.960,65.960,65.970,4014,639121
1514321700,65.970,65.980,65.970,65.980,14764,659194
1514321760,65.980,65.990,65.980,65.990,14760,659194
1514321820,65.990,66.020,65.980,66.020,14760,659194
1514321880,65.990,66.040,65.990,66.040,14760,659194
1514321940,66.040,66.050,66.030,66.080,14760,659194
1514385060,66.050,65.600,65.600,66.050,0,0
1514385120,65.620,65.750,65.620,65.750,0,0
1514385180,65.750,65.750,65.750,65.750,0,0
1514385240,65.750,65.940,65.750,65.940,0,0
1514385300,65.770,65.600,65.600,65.830,1383,11545
1514385360,65.600,65.780,65.600,65.780,1382,11545
1514385420,65.600,65.780,65.600,65.780,1382,11545
1514385480,65.880,65.780,65.780,65.880,1382,11545
1514385540,65.780,65.850,65.780,65.850,1382,11545
1514385600,65.790,65.790,65.790,65.790,797,18456
1514385660,65.790,65.800,65.790,65.800,797,18456
1514385720,65.860,65.810,65.810,65.860,797,18456
1514385780,65.810,65.870,65.810,65.870,797,18456
1514385840,65.810,65.870,65.810,65.870,797,18456
1514385900,65.950,65.940,65.940,65.950,1997,22441
1514385960,66.010,66.050,66.010,66.080,1997,22441
1514386020,66.060,66.030,66.030,66.060,1997,22441
1514386080,65.910,65.910,65.910,65.910,1997,22441
1514386140,65.910,65.830,65.720,65.910,1997,22441
1514386200,66.000,66.000,66.000,66.000,1282,32426
1514386260,65.960,65.930,65.930,65.960,1279,32426
1514386320,65.920,65.920,65.920,65.920,1279,32426
1514386380,66.070,66.090,66.070,66.110,1279,32426
1514386440,66.090,66.090,66.090,66.090,1279,32426
1514386500,65.930,66.080,65.930,66.080,765,38824
1514386560,66.100,66.100,66.100,66.100,763,38824
1514386620,66.050,66.000,66.000,66.050,763,38824
1514386680,66.050,66.000,66.000,66.050,763,38824
1514386740,65.990,65.990,65.990,65.990,763,38824
1514386800,65.960,66.130,65.940,66.180,2169,42641
1514386860,66.160,66.200,66.160,66.220,2169,42641
1514386920,66.200,66.200,66.200,66.200,2169,42641
1514386980,66.190,66.170,66.140,66.190,2169,42641
1514387040,66.190,66.170,66.140,66.190,2169,42641
1514387100,66.170,66.230,66.170,66.230,896,53486
1514387160,66.190,66.180,66.180,66.190,894,53486
1514387220,66.140,66.140,66.140,66.140,894,53486
1514387280,66.140,66.130,66.110,66.140,894,53486
1514387340,66.130,66.120,66.120,66.130,894,53486
1514387400,66.120,66.120,66.120,66.120,363,57958
1514387460,66.120,66.120,66.120,66.120,362,57958
1514387520,66.120,66.120,66.120,66.120,362,57958
1514387580,66.030,66.080,66.030,66.080,362,57958
1514387640,66.070,66.030,66.030,66.070,362,57958
1514387700,66.030,66.050,66.030,66.050,1261,59769
1514387760,66.030,65.930,65.930,66.030,1257,59769
1514387820,65.860,65.960,65.860,65.960,1257,59769
1514387880,65.960,65.960,65.960,65.960,1257,59769
1514387940,65.970,66.050,65.970,66.050,1257,59769
1514388000,65.980,66.040,65.980,66.040,1703,66058
1514388060,66.150,66.090,66.090,66.150,1701,66058
1514388120,66.110,66.210,66.110,66.210,1701,66058
1514388180,66.200,66.200,66.200,66.200,1701,66058
1514388240,66.190,66.160,66.160,66.190,1701,66058
1514388300,66.170,66.200,66.170,66.200,1220,74565
1514388360,66.230,66.180,66.180,66.230,1218,74565
1514388420,66.230,66.180,66.180,66.230,1218,74565
1514388480,66.230,66.180,66.180,66.230,1218,74565
1514388540,66.040,66.040,66.040,66.040,1218,74565
1514388600,66.060,66.130,66.060,66.130,1430,80657
1514388660,66.190,66.190,66.190,66.190,1428,80657
1514388720,66.200,66.200,66.200,66.200,1428,80657
1514388780,66.170,66.130,66.130,66.180,1428,80657
1514388840,66.140,66.140,66.140,66.140,1428,80657
1514388900,66.140,66.140,66.140,66.140,1735,87799
1514388960,66.170,66.210,66.150,66.210,1735,87799
1514389020,66.170,66.140,66.140,66.170,1735,87799
1514389080,66.170,66.140,66.140,66.170,1735,87799
1514389140,66.140,66.120,66.120,66.140,1735,87799
1514389200,66.160,66.140,66.140,66.160,1313,96474
1514389260,66.120,66.140,66.120,66.140,1310,96474
1514389320,66.130,66.130,66.130,66.130,1310,96474
1514389380,66.130,66.130,66.130,66.130,1310,96474
1514389440,66.130,66.170,66.130,66.170,1310,96474
1514389500,66.190,66.130,66.130,66.190,3106,103027
1514389560,66.130,66.140,66.130,66.150,3103,103027
1514389620,66.120,66.070,66.040,66.120,3103,103027
1514389680,66.070,66.070,66.070,66.070,3103,103027
1514389740,66.050,65.940,65.940,66.050,3103,103027
1514389800,65.980,65.970,65.970,65.980,1423,118545
1514389860,65.950,66.010,65.950,66.010,1421,118545
1514389920,65.980,65.990,65.980,66.020,1421,118545
1514389980,65.990,66.030,65.990,66.030,1421,118545
1514390040,66.000,65.970,65.970,66.000,1421,118545
1514390100,65.950,65.910,65.910,65.950,1901,125652
1514390160,65.940,66.000,65.940,66.000,1897,125652
1514390220,66.030,66.030,66.030,66.030,1897,125652
1514390280,66.030,66.020,66.020,66.030,1897,125652
1514390340,66.010,66.010,66.010,66.010,1897,125652
1514390400,66.060,65.980,65.980,66.060,2329,135141
1514390460,66.050,66.040,66.040,66.080,2326,135141
1514390520,66.020,66.020,66.020,66.020,2326,135141
1514390580,66.020,66.050,66.020,66.050,2326,135141
1514390640,66.020,66.020,66.020,66.020,2326,135141
1514390700,66.010,66.020,66.010,66.020,721,146774
1514390760,66.020,66.000,66.000,66.020,721,146774
1514390820,66.040,66.080,66.040,66.080,721,146774
1514390880,66.050,66.040,66.040,66.050,721,146774
1514390940,66.040,66.040,66.040,66.040,721,146774
1514391000,66.000,66.000,66.000,66.000,785,150379
1514391060,66.010,66.020,66.010,66.020,785,150379
1514391120,65.960,66.000,65.960,66.000,785,150379
1514391180,66.030,66.030,66.030,66.030,785,150379
1514391240,66.040,66.040,66.040,66.040,785,150379
1514391300,66.010,66.030,66.010,66.040,1346,154304
1514391360,66.010,66.010,66.010,66.010,1346,154304
1514391420,65.980,65.980,65.980,65.980,1346,154304
1514391480,65.950,65.990,65.950,65.990,1346,154304
1514391540,65.960,65.960,65.960,65.960,1346,154304
1514391600,65.960,66.010,65.960,66.010,707,161034
1514391660,65.980,66.020,65.980,66.020,706,161034
1514391720,66.030,66.080,66.030,66.080,706,161034
1514391780,66.040,66.070,66.040,66.070,706,161034
1514391840,66.160,66.110,66.110,66.160,706,161034
1514391900,66.110,66.150,66.110,66.150,2153,164565
1514391960,66.090,66.040,66.040,66.090,2150,164565
1514392020,66.010,66.010,66.010,66.010,2150,164565
1514392080,66.040,65.970,65.970,66.040,2150,164565
1514392140,65.970,65.970,65.970,65.970,2150,164565
1514392200,66.000,66.000,66.000,66.000,955,175318
1514392260,66.010,66.030,66.010,66.050,955,175318
1514392320,66.010,66.030,66.010,66.050,955,175318
1514392380,66.030,66.030,66.030,66.030,955,175318
1514392440,66.030,66.030,66.030,66.030,955,175318
1514392500,66.050,65.930,65.930,66.050,2894,180093
1514392560,66.010,66.010,66.010,66.010,2891,180093
1514392620,66.010,66.010,66.010,66.010,2891,180093
1514392680,66.030,65.980,65.980,66.030,2891,180093
1514392740,66.010,65.960,65.960,66.010,2891,180093
1514392800,66.000,66.000,66.000,66.000,1534,194551
1514392860,66.050,66.010,66.010,66.050,1530,194551
1514392920,66.010,65.990,65.980,66.010,1530,194551
1514392980,66.000,65.990,65.990,66.020,1530,194551
1514393040,65.970,65.980,65.970,65.980,1530,194551
1514393100,65.990,65.990,65.990,65.990,1246,202205
1514393160,65.970,66.010,65.970,66.010,1245,202205
1514393220,66.010,66.010,66.010,66.010,1245,202205
1514393280,66.000,66.000,66.000,66.000,1245,202205
1514393340,66.000,66.050,66.000,66.050,1245,202205
1514393400,66.080,66.110,66.080,66.110,3356,208431
1514393460,66.090,66.040,66.040,66.110,3353,208431
1514393520,66.060,66.040,66.040,66.060,3353,208431
1514393580,66.020,66.010,66.010,66.030,3353,208431
1514393640,66.000,66.040,66.000,66.040,3353,208431
1514393700,66.050,66.020,66.000,66.050,2332,225199
1514393760,66.000,66.000,66.000,66.000,2331,225199
1514393820,66.000,65.980,65.980,66.000,2331,225199
1514393880,66.000,66.000,66.000,66.000,2331,225199
1514393940,65.980,66.000,65.980,66.000,2331,225199
1514394000,66.020,66.040,66.000,66.040,4282,236855
1514394060,66.040,66.020,66.000,66.040,4280,236855
1514394120,66.020,66.010,66.000,66.030,4280,236855
1514394180,66.010,66.040,66.010,66.040,4280,236855
1514394240,66.020,66.090,66.020,66.090,4280,236855
1514394300,66.120,66.090,66.070,66.120,2244,258257
1514394360,66.110,66.170,66.110,66.170,2241,258257
1514394420,66.110,66.110,66.110,66.110,2241,258257
1514394480,66.220,66.210,66.210,66.220,2241,258257
1514394540,66.230,66.230,66.230,66.230,2241,258257
1514394600,66.230,66.250,66.230,66.250,872,269465
1514394660,66.230,66.240,66.230,66.240,869,269465
1514394720,66.230,66.220,66.210,66.230,869,269465
1514394780,66.210,66.240,66.210,66.240,869,269465
1514394840,66.210,66.190,66.190,66.210,869,269465
1514394900,66.190,66.150,66.150,66.190,1710,273813
1514394960,66.130,66.110,66.100,66.140,1708,273813
1514395020,66.090,66.080,66.080,66.090,1708,273813
1514395080,66.080,66.150,66.080,66.150,1708,273813
1514395140,66.120,66.090,66.090,66.120,1708,273813
1514395200,66.090,66.090,66.090,66.090,6247,282355
1514395260,66.110,66.110,66.110,66.110,6247,282355
1514395320,66.120,66.080,66.070,66.120,6247,282355
1514395380,66.060,66.080,66.060,66.080,6247,282355
1514395440,66.030,66.030,66.030,66.030,6247,282355
1514395500,66.000,66.000,66.000,66.000,1065,313590
1514395560,65.990,66.010,65.990,66.010,1065,313590
1514395620,66.000,65.920,65.920,66.000,1065,313590
1514395680,65.920,65.920,65.920,65.920,1065,313590
1514395740,65.920,65.950,65.920,65.950,1065,313590
1514395800,65.900,65.900,65.900,65.900,1322,318915
1514395860,65.910,65.910,65.910,65.910,1319,318915
1514395920,65.930,65.930,65.930,65.930,1319,318915
1514395980,65.900,65.860,65.860,65.900,1319,318915
1514396040,65.850,65.850,65.850,65.850,1319,318915
1514396100,65.840,65.840,65.840,65.840,852,325513
1514396160,65.840,65.850,65.840,65.890,851,325513
1514396220,65.860,65.860,65.860,65.860,851,325513
1514396280,65.940,65.920,65.920,65.940,851,325513
1514396340,65.890,65.880,65.880,65.890,851,325513
1514396400,65.890,65.890,65.890,65.890,1084,329769
1514396460,65.870,65.880,65.870,65.880,1084,329769
1514396520,65.870,65.880,65.870,65.880,1084,329769
1514396580,65.880,65.880,65.880,65.880,1084,329769
1514396640,65.840,65.840,65.840,65.840,1084,329769
1514396700,65.870,65.880,65.870,65.880,1200,335189
1514396760,65.870,65.870,65.870,65.870,1198,335189
1514396820,65.830,65.830,65.830,65.830,1198,335189
1514396880,65.830,65.830,65.830,65.830,1198,335189
1514396940,65.830,65.830,65.830,65.830,1198,335189
1514397000,65.820,65.820,65.820,65.820,783,341181
1514397060,65.820,65.820,65.820,65.820,782,341181
1514397120,65.850,65.830,65.830,65.900,782,341181
1514397180,65.790,65.810,65.790,65.810,782,341181
1514397240,65.810,65.810,65.810,65.810,782,341181
1514397300,65.820,65.820,65.820,65.820,1400,345092
1514397360,65.810,65.830,65.810,65.840,1398,345092
1514397420,65.810,65.800,65.800,65.810,1398,345092
1514397480,65.790,65.790,65.790,65.790,1398,345092
1514397540,65.790,65.790,65.790,65.790,1398,345092
1514397600,65.790,65.790,65.790,65.790,645,352084
1514397660,65.790,65.770,65.770,65.790,644,352084
1514397720,65.780,65.760,65.730,65.780,644,352084
1514397780,65.780,65.780,65.780,65.780,644,352084
1514397840,65.780,65.780,65.780,65.780,644,352084
1514397900,65.820,65.830,65.820,65.830,1123,355305
1514397960,65.790,65.790,65.790,65.790,1119,355305
1514398020,65.830,65.780,65.780,65.830,1119,355305
1514398080,65.810,65.810,65.810,65.810,1119,355305
1514398140,65.790,65.810,65.790,65.810,1119,355305
1514398200,65.820,65.820,65.820,65.820,501,360904
1514398260,65.830,65.830,65.830,65.830,501,360904
1514398320,65.800,65.800,65.800,65.800,501,360904
1514398380,65.780,65.780,65.780,65.780,501,360904
1514398440,65.730,65.730,65.730,65.730,501,360904
1514398500,65.770,65.750,65.750,65.770,856,363409
1514398560,65.750,65.750,65.750,65.750,856,363409
1514398620,65.750,65.730,65.730,65.750,856,363409
1514398680,65.700,65.700,65.700,65.700,856,363409
1514398740,65.770,65.790,65.770,65.790,856,363409
1514398800,65.770,65.740,65.740,65.780,1600,367689
1514398860,65.750,65.740,65.740,65.750,1597,367689
1514398920,65.720,65.700,65.700,65.720,1597,367689
1514398980,65.750,65.790,65.740,65.790,1597,367689
1514399040,65.810,65.800,65.800,65.810,1597,367689
1514399100,65.820,65.820,65.820,65.820,404,375677
1514399160,65.780,65.780,65.780,65.780,404,375677
1514399220,65.830,65.780,65.780,65.830,404,375677
1514399280,65.770,65.740,65.740,65.800,404,375677
1514399340,65.730,65.800,65.730,65.800,404,375677
1514399400,65.780,65.780,65.780,65.780,677,377697
1514399460,65.840,65.790,65.790,65.840,674,377697
1514399520,65.790,65.840,65.790,65.840,674,377697
1514399580,65.790,65.820,65.790,65.830,674,377697
1514399640,65.830,65.830,65.830,65.830,674,377697
1514399700,65.840,65.860,65.820,65.860,803,381070
1514399760,65.840,65.860,65.820,65.860,801,381070
1514399820,65.820,65.820,65.820,65.820,801,381070
1514399880,65.860,65.830,65.830,65.860,801,381070
1514399940,65.840,65.840,65.840,65.840,801,381070
1514400000,65.840,65.870,65.840,65.870,538,385077
1514400060,65.900,65.850,65.850,65.900,535,385077
1514400120,65.890,65.890,65.890,65.890,535,385077
1514400180,65.860,65.860,65.860,65.860,535,385077
1514400240,65.900,65.900,65.900,65.900,535,385077
1514400300,65.850,65.840,65.840,65.860,937,387755
1514400360,65.820,65.820,65.820,65.820,934,387755
1514400420,65.780,65.780,65.780,65.780,934,387755
1514400480,65.780,65.780,65.780,65.780,934,387755
1514400540,65.810,65.810,65.810,65.810,934,387755
1514400600,65.810,65.810,65.810,65.810,961,392428
1514400660,65.820,65.850,65.820,65.850,957,392428
1514400720,65.820,65.850,65.820,65.850,957,392428
1514400780,65.820,65.860,65.820,65.860,957,392428
1514400840,65.840,65.800,65.800,65.840,957,392428
1514400900,65.800,65.830,65.800,65.830,845,397217
1514400960,65.910,65.910,65.910,65.910,842,397217
1514401020,65.890,65.890,65.890,65.890,842,397217
1514401080,65.920,65.920,65.920,65.920,842,397217
1514401140,65.950,65.980,65.950,65.980,842,397217
1514401200,65.990,66.010,65.990,66.010,921,401430
1514401260,66.010,66.020,66.010,66.020,919,401430
1514401320,65.970,65.970,65.970,65.970,919,401430
1514401380,65.990,65.990,65.990,65.990,919,401430
1514401440,66.030,66.030,66.030,66.030,919,401430
1514401500,66.080,66.080,66.080,66.080,715,406027
1514401560,66.110,66.110,66.110,66.110,714,406027
1514401620,66.090,66.100,66.090,66.110,714,406027
1514401680,66.070,66.110,66.070,66.110,714,406027
1514401740,66.070,66.110,66.070,66.110,714,406027
1514401800,66.060,66.110,66.060,66.110,1295,409598
1514401860,66.080,66.110,66.080,66.110,1295,409598
1514401920,66.160,66.180,66.160,66.180,1295,409598
1514401980,66.150,66.100,66.100,66.150,1295,409598
1514402040,66.070,66.110,66.070,66.110,1295,409598
1514402100,66.140,66.160,66.130,66.160,1644,416073
1514402160,66.160,66.170,66.160,66.170,1640,416073
1514402220,66.190,66.190,66.190,66.190,1640,416073
1514402280,66.180,66.190,66.180,66.190,1640,416073
1514402340,66.180,66.190,66.180,66.190,1640,416073
1514402400,66.130,66.120,66.090,66.130,1948,424277
1514402460,66.090,66.120,66.090,66.120,1945,424277
1514402520,66.110,66.120,66.110,66.120,1945,424277
1514402580,66.120,66.120,66.120,66.120,1945,424277
1514402640,66.120,66.100,66.100,66.120,1945,424277
1514402700,66.100,66.110,66.100,66.110,2818,434005
1514402760,66.100,66.110,66.100,66.110,2817,434005
1514402820,66.110,66.100,66.100,66.110,2817,434005
1514402880,66.140,66.200,66.140,66.200,2817,434005
1514402940,66.200,66.290,66.200,66.290,2817,434005
1514403000,66.290,66.170,66.170,66.290,1461,448091
1514403060,66.180,66.190,66.180,66.190,1459,448091
1514403120,66.190,66.170,66.170,66.190,1459,448091
1514403180,66.230,66.220,66.220,66.230,1459,448091
1514403240,66.220,66.170,66.170,66.220,1459,448091
1514403300,66.140,66.130,66.130,66.140,982,455388
1514403360,66.150,66.160,66.150,66.160,978,455388
1514403420,66.150,66.160,66.150,66.160,978,455388
1514403480,66.150,66.170,66.150,66.170,978,455388
1514403540,66.190,66.170,66.150,66.190,978,455388
1514403600,66.170,66.170,66.170,66.170,737,460282
1514403660,66.160,66.140,66.140,66.160,733,460282
1514403720,66.170,66.170,66.170,66.170,733,460282
1514403780,66.200,66.160,66.160,66.200,733,460282
1514403840,66.170,66.170,66.170,66.170,733,460282
1514403900,66.160,66.170,66.150,66.170,1137,463951
1514403960,66.170,66.150,66.150,66.170,1134,463951
1514404020,66.210,66.210,66.210,66.210,1134,463951
1514404080,66.180,66.210,66.180,66.210,1134,463951
1514404140,66.220,66.210,66.210,66.220,1134,463951
1514404200,66.190,66.190,66.190,66.190,887,469624
1514404260,66.170,66.210,66.170,66.210,883,469624
1514404320,66.180,66.210,66.180,66.210,883,469624
1514404380,66.190,66.180,66.180,66.190,883,469624
1514404440,66.190,66.190,66.190,66.190,883,469624
1514404500,66.210,66.190,66.190,66.210,1125,474043
1514404560,66.190,66.210,66.190,66.210,1122,474043
1514404620,66.220,66.230,66.220,66.250,1122,474043
1514404680,66.250,66.250,66.250,66.250,1122,474043
1514404740,66.220,66.200,66.200,66.220,1122,474043
1514404800,66.230,66.250,66.230,66.250,656,479656
1514404860,66.250,66.260,66.250,66.260,655,479656
1514404920,66.270,66.250,66.250,66.270,655,479656
1514404980,66.280,66.290,66.280,66.290,655,479656
1514405040,66.280,66.290,66.280,66.290,655,479656
1514405100,66.250,66.260,66.250,66.260,2243,482932
1514405160,66.240,66.240,66.240,66.240,2241,482932
1514405220,66.230,66.240,66.230,66.240,2241,482932
1514405280,66.250,66.280,66.250,66.280,2241,482932
1514405340,66.280,66.280,66.280,66.280,2241,482932
1514405400,66.280,66.260,66.260,66.280,1319,494139
1514405460,66.260,66.280,66.260,66.280,1318,494139
1514405520,66.270,66.270,66.270,66.270,1318,494139
1514405580,66.260,66.280,66.260,66.280,1318,494139
1514405640,66.270,66.260,66.260,66.270,1318,494139
1514405700,66.240,66.280,66.240,66.280,1959,500730
1514405760,66.250,66.240,66.240,66.250,1956,500730
1514405820,66.250,66.240,66.240,66.250,1956,500730
1514405880,66.260,66.220,66.220,66.260,1956,500730
1514405940,66.250,66.220,66.220,66.250,1956,500730
1514406000,66.230,66.240,66.230,66.240,1299,510513
1514406060,66.240,66.240,66.240,66.240,1298,510513
1514406120,66.240,66.250,66.240,66.250,1298,510513
1514406180,66.240,66.250,66.240,66.250,1298,510513
1514406240,66.300,66.280,66.280,66.300,1298,510513
1514406300,66.290,66.290,66.290,66.290,1496,517004
1514406360,66.290,66.290,66.290,66.290,1493,517004
1514406420,66.310,66.310,66.310,66.310,1493,517004
1514406480,66.310,66.300,66.290,66.310,1493,517004
1514406540,66.300,66.280,66.280,66.300,1493,517004
1514406600,66.250,66.290,66.250,66.290,2250,524472
1514406660,66.290,66.290,66.290,66.290,2246,524472
1514406720,66.300,66.290,66.290,66.300,2246,524472
1514406780,66.300,66.290,66.290,66.300,2246,524472
1514406840,66.260,66.250,66.250,66.260,2246,524472
1514406900,66.250,66.210,66.210,66.250,2393,535706
1514406960,66.190,66.190,66.190,66.190,2393,535706
1514407020,66.200,66.170,66.170,66.200,2393,535706
1514407080,66.180,66.180,66.180,66.180,2393,535706
1514407140,66.180,66.170,66.170,66.180,2393,535706
1514407200,66.160,66.200,66.160,66.200,4459,547671
1514407260,66.200,66.210,66.200,66.210,4457,547671
1514407320,66.210,66.220,66.200,66.220,4457,547671
1514407380,66.240,66.230,66.230,66.240,4457,547671
1514407440,66.240,66.250,66.230,66.250,4457,547671
1514407500,66.230,66.240,66.230,66.240,4722,569958
1514407560,66.250,66.220,66.220,66.250,4722,569958
1514407620,66.190,66.180,66.180,66.190,4722,569958
1514407680,66.190,66.200,66.190,66.200,4722,569958
1514407740,66.220,66.230,66.220,66.240,4722,569958
1514407800,66.250,66.240,66.220,66.250,4670,593568
1514407860,66.250,66.240,66.240,66.250,4669,593568
1514407920,66.290,66.280,66.270,66.290,4669,593568
1514407980,66.280,66.280,66.280,66.280,4669,593568
1514408040,66.280,66.280,66.280,66.280,4669,593568
1514408100,66.270,66.260,66.250,66.280,10659,616914
1514408160,66.270,66.260,66.260,66.270,10658,616914
1514408220,66.270,66.280,66.270,66.280,10658,616914
1514408280,66.260,66.250,66.220,66.260,10658,616914
1514408340,66.250,66.280,66.230,66.280,10658,616914
1514471400,66.750,66.480,66.480,66.750,2759,0
1514471460,66.750,66.480,66.480,66.750,2755,0
1514471520,66.750,66.480,66.480,66.750,2755,0
1514471580,66.560,66.430,66.430,66.570,2755,0
1514471640,66.560,66.430,66.430,66.570,2755,0
1514471700,66.270,66.270,66.270,66.270,631,13779
1514471760,66.270,66.270,66.270,66.270,628,13779
1514471820,66.270,66.270,66.270,66.270,628,13779
1514471880,66.410,66.410,66.410,66.410,628,13779
1514471940,66.410,66.410,66.410,66.410,628,13779
1514472000,66.410,66.410,66.410,66.410,1035,16922
1514472060,66.340,66.340,66.340,66.340,1031,16922
1514472120,66.140,66.140,66.140,66.140,1031,16922
1514472180,66.280,66.240,66.240,66.280,1031,16922
1514472240,66.280,66.240,66.240,66.280,1031,16922
1514472300,66.270,66.270,66.270,66.270,980,22081
1514472360,66.300,66.300,66.300,66.300,976,22081
1514472420,66.200,66.200,66.200,66.200,976,22081
1514472480,66.200,66.200,66.200,66.200,976,22081
1514472540,66.180,66.180,66.180,66.180,976,22081
1514472600,66.180,66.180,66.180,66.180,352,26965
1514472660,66.240,66.240,66.240,66.240,352,26965
1514472720,66.260,66.260,66.260,66.260,352,26965
1514472780,66.290,66.290,66.290,66.290,352,26965
1514472840,66.270,66.290,66.270,66.290,352,26965
1514472900,66.280,66.280,66.280,66.280,900,28725
1514472960,66.320,66.290,66.290,66.320,899,28725
1514473020,66.400,66.400,66.400,66.400,899,28725
1514473080,66.400,66.300,66.300,66.400,899,28725
1514473140,66.400,66.300,66.300,66.400,899,28725
1514473200,66.400,66.300,66.300,66.400,527,33221
1514473260,66.250,66.250,66.250,66.250,526,33221
1514473320,66.270,66.270,66.270,66.270,526,33221
1514473380,66.320,66.320,66.320,66.320,526,33221
1514473440,66.310,66.310,66.310,66.310,526,33221
1514473500,66.290,66.320,66.290,66.350,841,35852
1514473560,66.320,66.370,66.320,66.370,839,35852
1514473620,66.400,66.400,66.400,66.400,839,35852
1514473680,66.360,66.360,66.360,66.360,839,35852
1514473740,66.410,66.410,66.410,66.410,839,35852
1514473800,66.410,66.410,66.410,66.410,241,40049
1514473860,66.420,66.410,66.410,66.420,237,40049
1514473920,66.420,66.410,66.410,66.420,237,40049
1514473980,66.410,66.410,66.410,66.410,237,40049
1514474040,66.410,66.430,66.410,66.430,237,40049
1514474100,66.410,66.400,66.350,66.430,1658,41238
1514474160,66.410,66.400,66.350,66.430,1656,41238
1514474220,66.360,66.400,66.360,66.400,1656,41238
1514474280,66.400,66.400,66.400,66.400,1656,41238
1514474340,66.400,66.400,66.400,66.400,1656,41238
1514474400,66.350,66.350,66.350,66.350,277,49520
1514474460,66.300,66.300,66.300,66.300,274,49520
1514474520,66.300,66.310,66.300,66.310,274,49520
1514474580,66.310,66.310,66.310,66.310,274,49520
1514474640,66.310,66.310,66.310,66.310,274,49520
1514474700,66.300,66.300,66.300,66.300,759,50893
1514474760,66.260,66.280,66.260,66.280,756,50893
1514474820,66.300,66.290,66.290,66.300,756,50893
1514474880,66.350,66.350,66.350,66.350,756,50893
1514474940,66.400,66.360,66.360,66.400,756,50893
1514475000,66.400,66.360,66.360,66.400,544,54676
1514475060,66.400,66.360,66.360,66.400,543,54676
1514475120,66.400,66.360,66.360,66.400,543,54676
1514475180,66.380,66.400,66.380,66.400,543,54676
1514475240,66.380,66.380,66.380,66.380,543,54676
1514475300,66.420,66.420,66.420,66.420,84,57392
1514475360,66.420,66.420,66.420,66.420,80,57392
1514475420,66.420,66.420,66.420,66.420,80,57392
1514475480,66.420,66.420,66.420,66.420,80,57392
1514475540,66.420,66.420,66.420,66.420,80,57392
1514475600,66.420,66.420,66.420,66.420,424,57796
1514475660,66.400,66.400,66.400,66.400,423,57796
1514475720,66.390,66.390,66.390,66.390,423,57796
1514475780,66.420,66.420,66.420,66.420,423,57796
1514475840,66.420,66.420,66.420,66.420,423,57796
1514475900,66.420,66.430,66.420,66.430,1037,59912
1514475960,66.410,66.390,66.390,66.410,1033,59912
1514476020,66.400,66.400,66.400,66.400,1033,59912
1514476080,66.420,66.420,66.420,66.420,1033,59912
1514476140,66.420,66.420,66.420,66.420,1033,59912
1514476200,66.420,66.420,66.420,66.420,1243,65081
1514476260,66.450,66.450,66.450,66.450,1239,65081
1514476320,66.450,66.460,66.440,66.460,1239,65081
1514476380,66.460,66.470,66.460,66.470,1239,65081
1514476440,66.420,66.420,66.420,66.420,1239,65081
1514476500,66.420,66.420,66.420,66.420,337,71280
1514476560,66.420,66.420,66.420,66.420,334,71280
1514476620,66.360,66.360,66.360,66.360,334,71280
1514476680,66.360,66.360,66.360,66.360,334,71280
1514476740,66.320,66.320,66.320,66.320,334,71280
1514476800,66.340,66.340,66.340,66.340,683,72953
1514476860,66.350,66.350,66.350,66.350,679,72953
1514476920,66.350,66.350,66.350,66.350,679,72953
1514476980,66.350,66.350,66.350,66.350,679,72953
1514477040,66.330,66.330,66.330,66.330,679,72953
1514477100,66.310,66.310,66.310,66.310,766,76352
1514477160,66.310,66.310,66.310,66.310,762,76352
1514477220,66.310,66.310,66.310,66.310,762,76352
1514477280,66.310,66.310,66.310,66.310,762,76352
1514477340,66.380,66.400,66.380,66.400,762,76352
1514477400,66.340,66.300,66.270,66.340,1296,80166
1514477460,66.290,66.300,66.290,66.300,1296,80166
1514477520,66.290,66.300,66.290,66.300,1296,80166
1514477580,66.290,66.300,66.290,66.300,1296,80166
1514477640,66.290,66.300,66.290,66.300,1296,80166
1514477700,66.300,66.330,66.300,66.330,1365,86646
1514477760,66.300,66.330,66.300,66.330,1361,86646
1514477820,66.320,66.310,66.300,66.360,1361,86646
1514477880,66.310,66.330,66.310,66.330,1361,86646
1514477940,66.310,66.310,66.310,66.310,1361,86646
1514478000,66.310,66.310,66.310,66.310,501,93455
1514478060,66.350,66.350,66.350,66.350,501,93455
1514478120,66.420,66.420,66.420,66.420,501,93455
1514478180,66.450,66.450,66.450,66.450,501,93455
1514478240,66.450,66.450,66.450,66.450,501,93455
1514478300,66.450,66.450,66.450,66.450,1210,95960
1514478360,66.440,66.440,66.440,66.440,1207,95960
1514478420,66.420,66.450,66.420,66.450,1207,95960
1514478480,66.420,66.390,66.390,66.420,1207,95960
1514478540,66.370,66.370,66.370,66.370,1207,95960
1514478600,66.370,66.370,66.370,66.370,493,101998
1514478660,66.370,66.370,66.370,66.370,489,101998
1514478720,66.370,66.370,66.370,66.370,489,101998
1514478780,66.400,66.450,66.400,66.450,489,101998
1514478840,66.400,66.400,66.400,66.400,489,101998
1514478900,66.430,66.430,66.430,66.430,391,104447
1514478960,66.430,66.430,66.430,66.430,391,104447
1514479020,66.420,66.420,66.420,66.420,391,104447
1514479080,66.410,66.400,66.400,66.410,391,104447
1514479140,66.410,66.400,66.400,66.410,391,104447
1514479200,66.400,66.380,66.380,66.400,1226,106402
1514479260,66.400,66.380,66.380,66.400,1222,106402
1514479320,66.440,66.440,66.440,66.440,1222,106402
1514479380,66.440,66.400,66.390,66.440,1222,106402
1514479440,66.410,66.410,66.410,66.410,1222,106402
1514479500,66.420,66.420,66.420,66.420,291,112516
1514479560,66.420,66.420,66.420,66.420,291,112516
1514479620,66.440,66.440,66.440,66.440,291,112516
1514479680,66.440,66.440,66.440,66.440,291,112516
1514479740,66.440,66.440,66.440,66.440,291,112516
1514479800,66.430,66.430,66.430,66.430,449,113971
1514479860,66.480,66.480,66.480,66.480,448,113971
1514479920,66.480,66.480,66.480,66.480,448,113971
1514479980,66.480,66.480,66.480,66.480,448,113971
1514480040,66.480,66.480,66.480,66.480,448,113971
1514480100,66.490,66.470,66.470,66.490,858,116212
1514480160,66.450,66.450,66.450,66.450,856,116212
1514480220,66.450,66.450,66.450,66.450,856,116212
1514480280,66.470,66.470,66.470,66.470,856,116212
1514480340,66.480,66.480,66.480,66.480,856,116212
1514480400,66.480,66.480,66.480,66.480,2945,120494
1514480460,66.470,66.470,66.470,66.470,2941,120494
1514480520,66.450,66.400,66.400,66.450,2941,120494
1514480580,66.390,66.390,66.390,66.390,2941,120494
1514480640,66.390,66.390,66.390,66.390,2941,120494
1514480700,66.380,66.420,66.380,66.420,585,135203
1514480760,66.400,66.400,66.400,66.400,583,135203
1514480820,66.410,66.410,66.410,66.410,583,135203
1514480880,66.410,66.410,66.410,66.410,583,135203
1514480940,66.410,66.410,66.410,66.410,583,135203
1514481000,66.420,66.420,66.420,66.420,85,138120
1514481060,66.420,66.420,66.420,66.420,82,138120
1514481120,66.420,66.420,66.420,66.420,82,138120
1514481180,66.420,66.420,66.420,66.420,82,138120
1514481240,66.420,66.420,66.420,66.420,82,138120
1514481300,66.410,66.410,66.410,66.410,797,138533
1514481360,66.410,66.410,66.410,66.410,795,138533
1514481420,66.410,66.410,66.410,66.410,795,138533
1514481480,66.410,66.420,66.400,66.420,795,138533
1514481540,66.420,66.420,66.420,66.420,795,138533
1514481600,66.420,66.420,66.420,66.420,795,138533
1514481660,66.420,66.420,66.420,66.420,795,138533
1514481720,66.420,66.420,66.420,66.420,795,138533
1514481780,66.420,66.420,66.420,66.420,795,138533
1514481840,66.420,66.420,66.420,66.420,795,138533
1514481900,66.420,66.420,66.420,66.420,982,142510
1514481960,66.400,66.420,66.400,66.420,982,142510
1514482020,66.400,66.420,66.400,66.420,982,142510
1514482080,66.400,66.420,66.400,66.420,982,142510
1514482140,66.400,66.420,66.400,66.420,982,142510
1514482200,66.400,66.420,66.400,66.420,154,147420
1514482260,66.420,66.430,66.420,66.430,152,147420
1514482320,66.420,66.420,66.420,66.420,152,147420
1514482380,66.420,66.420,66.420,66.420,152,147420
1514482440,66.420,66.420,66.420,66.420,152,147420
1514482500,66.420,66.420,66.420,66.420,1072,148182
1514482560,66.420,66.420,66.420,66.420,1072,148182
1514482620,66.420,66.420,66.420,66.420,1072,148182
1514482680,66.410,66.410,66.410,66.410,1072,148182
1514482740,66.380,66.380,66.380,66.380,1072,148182
1514482800,66.380,66.380,66.380,66.380,468,153542
1514482860,66.400,66.400,66.400,66.400,468,153542
1514482920,66.400,66.400,66.400,66.400,468,153542
1514482980,66.400,66.400,66.400,66.400,468,153542
1514483040,66.430,66.410,66.410,66.430,468,153542
1514483100,66.410,66.390,66.390,66.410,571,155882
1514483160,66.400,66.400,66.400,66.400,571,155882
1514483220,66.400,66.400,66.400,66.400,571,155882
1514483280,66.400,66.400,66.400,66.400,571,155882
1514483340,66.360,66.360,66.360,66.360,571,155882
1514483400,66.360,66.360,66.360,66.360,116,158737
1514483460,66.360,66.360,66.360,66.360,113,158737
1514483520,66.360,66.360,66.360,66.360,113,158737
1514483580,66.330,66.330,66.330,66.330,113,158737
1514483640,66.300,66.300,66.300,66.300,113,158737
1514483700,66.300,66.300,66.300,66.300,316,159305
1514483760,66.300,66.300,66.300,66.300,312,159305
1514483820,66.330,66.350,66.330,66.350,312,159305
1514483880,66.330,66.350,66.330,66.350,312,159305
1514483940,66.330,66.350,66.330,66.350,312,159305
1514484000,66.340,66.340,66.340,66.340,577,160869
1514484060,66.360,66.360,66.360,66.360,573,160869
1514484120,66.360,66.360,66.360,66.360,573,160869
1514484180,66.380,66.380,66.380,66.380,573,160869
1514484240,66.380,66.380,66.380,66.380,573,160869
1514484300,66.380,66.360,66.360,66.380,565,163738
1514484360,66.370,66.380,66.370,66.380,564,163738
1514484420,66.360,66.360,66.360,66.360,564,163738
1514484480,66.380,66.380,66.380,66.380,564,163738
1514484540,66.360,66.360,66.360,66.360,564,163738
1514484600,66.360,66.360,66.360,66.360,895,166559
1514484660,66.330,66.340,66.320,66.340,894,166559
1514484720,66.330,66.320,66.320,66.330,894,166559
1514484780,66.330,66.300,66.300,66.330,894,166559
1514484840,66.330,66.300,66.300,66.330,894,166559
1514484900,66.300,66.330,66.300,66.330,292,171030
1514484960,66.330,66.330,66.330,66.330,289,171030
1514485020,66.310,66.310,66.310,66.310,289,171030
1514485080,66.310,66.310,66.310,66.310,289,171030
1514485140,66.320,66.320,66.320,66.320,289,171030
1514485200,66.320,66.320,66.320,66.320,999,172478
1514485260,66.320,66.320,66.320,66.320,997,172478
1514485320,66.330,66.340,66.330,66.340,997,172478
1514485380,66.360,66.370,66.360,66.380,997,172478
1514485440,66.360,66.320,66.320,66.360,997,172478
1514485500,66.320,66.320,66.320,66.320,204,177465
1514485560,66.320,66.320,66.320,66.320,203,177465
1514485620,66.320,66.320,66.320,66.320,203,177465
1514485680,66.320,66.320,66.320,66.320,203,177465
1514485740,66.340,66.340,66.340,66.340,203,177465
1514485800,66.340,66.340,66.340,66.340,130,178481
1514485860,66.340,66.340,66.340,66.340,127,178481
1514485920,66.340,66.340,66.340,66.340,127,178481
1514485980,66.340,66.340,66.340,66.340,127,178481
1514486040,66.330,66.330,66.330,66.330,127,178481
1514486100,66.330,66.330,66.330,66.330,887,179119
1514486160,66.330,66.330,66.330,66.330,885,179119
1514486220,66.340,66.340,66.340,66.340,885,179119
1514486280,66.360,66.360,66.360,66.360,885,179119
1514486340,66.360,66.360,66.360,66.360,885,179119
1514486400,66.360,66.360,66.360,66.360,357,183546
1514486460,66.360,66.360,66.360,66.360,355,183546
1514486520,66.360,66.360,66.360,66.360,355,183546
1514486580,66.360,66.360,66.360,66.360,355,183546
1514486640,66.360,66.360,66.360,66.360,355,183546
1514486700,66.360,66.360,66.360,66.360,111,185323
1514486760,66.370,66.370,66.370,66.370,111,185323
1514486820,66.370,66.370,66.370,66.370,111,185323
1514486880,66.380,66.360,66.360,66.380,111,185323
1514486940,66.380,66.360,66.360,66.380,111,185323
1514487000,66.350,66.330,66.330,66.350,816,185878
1514487060,66.330,66.330,66.330,66.330,812,185878
1514487120,66.330,66.330,66.330,66.330,812,185878
1514487180,66.340,66.340,66.340,66.340,812,185878
1514487240,66.340,66.340,66.340,66.340,812,185878
1514487300,66.340,66.340,66.340,66.340,634,189942
1514487360,66.330,66.320,66.320,66.330,631,189942
1514487420,66.330,66.320,66.320,66.330,631,189942
1514487480,66.320,66.320,66.320,66.320,631,189942
1514487540,66.330,66.330,66.330,66.330,631,189942
1514487600,66.320,66.320,66.320,66.320,68,193100
1514487660,66.320,66.320,66.320,66.320,64,193100
1514487720,66.330,66.330,66.330,66.330,64,193100
1514487780,66.330,66.330,66.330,66.330,64,193100
1514487840,66.330,66.330,66.330,66.330,64,193100
1514487900,66.340,66.380,66.340,66.380,1113,193424
1514487960,66.360,66.360,66.360,66.360,1111,193424
1514488020,66.360,66.360,66.360,66.360,1111,193424
1514488080,66.320,66.330,66.320,66.330,1111,193424
1514488140,66.320,66.320,66.320,66.320,1111,193424
1514488200,66.330,66.320,66.320,66.330,725,198981
1514488260,66.330,66.320,66.320,66.330,724,198981
1514488320,66.330,66.320,66.320,66.330,724,198981
1514488380,66.260,66.260,66.260,66.260,724,198981
1514488440,66.260,66.260,66.260,66.260,724,198981
1514488500,66.270,66.270,66.270,66.270,1098,202602
1514488560,66.280,66.280,66.280,66.280,1097,202602
1514488620,66.280,66.280,66.280,66.280,1097,202602
1514488680,66.290,66.290,66.290,66.290,1097,202602
1514488740,66.280,66.320,66.280,66.320,1097,202602
1514488800,66.280,66.320,66.280,66.320,1097,202602
1514488860,66.280,66.320,66.280,66.320,1097,202602
1514488920,66.280,66.320,66.280,66.320,1097,202602
1514488980,66.280,66.320,66.280,66.320,1097,202602
1514489040,66.280,66.320,66.280,66.320,1097,202602
1514489100,66.280,66.320,66.280,66.320,528,208088
1514489160,66.310,66.300,66.300,66.310,526,208088
1514489220,66.310,66.300,66.300,66.310,526,208088
1514489280,66.310,66.300,66.300,66.310,526,208088
1514489340,66.290,66.290,66.290,66.290,526,208088
1514489400,66.300,66.300,66.300,66.300,3337,210720
1514489460,66.310,66.290,66.290,66.310,3334,210720
1514489520,66.310,66.350,66.310,66.350,3334,210720
1514489580,66.340,66.340,66.340,66.340,3334,210720
1514489640,66.330,66.330,66.330,66.330,3334,210720
1514489700,66.330,66.330,66.330,66.330,129,227393
1514489760,66.320,66.320,66.320,66.320,128,227393
1514489820,66.310,66.330,66.310,66.330,128,227393
1514489880,66.310,66.330,66.310,66.330,128,227393
1514489940,66.330,66.330,66.330,66.330,128,227393
1514490000,66.320,66.320,66.320,66.320,1487,228034
1514490060,66.330,66.330,66.330,66.330,1486,228034
1514490120,66.320,66.320,66.320,66.320,1486,228034
1514490180,66.320,66.320,66.320,66.320,1486,228034
1514490240,66.310,66.310,66.310,66.310,1486,228034
1514490300,66.320,66.320,66.320,66.320,843,235465
1514490360,66.320,66.320,66.320,66.320,841,235465
1514490420,66.340,66.330,66.330,66.340,841,235465
1514490480,66.340,66.340,66.340,66.340,841,235465
1514490540,66.360,66.340,66.340,66.360,841,235465
1514490600,66.360,66.380,66.360,66.380,694,239672
1514490660,66.370,66.370,66.370,66.370,692,239672
1514490720,66.360,66.360,66.360,66.360,692,239672
1514490780,66.360,66.360,66.360,66.360,692,239672
1514490840,66.350,66.350,66.350,66.350,692,239672
1514490900,66.360,66.350,66.350,66.360,1455,243134
1514490960,66.360,66.350,66.350,66.360,1451,243134
1514491020,66.360,66.350,66.350,66.360,1451,243134
1514491080,66.330,66.320,66.320,66.330,1451,243134
1514491140,66.330,66.330,66.330,66.330,1451,243134
1514491200,66.320,66.320,66.320,66.320,496,250393
1514491260,66.300,66.300,66.300,66.300,492,250393
1514491320,66.300,66.300,66.300,66.300,492,250393
1514491380,66.300,66.300,66.300,66.300,492,250393
1514491440,66.320,66.320,66.320,66.320,492,250393
1514491500,66.320,66.320,66.320,66.320,1114,252857
1514491560,66.260,66.240,66.240,66.260,1112,252857
1514491620,66.250,66.250,66.250,66.250,1112,252857
1514491680,66.250,66.250,66.250,66.250,1112,252857
1514491740,66.280,66.290,66.280,66.290,1112,252857
1514491800,66.300,66.290,66.290,66.300,442,258419
1514491860,66.300,66.290,66.290,66.300,440,258419
1514491920,66.280,66.280,66.280,66.280,440,258419
1514491980,66.280,66.280,66.280,66.280,440,258419
1514492040,66.280,66.280,66.280,66.280,440,258419
1514492100,66.260,66.270,66.260,66.270,1461,260621
1514492160,66.270,66.250,66.250,66.270,1459,260621
1514492220,66.250,66.250,66.250,66.250,1459,260621
1514492280,66.260,66.270,66.260,66.270,1459,260621
1514492340,66.280,66.280,66.280,66.280,1459,260621
1514492400,66.280,66.280,66.280,66.280,1158,267918
1514492460,66.280,66.250,66.250,66.280,1154,267918
1514492520,66.280,66.250,66.250,66.280,1154,267918
1514492580,66.250,66.250,66.250,66.250,1154,267918
1514492640,66.260,66.260,66.260,66.260,1154,267918
1514492700,66.250,66.250,66.250,66.250,1857,273692
1514492760,66.250,66.260,66.250,66.260,1856,273692
1514492820,66.270,66.270,66.270,66.270,1856,273692
1514492880,66.280,66.280,66.280,66.280,1856,273692
1514492940,66.280,66.280,66.280,66.280,1856,273692
1514493000,66.280,66.270,66.270,66.280,3501,282973
1514493060,66.270,66.260,66.260,66.280,3497,282973
1514493120,66.260,66.250,66.250,66.260,3497,282973
1514493180,66.250,66.240,66.240,66.250,3497,282973
1514493240,66.270,66.330,66.270,66.330,3497,282973
1514493300,66.310,66.300,66.300,66.310,3868,300462
1514493360,66.310,66.310,66.310,66.310,3868,300462
1514493420,66.320,66.340,66.320,66.340,3868,300462
1514493480,66.320,66.340,66.320,66.340,3868,300462
1514493540,66.340,66.350,66.340,66.350,3868,300462
1514493600,66.360,66.370,66.360,66.370,1812,319802
1514493660,66.370,66.370,66.370,66.370,1812,319802
1514493720,66.380,66.390,66.380,66.390,1812,319802
1514493780,66.400,66.390,66.390,66.400,1812,319802
1514493840,66.400,66.420,66.400,66.420,1812,319802
1514493900,66.440,66.430,66.430,66.440,2722,328862
1514493960,66.440,66.430,66.430,66.440,2721,328862
1514494020,66.440,66.430,66.430,66.440,2721,328862
1514494080,66.430,66.430,66.430,66.430,2721,328862
1514494140,66.440,66.450,66.440,66.450,2721,328862
1514494200,66.460,66.450,66.450,66.470,6325,342468
1514494260,66.450,66.470,66.450,66.470,6321,342468
1514494320,66.500,66.490,66.490,66.500,6321,342468
1514494380,66.490,66.530,66.490,66.540,6321,342468
1514494440,66.520,66.560,66.520,66.560,6321,342468
1514494500,66.560,66.570,66.550,66.570,26416,374077
1514494560,66.570,66.560,66.560,66.570,26412,374077
1514494620,66.560,66.570,66.560,66.590,26412,374077
1514494680,66.570,66.590,66.570,66.590,26412,374077
1514494740,66.590,66.570,66.570,66.610,26412,374077
1514557800,66.570,66.570,66.570,66.570,2977,0
1514557860,66.530,66.570,66.530,66.730,2975,0
1514557920,66.590,66.590,66.590,66.590,2975,0
1514557980,66.590,66.590,66.590,66.590,2975,0
1514558040,66.600,66.730,66.600,66.770,2975,0
1514558100,66.610,66.400,66.400,66.620,2062,14877
1514558160,66.490,66.450,66.450,66.490,2059,14877
1514558220,66.440,66.550,66.440,66.550,2059,14877
1514558280,66.550,66.450,66.450,66.550,2059,14877
1514558340,66.410,66.400,66.400,66.410,2059,14877
1514558400,66.340,66.360,66.340,66.360,1118,25175
1514558460,66.360,66.410,66.360,66.410,1118,25175
1514558520,66.410,66.400,66.400,66.410,1118,25175
1514558580,66.400,66.380,66.380,66.400,1118,25175
1514558640,66.400,66.380,66.380,66.400,1118,25175
1514558700,66.380,66.380,66.380,66.380,1552,30765
1514558760,66.410,66.320,66.320,66.410,1552,30765
1514558820,66.350,66.300,66.300,66.350,1552,30765
1514558880,66.250,66.230,66.230,66.250,1552,30765
1514558940,66.170,66.190,66.170,66.280,1552,30765
1514559000,66.170,66.190,66.170,66.280,948,38525
1514559060,66.170,66.190,66.170,66.280,946,38525
1514559120,66.170,66.190,66.170,66.280,946,38525
1514559180,66.270,66.260,66.260,66.270,946,38525
1514559240,66.270,66.260,66.260,66.270,946,38525
1514559300,66.270,66.260,66.260,66.270,865,43257
1514559360,66.270,66.260,66.260,66.270,861,43257
1514559420,66.220,66.190,66.190,66.220,861,43257
1514559480,66.220,66.220,66.220,66.220,861,43257
1514559540,66.190,66.180,66.180,66.190,861,43257
1514559600,66.170,66.170,66.170,66.170,730,47566
1514559660,66.230,66.230,66.230,66.230,729,47566
1514559720,66.230,66.230,66.230,66.230,729,47566
1514559780,66.230,66.230,66.230,66.230,729,47566
1514559840,66.260,66.200,66.200,66.260,729,47566
1514559900,66.200,66.200,66.200,66.200,858,51212
1514559960,66.200,66.200,66.200,66.200,856,51212
1514560020,66.200,66.200,66.200,66.200,856,51212
1514560080,66.150,66.070,66.070,66.150,856,51212
1514560140,66.150,66.070,66.070,66.150,856,51212
1514560200,66.160,66.080,66.080,66.160,566,55494
1514560260,66.160,66.080,66.080,66.160,562,55494
1514560320,66.160,66.080,66.080,66.160,562,55494
1514560380,66.160,66.080,66.080,66.160,562,55494
1514560440,66.090,66.090,66.090,66.090,562,55494
1514560500,66.090,66.090,66.090,66.090,673,58308
1514560560,66.090,66.110,66.090,66.190,671,58308
1514560620,66.090,66.110,66.090,66.190,671,58308
1514560680,66.140,66.140,66.140,66.140,671,58308
1514560740,66.140,66.140,66.140,66.140,671,58308
1514560800,66.140,66.140,66.140,66.140,671,58308
1514560860,66.140,66.140,66.140,66.140,671,58308
1514560920,66.140,66.140,66.140,66.140,671,58308
1514560980,66.140,66.140,66.140,66.140,671,58308
1514561040,66.140,66.140,66.140,66.140,671,58308
1514561100,66.220,66.170,66.170,66.220,1117,61665
1514561160,66.290,66.290,66.290,66.290,1116,61665
1514561220,66.270,66.270,66.270,66.270,1116,61665
1514561280,66.280,66.270,66.270,66.280,1116,61665
1514561340,66.290,66.270,66.270,66.310,1116,61665
1514561400,66.270,66.270,66.270,66.270,1848,67246
1514561460,66.280,66.300,66.280,66.300,1846,67246
1514561520,66.270,66.260,66.260,66.310,1846,67246
1514561580,66.270,66.270,66.270,66.270,1846,67246
1514561640,66.250,66.250,66.250,66.250,1846,67246
1514561700,66.260,66.260,66.260,66.260,1193,76478
1514561760,66.250,66.220,66.220,66.250,1193,76478
1514561820,66.250,66.220,66.220,66.250,1193,76478
1514561880,66.230,66.230,66.230,66.230,1193,76478
1514561940,66.170,66.120,66.120,66.170,1193,76478
1514562000,66.170,66.120,66.120,66.170,686,82443
1514562060,66.170,66.120,66.120,66.170,685,82443
1514562120,66.160,66.230,66.160,66.230,685,82443
1514562180,66.230,66.230,66.230,66.230,685,82443
1514562240,66.190,66.190,66.190,66.190,685,82443
1514562300,66.190,66.190,66.190,66.190,692,85869
1514562360,66.250,66.240,66.240,66.250,690,85869
1514562420,66.270,66.270,66.270,66.270,690,85869
1514562480,66.250,66.250,66.250,66.250,690,85869
1514562540,66.230,66.230,66.230,66.230,690,85869
1514562600,66.230,66.230,66.230,66.230,349,89321
1514562660,66.270,66.270,66.270,66.270,347,89321
1514562720,66.270,66.270,66.270,66.270,347,89321
1514562780,66.330,66.330,66.330,66.330,347,89321
1514562840,66.360,66.400,66.360,66.400,347,89321
1514562900,66.420,66.450,66.420,66.450,958,91058
1514562960,66.450,66.480,66.450,66.480,955,91058
1514563020,66.520,66.520,66.520,66.520,955,91058
1514563080,66.550,66.560,66.550,66.560,955,91058
1514563140,66.590,66.590,66.590,66.590,955,91058
1514563200,66.570,66.570,66.570,66.570,852,95836
1514563260,66.560,66.560,66.560,66.560,852,95836
1514563320,66.500,66.500,66.500,66.500,852,95836
1514563380,66.480,66.480,66.480,66.480,852,95836
1514563440,66.480,66.480,66.480,66.480,852,95836
1514563500,66.480,66.480,66.480,66.480,406,100096
1514563560,66.480,66.480,66.480,66.480,406,100096
1514563620,66.480,66.480,66.480,66.480,406,100096
1514563680,66.570,66.570,66.570,66.570,406,100096
1514563740,66.530,66.530,66.530,66.530,406,100096
1514563800,66.530,66.530,66.530,66.530,1692,102126
1514563860,66.560,66.560,66.560,66.560,1691,102126
1514563920,66.530,66.540,66.530,66.560,1691,102126
1514563980,66.550,66.540,66.540,66.550,1691,102126
1514564040,66.550,66.550,66.550,66.550,1691,102126
1514564100,66.500,66.480,66.480,66.500,817,110582
1514564160,66.480,66.480,66.480,66.480,817,110582
1514564220,66.470,66.470,66.470,66.470,817,110582
1514564280,66.470,66.470,66.470,66.470,817,110582
1514564340,66.530,66.550,66.530,66.550,817,110582
1514564400,66.550,66.550,66.550,66.550,259,114667
1514564460,66.560,66.560,66.560,66.560,258,114667
1514564520,66.560,66.560,66.560,66.560,258,114667
1514564580,66.560,66.560,66.560,66.560,258,114667
1514564640,66.560,66.560,66.560,66.560,258,114667
1514564700,66.590,66.590,66.590,66.590,463,115958
1514564760,66.590,66.590,66.590,66.590,462,115958
1514564820,66.640,66.640,66.640,66.640,462,115958
1514564880,66.670,66.670,66.670,66.670,462,115958
1514564940,66.670,66.670,66.670,66.670,462,115958
1514565000,66.670,66.640,66.640,66.670,395,118269
1514565060,66.620,66.620,66.620,66.620,395,118269
1514565120,66.620,66.620,66.620,66.620,395,118269
1514565180,66.590,66.590,66.590,66.590,395,118269
1514565240,66.590,66.590,66.590,66.590,395,118269
1514565300,66.620,66.620,66.620,66.620,213,120244
1514565360,66.620,66.620,66.620,66.620,210,120244
1514565420,66.620,66.620,66.620,66.620,210,120244
1514565480,66.640,66.640,66.640,66.640,210,120244
1514565540,66.640,66.640,66.640,66.640,210,120244
1514565600,66.660,66.690,66.660,66.690,472,121297
1514565660,66.660,66.690,66.660,66.690,471,121297
1514565720,66.720,66.720,66.720,66.720,471,121297
1514565780,66.720,66.720,66.720,66.720,471,121297
1514565840,66.720,66.720,66.720,66.720,471,121297
1514565900,66.740,66.740,66.740,66.740,819,123653
1514565960,66.740,66.740,66.740,66.740,815,123653
1514566020,66.800,66.800,66.800,66.800,815,123653
1514566080,66.790,66.790,66.790,66.790,815,123653
1514566140,66.790,66.790,66.790,66.790,815,123653
1514566200,66.800,66.760,66.760,66.800,651,127732
1514566260,66.800,66.760,66.760,66.800,651,127732
1514566320,66.800,66.760,66.760,66.800,651,127732
1514566380,66.800,66.760,66.760,66.800,651,127732
1514566440,66.810,66.810,66.810,66.810,651,127732
1514566500,66.780,66.780,66.780,66.780,492,130987
1514566560,66.770,66.750,66.750,66.770,490,130987
1514566620,66.750,66.790,66.750,66.790,490,130987
1514566680,66.750,66.750,66.750,66.750,490,130987
1514566740,66.770,66.770,66.770,66.770,490,130987
1514566800,66.770,66.770,66.770,66.770,194,133439
1514566860,66.770,66.770,66.770,66.770,193,133439
1514566920,66.770,66.770,66.770,66.770,193,133439
1514566980,66.770,66.770,66.770,66.770,193,133439
1514567040,66.770,66.770,66.770,66.770,193,133439
1514567100,66.800,66.800,66.800,66.800,440,134405
1514567160,66.800,66.800,66.800,66.800,437,134405
1514567220,66.760,66.730,66.730,66.760,437,134405
1514567280,66.760,66.730,66.730,66.760,437,134405
1514567340,66.760,66.730,66.730,66.760,437,134405
1514567400,66.730,66.690,66.690,66.730,794,136593
1514567460,66.700,66.700,66.700,66.700,794,136593
1514567520,66.700,66.700,66.700,66.700,794,136593
1514567580,66.650,66.690,66.650,66.690,794,136593
1514567640,66.660,66.660,66.660,66.660,794,136593
1514567700,66.660,66.660,66.660,66.660,270,140563
1514567760,66.660,66.660,66.660,66.660,270,140563
1514567820,66.710,66.710,66.710,66.710,270,140563
1514567880,66.710,66.690,66.690,66.710,270,140563
1514567940,66.710,66.690,66.690,66.710,270,140563
1514568000,66.730,66.770,66.730,66.770,708,141913
1514568060,66.730,66.770,66.730,66.770,708,141913
1514568120,66.770,66.770,66.770,66.770,708,141913
1514568180,66.720,66.770,66.720,66.770,708,141913
1514568240,66.750,66.750,66.750,66.750,708,141913
1514568300,66.720,66.690,66.690,66.720,600,145453
1514568360,66.700,66.680,66.680,66.700,597,145453
1514568420,66.620,66.620,66.620,66.620,597,145453
1514568480,66.660,66.660,66.660,66.660,597,145453
1514568540,66.640,66.640,66.640,66.640,597,145453
1514568600,66.590,66.590,66.590,66.590,685,148441
1514568660,66.590,66.620,66.590,66.620,683,148441
1514568720,66.610,66.590,66.590,66.610,683,148441
1514568780,66.580,66.580,66.580,66.580,683,148441
1514568840,66.580,66.580,66.580,66.580,683,148441
1514568900,66.580,66.580,66.580,66.580,535,151858
1514568960,66.600,66.600,66.600,66.600,535,151858
1514569020,66.620,66.590,66.590,66.620,535,151858
1514569080,66.620,66.590,66.590,66.620,535,151858
1514569140,66.600,66.610,66.600,66.610,535,151858
1514569200,66.600,66.610,66.600,66.610,256,154533
1514569260,66.600,66.610,66.600,66.610,254,154533
1514569320,66.640,66.640,66.640,66.640,254,154533
1514569380,66.640,66.640,66.640,66.640,254,154533
1514569440,66.640,66.640,66.640,66.640,254,154533
1514569500,66.640,66.640,66.640,66.640,267,155805
1514569560,66.650,66.650,66.650,66.650,266,155805
1514569620,66.650,66.650,66.650,66.650,266,155805
1514569680,66.660,66.660,66.660,66.660,266,155805
1514569740,66.650,66.650,66.650,66.650,266,155805
1514569800,66.650,66.650,66.650,66.650,1563,157136
1514569860,66.660,66.640,66.640,66.660,1561,157136
1514569920,66.630,66.590,66.590,66.630,1561,157136
1514569980,66.590,66.590,66.590,66.590,1561,157136
1514570040,66.570,66.560,66.560,66.570,1561,157136
1514570100,66.560,66.590,66.560,66.590,571,164943
1514570160,66.620,66.620,66.620,66.620,570,164943
1514570220,66.600,66.600,66.600,66.600,570,164943
1514570280,66.550,66.550,66.550,66.550,570,164943
1514570340,66.560,66.560,66.560,66.560,570,164943
1514570400,66.590,66.620,66.590,66.620,304,167794
1514570460,66.590,66.620,66.590,66.620,302,167794
1514570520,66.590,66.620,66.590,66.620,302,167794
1514570580,66.590,66.620,66.590,66.620,302,167794
1514570640,66.590,66.620,66.590,66.620,302,167794
1514570700,66.560,66.560,66.560,66.560,730,169306
1514570760,66.560,66.560,66.560,66.560,727,169306
1514570820,66.560,66.560,66.560,66.560,727,169306
1514570880,66.560,66.560,66.560,66.560,727,169306
1514570940,66.580,66.580,66.580,66.580,727,169306
1514571000,66.580,66.580,66.580,66.580,258,172944
1514571060,66.580,66.580,66.580,66.580,257,172944
1514571120,66.570,66.570,66.570,66.570,257,172944
1514571180,66.570,66.570,66.570,66.570,257,172944
1514571240,66.570,66.570,66.570,66.570,257,172944
1514571300,66.560,66.560,66.560,66.560,307,174230
1514571360,66.570,66.570,66.570,66.570,305,174230
1514571420,66.570,66.570,66.570,66.570,305,174230
1514571480,66.570,66.570,66.570,66.570,305,174230
1514571540,66.580,66.580,66.580,66.580,305,174230
1514571600,66.550,66.550,66.550,66.550,634,175757
1514571660,66.550,66.550,66.550,66.550,632,175757
1514571720,66.530,66.540,66.530,66.540,632,175757
1514571780,66.530,66.530,66.530,66.530,632,175757
1514571840,66.550,66.550,66.550,66.550,632,175757
1514571900,66.540,66.540,66.540,66.540,152,178919
1514571960,66.550,66.550,66.550,66.550,148,178919
1514572020,66.550,66.550,66.550,66.550,148,178919
1514572080,66.550,66.550,66.550,66.550,148,178919
1514572140,66.520,66.520,66.520,66.520,148,178919
1514572200,66.480,66.510,66.480,66.510,598,179663
1514572260,66.480,66.510,66.480,66.510,598,179663
1514572320,66.480,66.510,66.480,66.510,598,179663
1514572380,66.510,66.470,66.470,66.510,598,179663
1514572440,66.510,66.470,66.470,66.510,598,179663
1514572500,66.510,66.470,66.470,66.510,133,182653
1514572560,66.470,66.470,66.470,66.470,132,182653
1514572620,66.460,66.460,66.460,66.460,132,182653
1514572680,66.460,66.460,66.460,66.460,132,182653
1514572740,66.460,66.460,66.460,66.460,132,182653
1514572800,66.420,66.420,66.420,66.420,1434,183314
1514572860,66.410,66.440,66.410,66.440,1430,183314
1514572920,66.410,66.440,66.410,66.440,1430,183314
1514572980,66.400,66.430,66.400,66.430,1430,183314
1514573040,66.440,66.420,66.420,66.440,1430,183314
1514573100,66.400,66.400,66.400,66.400,123,190468
1514573160,66.400,66.400,66.400,66.400,123,190468
1514573220,66.400,66.400,66.400,66.400,123,190468
1514573280,66.420,66.420,66.420,66.420,123,190468
1514573340,66.420,66.420,66.420,66.420,123,190468
1514573400,66.430,66.420,66.420,66.430,1249,191083
1514573460,66.410,66.390,66.390,66.410,1247,191083
1514573520,66.390,66.430,66.390,66.430,1247,191083
1514573580,66.390,66.430,66.390,66.430,1247,191083
1514573640,66.390,66.430,66.390,66.430,1247,191083
1514573700,66.390,66.390,66.390,66.390,414,197320
1514573760,66.360,66.360,66.360,66.360,411,197320
1514573820,66.360,66.360,66.360,66.360,411,197320
1514573880,66.360,66.360,66.360,66.360,411,197320
1514573940,66.340,66.340,66.340,66.340,411,197320
1514574000,66.360,66.360,66.360,66.360,3018,199378
1514574060,66.480,66.480,66.480,66.480,3017,199378
1514574120,66.380,66.410,66.380,66.410,3017,199378
1514574180,66.380,66.410,66.380,66.410,3017,199378
1514574240,66.380,66.410,66.380,66.410,3017,199378
1514574300,66.420,66.420,66.420,66.420,773,214464
1514574360,66.410,66.410,66.410,66.410,770,214464
1514574420,66.380,66.360,66.360,66.380,770,214464
1514574480,66.360,66.360,66.360,66.360,770,214464
1514574540,66.360,66.360,66.360,66.360,770,214464
1514574600,66.350,66.360,66.350,66.360,430,218317
1514574660,66.360,66.360,66.360,66.360,429,218317
1514574720,66.360,66.390,66.360,66.390,429,218317
1514574780,66.420,66.400,66.400,66.420,429,218317
1514574840,66.410,66.410,66.410,66.410,429,218317
1514574900,66.400,66.390,66.390,66.400,810,220463
1514574960,66.400,66.410,66.400,66.410,809,220463
1514575020,66.400,66.390,66.390,66.400,809,220463
1514575080,66.400,66.390,66.390,66.400,809,220463
1514575140,66.430,66.430,66.430,66.430,809,220463
1514575200,66.440,66.460,66.440,66.460,322,224509
1514575260,66.430,66.430,66.430,66.430,318,224509
1514575320,66.430,66.430,66.430,66.430,318,224509
1514575380,66.410,66.410,66.410,66.410,318,224509
1514575440,66.410,66.410,66.410,66.410,318,224509
1514575500,66.430,66.410,66.410,66.430,945,226103
1514575560,66.390,66.390,66.390,66.390,942,226103
1514575620,66.420,66.390,66.390,66.420,942,226103
1514575680,66.410,66.380,66.380,66.410,942,226103
1514575740,66.360,66.360,66.360,66.360,942,226103
1514575800,66.370,66.370,66.370,66.370,717,230816
1514575860,66.360,66.360,66.360,66.360,716,230816
1514575920,66.360,66.350,66.340,66.360,716,230816
1514575980,66.340,66.340,66.340,66.340,716,230816
1514576040,66.340,66.340,66.340,66.340,716,230816
1514576100,66.320,66.320,66.320,66.320,1050,234397
1514576160,66.270,66.290,66.270,66.290,1048,234397
1514576220,66.270,66.270,66.270,66.270,1048,234397
1514576280,66.280,66.290,66.280,66.290,1048,234397
1514576340,66.300,66.300,66.300,66.300,1048,234397
1514576400,66.300,66.300,66.300,66.300,871,239639
1514576460,66.310,66.300,66.300,66.310,870,239639
1514576520,66.320,66.330,66.320,66.330,870,239639
1514576580,66.330,66.340,66.330,66.340,870,239639
1514576640,66.330,66.330,66.330,66.330,870,239639
1514576700,66.330,66.350,66.330,66.350,674,243990
1514576760,66.360,66.360,66.360,66.360,672,243990
1514576820,66.330,66.330,66.330,66.330,672,243990
1514576880,66.320,66.320,66.320,66.320,672,243990
1514576940,66.310,66.300,66.300,66.310,672,243990
1514577000,66.310,66.300,66.300,66.310,619,247352
1514577060,66.310,66.310,66.310,66.310,618,247352
1514577120,66.320,66.310,66.310,66.320,618,247352
1514577180,66.320,66.310,66.310,66.320,618,247352
1514577240,66.280,66.290,66.280,66.290,618,247352
1514577300,66.280,66.290,66.280,66.290,1195,250443
1514577360,66.280,66.290,66.280,66.290,1191,250443
1514577420,66.310,66.290,66.290,66.310,1191,250443
1514577480,66.270,66.270,66.270,66.270,1191,250443
1514577540,66.300,66.270,66.270,66.300,1191,250443
1514577600,66.290,66.290,66.290,66.290,699,256402
1514577660,66.280,66.270,66.270,66.280,697,256402
1514577720,66.270,66.270,66.270,66.270,697,256402
1514577780,66.250,66.270,66.250,66.280,697,256402
1514577840,66.280,66.280,66.280,66.280,697,256402
1514577900,66.280,66.290,66.280,66.290,1229,259889
1514577960,66.310,66.310,66.310,66.310,1227,259889
1514578020,66.330,66.330,66.330,66.330,1227,259889
1514578080,66.340,66.340,66.340,66.340,1227,259889
1514578140,66.330,66.320,66.320,66.330,1227,259889
1514578200,66.340,66.360,66.340,66.360,592,266026
1514578260,66.340,66.360,66.340,66.360,589,266026
1514578320,66.340,66.340,66.340,66.340,589,266026
1514578380,66.340,66.340,66.340,66.340,589,266026
1514578440,66.340,66.340,66.340,66.340,589,266026
1514578500,66.330,66.340,66.330,66.340,1049,268974
1514578560,66.330,66.340,66.330,66.340,1045,268974
1514578620,66.340,66.350,66.340,66.350,1045,268974
1514578680,66.340,66.350,66.340,66.350,1045,268974
1514578740,66.360,66.360,66.360,66.360,1045,268974
1514578800,66.370,66.370,66.370,66.370,1923,274203
1514578860,66.370,66.370,66.370,66.370,1921,274203
1514578920,66.380,66.400,66.380,66.400,1921,274203
1514578980,66.410,66.420,66.400,66.420,1921,274203
1514579040,66.420,66.400,66.400,66.420,1921,274203
1514579100,66.380,66.380,66.380,66.380,491,283810
1514579160,66.380,66.390,66.380,66.390,491,283810
1514579220,66.390,66.390,66.390,66.390,491,283810
1514579280,66.360,66.370,66.360,66.370,491,283810
1514579340,66.390,66.400,66.390,66.400,491,283810
1514579400,66.400,66.390,66.390,66.400,1566,286265
1514579460,66.380,66.360,66.360,66.380,1566,286265
1514579520,66.360,66.350,66.350,66.370,1566,286265
1514579580,66.350,66.370,66.350,66.370,1566,286265
1514579640,66.370,66.370,66.370,66.370,1566,286265
1514579700,66.360,66.350,66.350,66.360,1787,294095
1514579760,66.350,66.330,66.330,66.350,1786,294095
1514579820,66.350,66.340,66.330,66.350,1786,294095
1514579880,66.340,66.340,66.340,66.340,1786,294095
1514579940,66.350,66.290,66.290,66.350,1786,294095
1514580000,66.300,66.260,66.260,66.300,2218,303026
1514580060,66.260,66.260,66.260,66.260,2215,303026
1514580120,66.260,66.270,66.250,66.270,2215,303026
1514580180,66.280,66.280,66.280,66.280,2215,303026
1514580240,66.230,66.230,66.230,66.230,2215,303026
1514580300,66.220,66.180,66.180,66.220,3350,314104
1514580360,66.180,66.190,66.180,66.190,3349,314104
1514580420,66.180,66.190,66.180,66.190,3349,314104
1514580480,66.180,66.210,66.180,66.210,3349,314104
1514580540,66.220,66.200,66.200,66.220,3349,314104
1514580600,66.200,66.130,66.130,66.200,5523,330850
1514580660,66.140,66.150,66.140,66.150,5521,330850
1514580720,66.140,66.150,66.140,66.150,5521,330850
1514580780,66.150,66.100,66.100,66.150,5521,330850
1514580840,66.090,66.050,66.040,66.090,5521,330850
1514580900,66.050,66.060,66.050,66.080,31818,358457
1514580960,66.060,66.070,66.060,66.080,31816,358457
1514581020,66.060,66.050,66.050,66.070,31816,358457
1514581080,66.040,66.080,66.030,66.080,31816,358457
1514581140,66.040,65.960,65.940,66.040,31816,358457
