1525181400,249.490,249.500,249.490,249.500,11386,0
1525181460,249.440,250.000,249.440,250.000,0,0
1525181520,250.280,250.280,250.280,250.280,0,0
1525181580,249.600,249.600,249.600,249.600,0,0
1525181640,250.060,249.780,249.780,250.060,0,0
1525181700,250.400,250.040,250.040,250.400,13855,11386
1525181760,249.760,249.990,249.540,249.990,0,0
1525181820,250.190,249.720,249.720,250.190,0,0
1525181880,249.430,249.200,249.200,249.430,0,0
1525181940,249.010,249.280,248.550,249.280,0,0
1525182000,249.290,249.140,249.070,249.290,11086,25241
1525182060,248.940,248.300,248.300,249.060,0,0
1525182120,248.240,248.240,248.240,248.240,0,0
1525182180,248.280,248.140,247.930,248.280,0,0
1525182240,248.090,248.220,247.990,248.220,0,0
1525182300,247.970,248.240,247.970,248.240,5337,36327
1525182360,248.180,248.340,248.180,248.340,0,0
1525182420,249.220,249.200,249.200,249.220,0,0
1525182480,249.500,249.450,249.450,249.500,0,0
1525182540,249.770,249.770,249.770,249.770,0,0
1525182600,249.770,249.550,249.550,249.770,5375,41664
1525182660,249.550,249.550,249.550,249.550,0,0
1525182720,249.400,249.400,249.400,249.400,0,0
1525182780,249.200,249.070,249.070,249.200,0,0
1525182840,249.070,249.100,249.070,249.100,0,0
1525182900,249.350,250.120,249.350,250.120,7629,47039
1525182960,250.050,250.510,250.050,250.510,0,0
1525183020,250.570,250.760,250.570,250.760,0,0
1525183080,250.740,250.760,250.740,250.820,0,0
1525183140,250.750,251.070,250.750,251.180,0,0
1525183200,251.070,251.370,251.070,251.370,9741,54668
1525183260,251.180,251.470,251.180,251.470,0,0
1525183320,251.630,251.080,250.950,251.630,0,0
1525183380,250.720,250.720,250.720,250.720,0,0
1525183440,250.190,249.780,249.780,250.190,0,0
1525183500,250.300,250.300,250.300,250.300,3399,64409
1525183560,250.600,250.600,250.600,250.600,0,0
1525183620,250.360,249.780,249.780,250.360,0,0
1525183680,249.840,249.960,249.840,249.960,0,0
1525183800,249.890,249.630,249.630,249.890,6257,67808
1525183860,249.690,249.540,249.540,249.690,0,0
1525183920,249.750,249.750,249.750,249.750,0,0
1525183980,249.930,250.260,249.930,250.260,0,0
1525184040,250.560,250.590,250.560,250.590,0,0
1525184100,250.470,250.470,250.470,250.470,3441,74065
1525184220,250.360,250.000,250.000,250.360,0,0
1525184280,250.020,250.150,250.020,250.150,0,0
1525184340,250.550,250.780,250.550,250.780,0,0
1525184400,250.680,250.680,250.680,250.680,6564,77506
1525184460,251.000,251.270,251.000,251.270,0,0
1525184520,251.140,251.550,251.140,251.550,0,0
1525184580,251.250,251.190,251.190,251.580,0,0
1525184640,251.070,251.220,251.070,251.220,0,0
1525184700,251.040,251.040,251.040,251.040,5414,84070
1525184760,250.820,250.820,250.820,250.820,0,0
1525184820,251.010,251.100,251.010,251.120,0,0
1525184880,251.130,251.130,251.130,251.130,0,0
1525184940,251.080,251.300,251.080,251.300,0,0
1525185000,251.310,251.080,251.010,251.310,6825,89484
1525185060,251.180,251.050,251.050,251.180,0,0
1525185120,250.960,250.850,250.850,250.960,0,0
1525185180,250.860,251.310,250.860,251.310,0,0
1525185240,251.280,251.280,251.280,251.280,0,0
1525185300,251.110,251.160,250.890,251.250,4829,96309
1525185420,251.020,250.900,250.900,251.020,0,0
1525185480,250.910,250.910,250.910,250.910,0,0
1525185540,251.250,251.020,251.020,251.250,0,0
1525185600,251.280,251.280,251.280,251.280,7931,101138
1525185660,251.280,251.280,251.280,251.280,0,0
1525185780,251.690,251.810,251.620,251.810,0,0
1525185900,252.570,252.570,252.570,252.570,20405,109069
1525185960,252.560,252.560,252.560,252.560,0,0
1525186020,252.580,252.580,252.580,252.580,0,0
1525186080,252.560,252.520,252.520,252.620,0,0
1525186140,252.160,252.010,252.010,252.160,0,0
1525186200,252.310,252.310,252.310,252.310,5054,129474
1525186260,252.310,252.310,252.310,252.310,0,0
1525186320,252.400,252.230,252.230,252.400,0,0
1525186380,251.950,251.750,251.750,251.950,0,0
1525186440,251.430,251.430,251.430,251.430,0,0
1525186500,251.570,251.750,251.570,251.750,3424,134528
1525186620,251.780,251.630,251.630,251.780,0,0
1525186680,251.920,251.600,251.600,251.920,0,0
1525186740,251.590,251.590,251.590,251.590,0,0
1525186800,251.260,250.830,250.830,251.260,8756,137952
1525186860,250.720,250.470,250.470,250.720,0,0
1525187040,250.190,250.030,250.030,250.260,0,0
1525187100,250.170,250.170,250.170,250.170,6275,146708
1525187160,250.170,250.170,250.170,250.170,0,0
1525187220,250.100,250.590,250.100,250.590,0,0
1525187340,250.850,250.840,250.840,250.850,0,0
1525187400,250.700,250.790,250.700,250.830,9635,152983
1525187460,250.670,250.420,250.420,250.670,0,0
1525187520,250.370,250.420,250.370,250.420,0,0
1525187580,250.210,250.000,250.000,250.210,0,0
1525187640,249.930,249.930,249.930,249.930,0,0
1525187700,250.090,250.210,250.090,250.210,4221,162618
1525187820,250.760,250.950,250.760,250.950,0,0
1525187880,250.760,250.760,250.760,250.760,0,0
1525187940,250.280,250.280,250.280,250.280,0,0
1525188000,250.480,250.720,250.480,250.830,11398,166839
1525188060,250.640,250.750,250.560,250.750,0,0
1525188120,250.950,251.190,250.890,251.190,0,0
1525188240,251.320,251.230,251.230,251.320,0,0
1525188300,251.320,251.100,251.100,251.320,7296,178237
1525188360,250.920,250.890,250.890,250.920,0,0
1525188480,250.680,250.680,250.680,250.680,0,0
1525188540,251.150,251.150,251.150,251.150,0,0
1525188600,251.020,251.320,251.020,251.320,10266,185533
1525188660,251.210,251.320,251.210,251.320,0,0
1525188720,251.170,251.150,251.150,251.170,0,0
1525188780,250.970,250.860,250.860,250.970,0,0
1525188840,250.640,250.640,250.640,250.640,0,0
1525188900,250.750,250.700,250.700,250.750,9374,195799
1525188960,250.820,250.900,250.820,250.900,0,0
1525189020,251.280,251.310,251.280,251.310,0,0
1525189140,251.170,251.190,251.170,251.320,0,0
1525189200,251.280,251.090,251.090,251.280,8245,205173
1525189260,250.940,250.940,250.940,250.940,0,0
1525189320,251.320,251.530,251.320,251.580,0,0
1525189380,251.270,251.270,251.270,251.270,0,0
1525189440,251.500,251.290,251.290,251.500,0,0
1525189500,250.820,250.820,250.820,250.820,2856,213418
1525189560,250.820,250.820,250.820,250.820,0,0
1525189620,251.020,251.020,251.020,251.020,0,0
1525189740,251.020,251.020,251.020,251.020,0,0
1525189800,251.010,251.160,251.010,251.160,5034,216274
1525189860,251.010,251.160,251.010,251.160,0,0
1525189920,251.130,251.150,251.130,251.250,0,0
1525189980,250.920,250.920,250.920,250.920,0,0
1525190040,251.080,251.040,251.040,251.080,0,0
1525190100,251.010,251.010,251.010,251.010,3628,221308
1525190220,250.980,250.980,250.980,250.980,0,0
1525190280,250.830,250.830,250.830,250.830,0,0
1525190340,250.740,250.820,250.740,250.820,0,0
1525190400,251.040,250.800,250.800,251.040,7500,224936
1525190460,250.900,251.020,250.900,251.020,0,0
1525190520,251.190,251.190,251.190,251.190,0,0
1525190580,251.290,251.240,251.240,251.290,0,0
1525190640,250.970,250.970,250.970,250.970,0,0
1525190700,250.990,251.110,250.990,251.110,7299,232436
1525190760,251.070,251.070,251.070,251.070,0,0
1525190880,250.880,251.000,250.880,251.000,0,0
1525190940,250.880,250.850,250.790,250.880,0,0
1525191000,250.770,250.770,250.770,250.770,726,239735
1525191120,250.770,250.770,250.770,250.770,0,0
1525191240,250.900,250.900,250.900,250.900,0,0
1525191300,250.790,250.770,250.770,250.790,3916,240461
1525191360,250.660,250.680,250.630,250.680,0,0
1525191480,250.500,250.840,250.500,250.840,0,0
1525191540,250.910,251.000,250.910,251.000,0,0
1525191600,251.000,251.000,251.000,251.000,2334,244377
1525191660,251.000,251.000,251.000,251.000,0,0
1525191720,250.720,250.720,250.720,250.720,0,0
1525191840,250.760,250.760,250.760,250.760,0,0
1525191900,250.690,250.690,250.690,250.690,3084,246711
1525191960,250.850,250.850,250.850,250.850,0,0
1525192020,251.000,250.920,250.920,251.000,0,0
1525192140,251.140,251.140,251.140,251.140,0,0
1525192200,251.000,250.970,250.970,251.000,2619,249795
1525192260,250.840,250.650,250.650,250.840,0,0
1525192320,250.750,250.750,250.750,250.750,0,0
1525192380,250.810,250.640,250.640,250.810,0,0
1525192440,250.810,250.810,250.810,250.810,0,0
1525192500,250.860,250.860,250.860,250.860,2201,252414
1525192620,250.900,250.900,250.900,250.900,0,0
1525192680,250.960,250.960,250.960,250.960,0,0
1525192740,250.780,250.780,250.780,250.780,0,0
1525192800,250.640,250.580,250.490,250.640,3120,254615
1525192860,250.640,250.580,250.490,250.640,0,0
1525192920,250.510,250.510,250.510,250.510,0,0
1525192980,250.430,250.380,250.380,250.430,0,0
1525193100,250.160,250.000,250.000,250.160,7870,257735
1525193160,250.160,250.000,250.000,250.160,0,0
1525193220,249.920,249.900,249.900,249.920,0,0
1525193280,249.780,249.500,249.500,249.840,0,0
1525193340,249.370,249.710,249.370,249.710,0,0
1525193400,249.640,249.640,249.640,249.640,4237,265605
1525193460,249.590,249.560,249.560,249.590,0,0
1525193520,249.810,249.920,249.810,249.920,0,0
1525193700,250.240,250.240,250.240,250.240,1575,269842
1525193760,250.240,250.240,250.240,250.240,0,0
1525193880,250.060,250.060,250.060,250.060,0,0
1525193940,250.180,250.180,250.180,250.180,0,0
1525194000,250.020,249.890,249.890,250.020,3953,271417
1525194180,249.720,250.040,249.720,250.040,0,0
1525194300,249.750,249.840,249.730,249.840,3070,275370
1525194360,249.750,249.840,249.730,249.840,0,0
1525194420,249.600,249.600,249.600,249.600,0,0
1525194540,249.420,249.580,249.420,249.580,0,0
1525194600,249.650,249.650,249.650,249.650,2622,278440
1525194660,249.650,249.650,249.650,249.650,0,0
1525194720,249.800,249.800,249.800,249.800,0,0
1525194840,249.950,249.950,249.950,249.950,0,0
1525194900,249.810,249.810,249.810,249.810,2105,281062
1525195020,249.790,249.790,249.790,249.790,0,0
1525195080,249.940,249.720,249.720,249.940,0,0
1525195200,249.720,249.720,249.720,249.720,4692,283167
1525195320,249.360,249.250,249.250,249.360,0,0
1525195380,249.360,249.160,249.160,249.450,0,0
1525195440,249.000,248.980,248.980,249.000,0,0
1525195500,248.840,248.780,248.780,248.840,9364,287859
1525195560,248.410,248.610,248.410,248.620,0,0
1525195620,248.470,248.630,248.470,248.630,0,0
1525195680,248.560,248.750,248.560,248.750,0,0
1525195740,248.800,248.680,248.680,248.820,0,0
1525195800,248.940,248.950,248.940,248.950,3146,297223
1525195860,249.010,249.010,249.010,249.010,0,0
1525196040,249.090,249.090,249.090,249.090,0,0
1525196100,249.050,249.050,249.050,249.050,4545,300369
1525196280,249.050,249.050,249.050,249.050,0,0
1525196340,249.150,248.900,248.900,249.150,0,0
1525196400,248.910,248.870,248.870,248.910,11441,304914
1525196520,248.910,249.020,248.910,249.020,0,0
1525196580,249.330,249.390,249.330,249.560,0,0
1525196640,249.230,249.280,248.970,249.280,0,0
1525196700,249.540,249.540,249.540,249.540,6028,316355
1525196880,250.200,250.200,250.200,250.200,0,0
1525196940,250.330,250.000,250.000,250.330,0,0
1525197000,249.910,249.910,249.910,249.910,6334,322383
1525197060,249.820,249.810,249.810,249.820,0,0
1525197120,249.950,249.950,249.950,249.950,0,0
1525197300,250.280,250.160,250.160,250.280,4674,328717
1525197420,250.530,250.700,250.530,250.700,0,0
1525197480,250.470,250.560,250.470,250.560,0,0
1525197540,250.880,250.880,250.880,250.880,0,0
1525197600,250.800,250.800,250.800,250.800,5450,333391
1525197660,250.850,250.850,250.850,250.850,0,0
1525197720,250.690,250.790,250.690,251.000,0,0
1525197780,250.940,250.940,250.940,250.940,0,0
1525197900,250.730,250.730,250.730,250.730,2812,338841
1525197960,250.730,250.730,250.730,250.730,0,0
1525198020,250.850,250.850,250.850,250.850,0,0
1525198080,250.870,250.870,250.870,250.870,0,0
1525198140,250.850,250.920,250.850,250.920,0,0
1525198200,251.050,251.050,251.050,251.050,4559,341653
1525198320,251.010,251.140,251.010,251.140,0,0
1525198380,251.240,251.050,251.050,251.240,0,0
1525198800,251.410,251.330,251.330,251.410,10969,346212
1525198860,251.500,251.480,251.480,251.500,0,0
1525198920,251.440,251.440,251.440,251.440,0,0
1525198980,251.340,251.340,251.340,251.340,0,0
1525199040,251.400,251.300,251.300,251.400,0,0
1525199100,251.360,251.290,251.290,251.360,2245,357181
1525199220,251.360,251.290,251.290,251.360,0,0
1525199340,251.370,251.370,251.370,251.370,0,0
1525199400,251.310,251.310,251.310,251.310,4929,359426
1525199460,251.380,251.280,251.280,251.380,0,0
1525199520,251.390,251.410,251.390,251.410,0,0
1525199580,251.380,251.100,251.100,251.380,0,0
1525199640,251.230,251.230,251.230,251.230,0,0
1525199700,251.160,251.160,251.160,251.160,702,364355
1525199760,251.160,251.160,251.160,251.160,0,0
1525200000,251.180,251.150,251.150,251.180,15026,365057
1525200060,251.010,251.120,251.010,251.120,0,0
1525200240,251.430,251.460,251.390,251.460,0,0
1525200300,251.470,251.590,251.470,251.670,7713,380083
1525200360,251.780,251.860,251.630,251.860,0,0
1525200420,251.650,251.670,251.650,251.670,0,0
1525200480,251.720,251.480,251.480,251.720,0,0
1525200600,251.570,251.380,251.380,251.570,6574,387796
1525200660,251.020,251.090,251.020,251.090,0,0
1525200720,251.030,250.680,250.680,251.030,0,0
1525200780,250.550,250.550,250.550,250.550,0,0
1525200840,250.700,250.620,250.620,250.700,0,0
1525200900,250.580,250.610,250.580,250.660,2728,394370
1525200960,250.450,250.450,250.450,250.450,0,0
1525201080,250.530,250.530,250.530,250.530,0,0
1525201140,250.630,250.740,250.630,250.740,0,0
1525201200,250.850,250.860,250.850,250.860,8602,397098
1525201260,250.930,250.930,250.930,250.930,0,0
1525201320,250.850,250.980,250.850,250.980,0,0
1525201380,250.970,250.970,250.970,250.970,0,0
1525201440,250.790,250.520,250.520,250.790,0,0
1525201500,250.760,250.760,250.760,250.760,4268,405700
1525201560,250.680,250.680,250.680,250.680,0,0
1525201620,250.820,250.820,250.820,250.820,0,0
1525201680,250.820,250.890,250.820,250.990,0,0
1525201740,250.860,250.660,250.660,250.860,0,0
1525201800,250.620,250.700,250.570,250.700,5691,409968
1525201860,250.730,250.650,250.650,250.730,0,0
1525201920,250.530,250.450,250.430,250.530,0,0
1525201980,250.420,250.420,250.420,250.420,0,0
1525202040,250.410,250.430,250.410,250.510,0,0
1525202100,250.400,250.390,250.390,250.400,3958,415659
1525202160,250.500,250.400,250.400,250.500,0,0
1525202280,250.300,250.300,250.300,250.300,0,0
1525202340,250.380,250.190,250.190,250.380,0,0
1525202400,250.280,250.390,250.280,250.390,8009,419617
1525202460,250.360,250.500,250.360,250.500,0,0
1525202520,250.420,250.540,250.420,250.540,0,0
1525202580,250.540,250.550,250.540,250.550,0,0
1525202640,250.530,250.500,250.500,250.530,0,0
1525202700,250.550,250.430,250.430,250.550,7035,427626
1525202760,250.350,250.210,250.210,250.350,0,0
1525202820,250.190,250.270,250.190,250.270,0,0
1525202880,250.190,250.250,250.190,250.340,0,0
1525202940,250.520,250.520,250.520,250.520,0,0
1525203000,250.680,250.660,250.580,250.680,6587,434661
1525203060,250.580,250.630,250.500,250.630,0,0
1525203120,250.630,250.710,250.630,250.710,0,0
1525203180,250.840,250.840,250.840,250.840,0,0
1525203240,250.770,250.750,250.750,250.770,0,0
1525203300,250.890,250.840,250.840,250.890,8201,441248
1525203360,250.760,250.880,250.760,250.880,0,0
1525203420,250.880,250.880,250.880,250.880,0,0
1525203480,250.990,250.920,250.850,250.990,0,0
1525203540,250.800,250.630,250.630,250.800,0,0
1525203600,250.700,250.890,250.700,250.890,10105,449449
1525203720,251.000,250.920,250.890,251.000,0,0
1525203780,250.880,250.890,250.760,250.890,0,0
1525203840,251.000,250.930,250.930,251.000,0,0
1525203900,250.980,250.920,250.920,251.180,9545,459554
1525203960,251.010,251.070,251.010,251.070,0,0
1525204020,250.990,251.050,250.990,251.050,0,0
1525204080,251.150,251.150,251.150,251.150,0,0
1525204140,251.120,251.150,251.120,251.210,0,0
1525204200,251.310,251.500,251.310,251.500,27199,469099
1525204260,251.430,251.400,251.400,251.500,0,0
1525204320,251.490,251.350,251.350,251.500,0,0
1525204380,251.160,251.150,251.150,251.210,0,0
1525204440,251.240,251.260,251.180,251.260,0,0
1525204500,251.260,251.470,251.260,251.470,67867,496298
1525204560,251.500,251.510,251.460,251.510,0,0
1525204620,251.470,251.440,251.410,251.500,0,0
1525204680,251.400,251.320,251.310,251.400,0,0
1525204740,251.410,251.340,251.280,251.450,0,0
1525267800,250.400,250.400,250.400,250.400,16664,0
1525267860,251.580,251.580,251.580,251.580,0,0
1525267920,251.180,250.780,250.780,251.180,0,0
1525267980,250.780,251.130,250.780,251.130,0,0
1525268040,251.130,250.500,250.500,251.130,0,0
1525268100,250.670,250.620,250.620,250.670,6948,16664
1525268160,250.530,250.530,250.530,250.530,0,0
1525268220,250.300,249.860,249.860,250.300,0,0
1525268280,250.270,249.620,249.620,250.270,0,0
1525268340,249.810,249.500,249.500,249.810,0,0
1525268400,249.830,249.520,249.520,249.830,14882,23612
1525268460,249.490,249.420,249.420,249.630,0,0
1525268520,249.500,249.540,249.500,249.540,0,0
1525268640,249.600,250.260,249.600,250.260,0,0
1525268700,249.910,250.260,249.910,250.260,8223,38494
1525268760,250.510,250.650,250.510,250.650,0,0
1525268880,251.440,251.440,251.440,251.440,0,0
1525268940,251.740,251.730,251.730,251.860,0,0
1525269000,251.730,251.550,251.420,251.730,8094,46717
1525269060,251.680,251.360,251.360,251.680,0,0
1525269120,251.240,252.030,251.240,252.030,0,0
1525269180,252.190,252.820,252.190,252.820,0,0
1525269240,252.830,252.240,252.240,252.830,0,0
1525269300,252.390,252.190,252.190,252.390,14568,54811
1525269360,252.190,252.240,252.190,252.240,0,0
1525269420,252.380,251.740,251.590,252.380,0,0
1525269480,251.860,251.840,251.620,251.860,0,0
1525269540,251.750,250.980,250.980,251.750,0,0
1525269600,251.030,251.240,251.030,251.240,2598,69379
1525269660,251.350,251.350,251.350,251.350,0,0
1525269780,251.870,251.870,251.870,251.870,0,0
1525269900,252.050,252.400,252.020,252.400,10122,71977
1525269960,252.330,252.330,252.330,252.330,0,0
1525270020,252.920,252.920,252.920,252.920,0,0
1525270080,252.720,252.670,252.670,252.720,0,0
1525270140,252.400,252.460,252.400,252.460,0,0
1525270200,252.250,252.010,252.010,252.250,9789,82099
1525270260,252.290,252.090,252.090,252.290,0,0
1525270320,252.180,252.700,252.180,252.700,0,0
1525270380,252.700,252.810,252.700,252.810,0,0
1525270440,252.890,252.790,252.790,252.890,0,0
1525270500,252.720,252.650,252.650,252.720,8042,91888
1525270560,252.600,252.600,252.600,252.600,0,0
1525270680,252.470,252.700,252.470,252.700,0,0
1525270740,252.180,252.180,252.180,252.180,0,0
1525270800,252.360,252.390,252.360,252.390,8720,99930
1525270860,252.540,252.400,252.400,252.540,0,0
1525270920,252.300,252.300,252.300,252.300,0,0
1525270980,252.050,251.790,251.790,252.050,0,0
1525271040,251.730,251.760,251.730,251.760,0,0
1525271100,251.870,251.950,251.870,252.180,5458,108650
1525271160,252.260,252.270,252.260,252.270,0,0
1525271220,252.460,252.460,252.460,252.460,0,0
1525271280,252.260,251.880,251.880,252.260,0,0
1525271400,251.620,251.660,251.510,251.660,2775,114108
1525271460,251.710,251.710,251.710,251.710,0,0
1525271520,252.030,252.160,252.030,252.160,0,0
1525271640,252.000,252.050,252.000,252.050,0,0
1525271700,252.240,252.240,252.240,252.240,3091,116883
1525271760,252.240,252.240,252.240,252.240,0,0
1525271820,252.160,252.160,252.160,252.160,0,0
1525271880,252.230,252.160,251.860,252.230,0,0
1525272000,252.010,251.680,251.680,252.010,4404,119974
1525272060,251.940,251.940,251.940,251.940,0,0
1525272180,251.730,251.700,251.700,251.730,0,0
1525272240,251.580,251.470,251.470,251.580,0,0
1525272300,251.300,251.570,251.300,251.570,2526,124378
1525272360,251.630,251.630,251.630,251.630,0,0
1525272420,251.650,251.650,251.650,251.650,0,0
1525272540,251.640,251.640,251.640,251.640,0,0
1525272600,251.600,251.350,251.350,251.600,6631,126904
1525272660,251.280,251.300,251.280,251.300,0,0
1525272720,251.590,251.590,251.590,251.590,0,0
1525272780,251.800,251.850,251.800,251.900,0,0
1525272900,251.750,251.750,251.750,251.750,4830,133535
1525272960,252.060,251.950,251.950,252.060,0,0
1525273020,251.920,251.640,251.640,251.920,0,0
1525273080,251.680,251.810,251.680,251.810,0,0
1525273140,251.670,251.470,251.470,251.670,0,0
1525273200,251.920,251.920,251.920,251.920,2445,138365
1525273320,251.920,251.920,251.920,251.920,0,0
1525273380,251.770,251.410,251.410,251.770,0,0
1525273440,251.340,251.620,251.340,251.620,0,0
1525273500,251.970,251.970,251.970,251.970,1933,140810
1525273620,251.970,251.970,251.970,251.970,0,0
1525273680,251.820,251.540,251.540,251.820,0,0
1525273740,251.640,251.640,251.640,251.640,0,0
1525273800,251.490,251.490,251.490,251.490,5063,142743
1525273860,251.620,251.660,251.620,251.660,0,0
1525273920,251.700,251.700,251.700,251.700,0,0
1525273980,251.820,251.760,251.760,251.840,0,0
1525274040,252.000,251.880,251.880,252.000,0,0
1525274100,251.920,251.920,251.920,251.920,3469,147806
1525274160,251.880,251.880,251.880,251.880,0,0
1525274220,251.970,251.970,251.970,251.970,0,0
1525274280,251.770,251.910,251.650,251.910,0,0
1525274340,251.880,251.880,251.880,251.880,0,0
1525274400,251.880,251.880,251.880,251.880,1903,151275
1525274460,251.860,251.760,251.760,251.860,0,0
1525274580,251.720,251.720,251.720,251.720,0,0
1525274700,251.750,251.750,251.750,251.750,3478,153178
1525274760,251.640,251.690,251.600,251.690,0,0
1525274880,251.520,250.990,250.990,251.520,0,0
1525274940,251.240,251.240,251.240,251.240,0,0
1525275000,251.170,251.120,251.120,251.170,7051,156656
1525275120,251.180,251.180,251.180,251.180,0,0
1525275180,251.020,251.050,251.020,251.280,0,0
1525275240,251.170,251.450,251.170,251.450,0,0
1525275300,251.250,251.160,251.160,251.250,6788,163707
1525275360,251.270,251.270,251.270,251.270,0,0
1525275420,251.300,251.300,251.300,251.300,0,0
1525275480,251.190,251.190,251.190,251.190,0,0
1525275540,251.090,251.050,251.050,251.090,0,0
1525275600,251.200,251.350,251.200,251.350,9816,170495
1525275660,251.200,251.350,251.200,251.350,0,0
1525275720,251.370,250.880,250.880,251.370,0,0
1525275780,250.750,250.480,250.480,250.750,0,0
1525275840,250.440,250.350,250.350,250.440,0,0
1525275900,250.140,249.730,249.730,250.140,10010,180311
1525275960,249.480,249.660,249.450,249.670,0,0
1525276020,249.560,249.560,249.560,249.560,0,0
1525276080,250.000,250.000,250.000,250.000,0,0
1525276140,249.800,249.580,249.580,249.800,0,0
1525276200,250.030,250.030,250.030,250.030,3039,190321
1525276320,250.030,250.030,250.030,250.030,0,0
1525276380,250.030,250.520,250.030,250.520,0,0
1525276440,250.110,250.110,250.110,250.110,0,0
1525276500,249.910,249.910,249.910,249.910,2920,193360
1525276560,250.000,249.760,249.760,250.000,0,0
1525276620,249.900,250.110,249.900,250.110,0,0
1525276680,250.000,250.000,250.000,250.000,0,0
1525276740,250.190,250.190,250.190,250.190,0,0
1525276800,250.130,250.060,250.060,250.190,16779,196280
1525276860,250.000,249.740,249.740,250.000,0,0
1525276920,249.820,249.520,249.520,249.820,0,0
1525276980,249.610,249.770,249.610,249.770,0,0
1525277040,250.000,250.070,249.820,250.070,0,0
1525277100,250.040,250.040,250.040,250.040,5271,213059
1525277220,250.280,250.280,250.280,250.280,0,0
1525277280,250.320,250.320,250.320,250.320,0,0
1525277340,250.600,250.600,250.600,250.600,0,0
1525277400,250.550,250.800,250.550,250.800,9405,218330
1525277460,250.860,251.100,250.860,251.100,0,0
1525277520,251.290,251.290,251.290,251.290,0,0
1525277580,251.040,250.960,250.960,251.040,0,0
1525277640,250.990,250.730,250.730,250.990,0,0
1525277700,250.880,250.880,250.880,250.880,3149,227735
1525277760,250.880,250.880,250.880,250.880,0,0
1525277820,250.990,250.990,250.990,250.990,0,0
1525277880,251.300,251.210,251.210,251.300,0,0
1525277940,251.170,251.000,251.000,251.170,0,0
1525278000,250.880,250.880,250.880,250.880,4687,230884
1525278060,250.970,250.900,250.900,250.970,0,0
1525278120,250.840,250.790,250.790,250.840,0,0
1525278180,250.930,250.930,250.930,250.930,0,0
1525278240,250.900,250.900,250.900,250.900,0,0
1525278300,250.890,250.890,250.890,250.890,1646,235571
1525278360,251.320,251.320,251.320,251.320,0,0
1525278480,251.130,251.130,251.130,251.130,0,0
1525278540,251.140,251.140,251.140,251.140,0,0
1525278600,251.010,251.010,251.010,251.010,15738,237217
1525278660,251.010,251.010,251.010,251.010,0,0
1525278720,251.200,251.310,251.110,251.310,0,0
1525278780,251.000,251.000,251.000,251.000,0,0
1525278840,250.910,250.910,250.910,250.910,0,0
1525278900,250.900,251.000,250.900,251.000,5671,252955
1525278960,251.130,251.130,251.130,251.130,0,0
1525279020,251.170,251.170,251.170,251.170,0,0
1525279080,251.070,251.010,251.010,251.070,0,0
1525279140,250.990,250.970,250.970,251.090,0,0
1525279200,251.000,251.000,251.000,251.000,1597,258626
1525279260,251.120,251.120,251.120,251.120,0,0
1525279500,251.090,251.090,251.090,251.090,5995,260223
1525279560,251.090,251.090,251.090,251.090,0,0
1525279620,250.980,250.840,250.840,250.980,0,0
1525279680,251.010,251.010,251.010,251.010,0,0
1525279800,250.950,250.950,250.950,250.950,2931,266218
1525279920,250.950,250.950,250.950,250.950,0,0
1525279980,251.130,251.000,251.000,251.130,0,0
1525280040,250.960,250.970,250.850,250.970,0,0
1525280100,251.000,251.000,251.000,251.000,4914,269149
1525280160,251.000,251.000,251.000,251.000,0,0
1525280280,251.350,251.500,251.350,251.500,0,0
1525280340,251.410,251.340,251.340,251.410,0,0
1525280400,251.360,251.360,251.360,251.360,1859,274063
1525280640,251.700,251.700,251.700,251.700,0,0
1525280700,251.580,251.490,251.490,251.580,3732,275922
1525280760,251.580,251.490,251.490,251.580,0,0
1525280820,251.480,251.600,251.480,251.600,0,0
1525280880,251.700,251.700,251.700,251.700,0,0
1525280940,251.520,251.520,251.520,251.520,0,0
1525281000,251.570,251.570,251.570,251.570,6771,279654
1525281120,251.430,251.440,251.430,251.440,0,0
1525281180,251.510,251.510,251.510,251.510,0,0
1525281240,251.710,251.710,251.710,251.710,0,0
1525281300,251.580,251.580,251.580,251.580,5308,286425
1525281360,251.530,251.580,251.530,251.580,0,0
1525281480,251.570,251.630,251.570,251.630,0,0
1525281540,251.760,251.700,251.700,251.980,0,0
1525281600,251.700,251.700,251.700,251.700,7512,291733
1525281660,251.840,251.650,251.650,251.840,0,0
1525281720,251.620,251.620,251.620,251.620,0,0
1525281780,251.500,251.450,251.450,251.500,0,0
1525281840,251.440,251.450,251.440,251.450,0,0
1525281900,251.450,251.160,251.160,251.450,5386,299245
1525281960,251.450,251.160,251.160,251.450,0,0
1525282020,250.970,251.110,250.970,251.110,0,0
1525282080,251.240,251.280,251.240,251.280,0,0
1525282140,251.100,251.080,251.080,251.100,0,0
1525282200,251.050,251.280,251.050,251.280,2024,304631
1525282260,251.220,251.220,251.220,251.220,0,0
1525282320,251.150,251.080,251.080,251.150,0,0
1525282500,251.060,250.840,250.840,251.060,7729,306655
1525282560,251.050,251.050,251.050,251.050,0,0
1525282620,251.210,251.210,251.210,251.210,0,0
1525282680,251.190,251.190,251.190,251.190,0,0
1525282740,251.020,251.070,251.020,251.070,0,0
1525282800,251.140,251.140,251.140,251.140,3772,314384
1525282920,251.220,251.070,251.070,251.220,0,0
1525282980,251.050,251.050,251.050,251.050,0,0
1525283040,251.070,251.140,251.070,251.140,0,0
1525283100,251.390,251.390,251.390,251.390,2990,318156
1525283220,251.230,251.230,251.230,251.230,0,0
1525283340,251.080,251.100,251.080,251.100,0,0
1525283400,251.080,250.960,250.960,251.080,8582,321146
1525283460,250.950,250.880,250.880,250.950,0,0
1525283520,250.900,250.880,250.880,250.900,0,0
1525283580,250.890,250.910,250.890,250.910,0,0
1525283700,250.970,250.820,250.820,250.970,4962,329728
1525283760,250.770,250.740,250.740,250.770,0,0
1525283820,250.720,250.530,250.300,250.720,0,0
1525283880,250.300,250.300,250.300,250.300,0,0
1525283940,250.550,250.550,250.550,250.550,0,0
1525284000,250.610,250.950,250.610,251.070,12985,334690
1525284060,250.850,250.990,250.850,250.990,0,0
1525284120,251.180,251.180,251.180,251.180,0,0
1525284180,251.050,251.070,251.050,251.210,0,0
1525284240,251.220,251.240,251.220,251.240,0,0
1525284300,251.250,251.250,251.250,251.250,10588,347675
1525284360,251.230,251.400,251.230,251.400,0,0
1525284420,251.500,251.740,251.500,251.740,0,0
1525284480,252.040,251.930,251.930,252.290,0,0
1525284540,252.000,252.000,252.000,252.000,0,0
1525284600,252.010,252.010,252.010,252.010,18603,358263
1525284660,252.120,252.040,252.040,252.120,0,0
1525284720,251.920,251.650,251.570,251.920,0,0
1525284780,251.740,251.740,251.740,251.740,0,0
1525284840,251.630,251.330,251.330,251.630,0,0
1525284900,251.500,251.540,251.500,251.540,15267,376866
1525284960,252.230,252.230,252.230,252.230,0,0
1525285020,251.920,252.340,251.920,252.340,0,0
1525285080,252.140,251.470,251.470,252.140,0,0
1525285200,251.860,252.100,251.860,252.100,5738,392133
1525285260,252.110,252.130,252.110,252.130,0,0
1525285320,252.520,251.960,251.960,252.520,0,0
1525285380,251.820,251.680,251.680,251.820,0,0
1525285440,251.500,251.540,251.500,251.540,0,0
1525285500,251.760,251.760,251.760,251.760,10100,397871
1525285560,251.890,251.890,251.890,251.890,0,0
1525285620,251.640,251.760,251.640,251.760,0,0
1525285680,252.070,252.070,252.070,252.070,0,0
1525285740,252.040,252.000,251.910,252.040,0,0
1525285800,252.250,252.210,252.210,252.280,9190,407971
1525285860,252.250,252.210,252.210,252.280,0,0
1525285920,252.180,252.250,252.180,252.250,0,0
1525285980,252.050,252.020,252.020,252.060,0,0
1525286040,251.850,251.850,251.850,251.850,0,0
1525286100,251.730,251.840,251.730,251.840,4727,417161
1525286160,251.710,252.080,251.710,252.080,0,0
1525286280,251.970,252.090,251.970,252.090,0,0
1525286340,252.000,251.970,251.970,252.000,0,0
1525286400,251.860,251.930,251.860,252.070,6744,421888
1525286460,251.840,251.830,251.810,251.840,0,0
1525286520,251.910,252.030,251.910,252.030,0,0
1525286640,251.870,251.870,251.870,251.870,0,0
1525286700,252.100,252.120,252.100,252.200,12402,428632
1525286760,251.900,251.930,251.800,251.930,0,0
1525286820,252.080,251.860,251.860,252.080,0,0
1525286880,252.000,251.790,251.790,252.000,0,0
1525286940,251.890,251.890,251.890,251.890,0,0
1525287000,251.920,251.920,251.920,251.920,7203,441034
1525287120,251.740,251.710,251.710,251.740,0,0
1525287180,251.760,251.440,251.440,251.760,0,0
1525287240,251.080,250.950,250.950,251.080,0,0
1525287300,251.040,250.970,250.970,251.040,6684,448237
1525287360,250.970,250.880,250.880,250.970,0,0
1525287420,250.900,250.900,250.900,250.900,0,0
1525287540,251.290,250.980,250.980,251.310,0,0
1525287600,251.060,250.880,250.880,251.060,22441,454921
1525287660,251.030,250.550,250.550,251.050,0,0
1525287720,250.720,250.120,250.120,250.720,0,0
1525287780,250.100,250.410,250.100,250.410,0,0
1525287840,250.330,250.420,250.220,250.420,0,0
1525287900,250.460,250.580,250.460,250.580,15573,477362
1525288020,250.530,250.560,250.530,250.560,0,0
1525288080,250.590,250.800,250.590,250.800,0,0
1525288140,251.090,250.870,250.870,251.090,0,0
1525288200,250.810,250.870,250.810,250.870,17100,492935
1525288260,250.840,250.380,250.380,250.840,0,0
1525288320,250.310,250.090,249.960,250.310,0,0
1525288380,250.200,250.070,250.070,250.200,0,0
1525288440,250.130,250.130,250.130,250.130,0,0
1525288500,250.030,249.980,249.980,250.030,7277,510035
1525288560,250.220,250.220,250.220,250.220,0,0
1525288620,250.190,250.360,250.190,250.370,0,0
1525288680,250.340,250.420,250.320,250.420,0,0
1525288740,250.420,250.300,250.280,250.420,0,0
1525288800,250.080,250.130,250.080,250.130,22088,517312
1525288860,250.010,249.840,249.840,250.010,0,0
1525288920,249.810,249.560,249.560,249.830,0,0
1525288980,249.610,249.500,249.500,249.610,0,0
1525289040,249.500,249.290,249.290,249.500,0,0
1525289100,249.290,249.290,249.290,249.290,14199,539400
1525289160,249.380,249.720,249.380,249.720,0,0
1525289220,249.750,249.760,249.750,249.760,0,0
1525289280,249.770,249.760,249.660,249.780,0,0
1525289340,249.900,249.900,249.900,249.900,0,0
1525289400,249.940,249.790,249.710,249.960,16828,553599
1525289460,249.870,250.060,249.870,250.060,0,0
1525289520,250.020,249.990,249.980,250.020,0,0
1525289580,249.940,250.100,249.930,250.100,0,0
1525289640,249.990,250.240,249.990,250.240,0,0
1525289700,250.230,250.260,249.970,250.320,12729,570427
1525289760,249.980,250.130,249.980,250.130,0,0
1525289820,249.990,249.920,249.920,249.990,0,0
1525289880,249.850,249.980,249.850,249.980,0,0
1525289940,249.980,250.270,249.960,250.270,0,0
1525290000,250.100,250.020,249.880,250.100,13822,583156
1525290060,250.120,250.350,250.120,250.380,0,0
1525290120,250.250,250.050,250.050,250.250,0,0
1525290180,249.980,250.020,249.920,250.020,0,0
1525290240,249.850,249.850,249.850,249.850,0,0
1525290300,249.680,249.710,249.680,249.750,16321,596978
1525290360,249.670,249.620,249.620,249.670,0,0
1525290420,249.610,249.710,249.590,249.710,0,0
1525290480,249.530,249.770,249.530,249.770,0,0
1525290540,249.780,249.720,249.620,249.780,0,0
1525290600,249.580,249.450,249.240,249.810,34041,613299
1525290660,249.470,249.440,249.400,249.470,0,0
1525290720,249.390,249.210,249.200,249.390,0,0
1525290780,249.170,249.400,249.170,249.400,0,0
1525290840,249.350,249.280,249.270,249.410,0,0
1525290900,249.380,249.360,249.360,249.520,87058,647340
1525290960,249.420,249.550,249.420,249.550,0,0
1525291020,249.590,249.580,249.490,249.770,0,0
1525291080,249.560,249.550,249.470,249.610,0,0
1525291140,249.600,249.470,249.470,249.690,0,0
1525354200,247.530,247.520,247.520,247.530,84916,0
1525354260,248.000,248.500,248.000,248.500,0,0
1525354320,249.120,249.740,249.120,249.740,0,0
1525354380,249.720,250.630,249.720,250.630,0,0
1525354440,250.380,250.010,250.010,250.380,0,0
1525354500,250.040,250.040,250.040,250.040,6446,84916
1525354560,248.950,248.950,248.950,248.950,0,0
1525354620,249.420,249.850,249.420,249.990,0,0
1525354680,249.990,249.960,249.960,250.250,0,0
1525354740,250.690,250.150,250.150,250.690,0,0
1525354800,250.400,250.890,250.400,250.890,5522,91362
1525354860,250.760,250.760,250.760,250.760,0,0
1525354980,250.540,250.100,250.100,250.540,0,0
1525355040,249.660,249.660,249.660,249.660,0,0
1525355100,249.710,250.540,249.710,250.570,5209,96884
1525355220,250.790,250.870,250.600,250.870,0,0
1525355280,251.250,251.320,250.780,251.320,0,0
1525355340,250.840,250.840,250.840,250.840,0,0
1525355400,250.570,250.570,250.570,250.570,7504,102093
1525355460,250.720,251.150,250.720,251.150,0,0
1525355520,250.500,251.110,250.330,251.110,0,0
1525355580,251.170,250.980,250.980,251.170,0,0
1525355640,250.710,251.400,250.710,251.400,0,0
1525355700,251.330,251.460,251.330,251.460,5894,109597
1525355760,251.330,251.460,251.330,251.460,0,0
1525355820,251.760,251.560,251.560,251.760,0,0
1525355880,251.490,251.430,251.430,251.490,0,0
1525355940,251.460,251.460,251.460,251.460,0,0
1525356000,251.430,251.040,251.040,251.430,9633,115491
1525356060,250.510,250.740,250.490,250.740,0,0
1525356120,251.060,251.250,251.060,251.250,0,0
1525356180,251.150,251.150,251.150,251.150,0,0
1525356240,250.410,250.350,250.220,250.620,0,0
1525356300,250.400,249.650,249.470,250.400,11449,125124
1525356360,249.720,249.680,249.680,249.720,0,0
1525356420,249.630,249.360,249.360,249.630,0,0
1525356480,249.570,250.170,249.570,250.170,0,0
1525356540,250.140,250.550,250.140,250.550,0,0
1525356600,250.680,250.750,250.680,250.750,11608,136573
1525356660,250.170,249.650,249.560,250.170,0,0
1525356720,249.400,249.240,249.240,249.400,0,0
1525356780,249.570,249.620,249.570,249.870,0,0
1525356840,249.440,249.440,249.440,249.440,0,0
1525356900,249.590,249.590,249.590,249.590,12985,148181
1525356960,249.890,249.840,249.840,249.890,0,0
1525357020,249.360,249.360,249.360,249.360,0,0
1525357080,249.330,249.250,249.250,249.330,0,0
1525357140,249.280,249.270,249.270,249.280,0,0
1525357200,249.190,248.880,248.880,249.190,20101,161166
1525357260,249.150,248.400,248.400,249.150,0,0
1525357320,247.800,247.640,247.640,247.840,0,0
1525357380,247.500,247.090,247.020,247.500,0,0
1525357440,246.950,247.000,246.460,247.000,0,0
1525357500,246.970,246.610,246.610,246.980,11261,181267
1525357560,246.390,246.420,246.060,246.420,0,0
1525357620,246.100,246.770,246.000,246.770,0,0
1525357680,246.780,246.970,246.780,246.980,0,0
1525357740,247.000,247.310,246.730,247.310,0,0
1525357800,247.090,247.430,247.010,247.430,20344,192528
1525357860,247.710,247.590,247.590,247.840,0,0
1525357920,247.370,247.240,247.240,247.660,0,0
1525357980,247.120,246.200,246.200,247.120,0,0
1525358040,245.990,245.700,245.700,245.990,0,0
1525358100,245.470,245.620,245.460,245.620,12941,212872
1525358160,245.410,245.130,245.120,245.410,0,0
1525358220,245.470,245.710,245.470,245.790,0,0
1525358280,245.910,245.660,245.630,245.910,0,0
1525358340,246.060,246.060,246.060,246.060,0,0
1525358400,246.480,246.670,246.480,246.780,12355,225813
1525358460,246.630,247.120,246.630,247.130,0,0
1525358520,247.260,246.930,246.670,247.260,0,0
1525358580,246.890,247.020,246.690,247.020,0,0
1525358640,246.820,246.410,246.410,246.820,0,0
1525358700,246.680,246.280,246.280,246.680,4923,238168
1525358760,246.500,246.610,246.220,246.610,0,0
1525358820,246.410,246.410,246.410,246.410,0,0
1525358940,246.470,246.470,246.470,246.470,0,0
1525359000,245.990,245.660,245.660,245.990,8663,243091
1525359060,245.910,245.910,245.910,245.910,0,0
1525359120,245.790,245.670,245.480,246.000,0,0
1525359180,245.660,245.660,245.660,245.660,0,0
1525359240,245.990,245.690,245.690,245.990,0,0
1525359300,245.640,245.510,245.510,245.640,19953,251754
1525359360,245.210,244.560,244.560,245.210,0,0
1525359420,244.830,244.830,244.830,244.830,0,0
1525359480,244.700,244.870,244.700,244.870,0,0
1525359540,244.930,245.470,244.930,245.470,0,0
1525359600,245.160,245.000,245.000,245.160,14237,271707
1525359660,245.400,245.180,245.170,245.430,0,0
1525359720,245.420,244.910,244.650,245.420,0,0
1525359780,245.080,244.780,244.750,245.080,0,0
1525359840,244.720,244.720,244.720,244.720,0,0
1525359900,244.770,245.220,244.770,245.220,6726,285944
1525359960,245.880,245.600,245.570,245.880,0,0
1525360020,245.630,245.630,245.630,245.630,0,0
1525360080,245.440,245.820,245.440,245.820,0,0
1525360140,245.550,245.750,245.550,245.750,0,0
1525360200,245.590,246.570,245.590,246.570,8521,292670
1525360260,246.470,246.590,246.470,246.590,0,0
1525360320,246.480,246.480,246.480,246.480,0,0
1525360380,246.380,246.160,246.160,246.380,0,0
1525360440,246.310,246.640,246.310,246.640,0,0
1525360500,246.550,246.900,246.550,246.900,6946,301191
1525360560,246.720,246.860,246.720,246.860,0,0
1525360620,246.680,246.760,246.570,246.760,0,0
1525360680,246.620,246.000,246.000,246.620,0,0
1525360740,246.160,245.980,245.980,246.160,0,0
1525360800,245.940,245.310,245.310,245.940,9726,308137
1525360860,245.290,245.430,245.270,245.430,0,0
1525360920,245.570,245.570,245.570,245.570,0,0
1525360980,245.410,245.380,245.380,245.410,0,0
1525361040,245.450,245.700,245.450,245.700,0,0
1525361100,245.670,245.820,245.500,245.820,6236,317863
1525361160,245.910,245.910,245.910,245.910,0,0
1525361220,245.800,245.800,245.800,245.800,0,0
1525361280,245.590,245.340,245.340,245.600,0,0
1525361340,245.150,244.900,244.900,245.150,0,0
1525361400,244.830,244.920,244.830,244.930,12154,324099
1525361460,244.690,245.060,244.690,245.060,0,0
1525361520,245.070,244.920,244.920,245.070,0,0
1525361640,244.940,244.940,244.940,244.940,0,0
1525361700,245.250,245.250,245.250,245.250,5663,336253
1525361760,244.990,244.990,244.990,244.990,0,0
1525361820,245.320,245.150,245.150,245.320,0,0
1525361880,245.540,245.540,245.540,245.540,0,0
1525361940,245.350,245.350,245.350,245.350,0,0
1525362000,245.460,245.600,245.460,245.600,3554,341916
1525362120,245.010,245.010,245.010,245.010,0,0
1525362180,245.070,245.070,245.070,245.070,0,0
1525362300,245.710,245.590,245.590,245.760,15811,345470
1525362360,245.640,245.720,245.640,245.720,0,0
1525362420,245.870,246.340,245.870,246.340,0,0
1525362480,246.450,246.500,246.450,246.500,0,0
1525362540,246.660,246.450,246.160,246.660,0,0
1525362600,246.410,246.500,246.400,246.500,18751,361281
1525362660,246.430,246.440,246.340,246.440,0,0
1525362720,246.750,246.840,246.440,246.840,0,0
1525362780,246.770,246.770,246.770,246.770,0,0
1525362840,247.100,247.260,247.100,247.260,0,0
1525362900,246.950,246.950,246.950,246.950,15993,380032
1525363020,247.000,246.700,246.700,247.060,0,0
1525363080,246.550,246.380,246.340,246.550,0,0
1525363140,246.220,246.400,246.220,246.400,0,0
1525363200,246.370,246.240,246.240,246.440,12264,396025
1525363260,246.570,247.110,246.570,247.110,0,0
1525363320,246.780,246.880,246.780,246.880,0,0
1525363380,246.700,246.500,246.500,246.700,0,0
1525363440,246.660,246.560,246.560,246.870,0,0
1525363500,246.840,246.840,246.840,246.840,11633,408289
1525363560,247.490,247.150,247.150,247.500,0,0
1525363620,247.140,246.900,246.900,247.280,0,0
1525363680,247.140,247.110,247.070,247.370,0,0
1525363740,247.250,247.280,247.220,247.280,0,0
1525363800,247.100,247.100,247.100,247.100,5142,419922
1525363860,246.910,246.860,246.860,246.940,0,0
1525363980,246.930,246.970,246.930,246.970,0,0
1525364040,247.100,247.290,247.100,247.290,0,0
1525364100,247.330,247.160,247.160,247.330,3454,425064
1525364220,246.930,246.930,246.930,246.930,0,0
1525364280,246.830,246.830,246.830,246.830,0,0
1525364340,246.790,246.790,246.790,246.790,0,0
1525364400,246.720,246.830,246.720,246.960,7209,428518
1525364460,246.920,247.050,246.920,247.050,0,0
1525364580,247.140,247.140,247.140,247.140,0,0
1525364640,246.910,246.910,246.910,246.910,0,0
1525364700,246.720,246.740,246.720,246.740,2955,435727
1525364760,246.750,246.580,246.580,246.780,0,0
1525364940,246.770,246.770,246.770,246.770,0,0
1525365000,246.960,247.030,246.960,247.030,6015,438682
1525365060,247.220,247.220,247.220,247.220,0,0
1525365120,247.020,247.170,247.020,247.170,0,0
1525365180,247.140,247.510,247.140,247.510,0,0
1525365240,247.900,248.000,247.900,248.000,0,0
1525365300,248.000,248.000,248.000,248.000,10108,444697
1525365360,248.160,248.420,248.160,248.420,0,0
1525365420,248.380,248.850,248.380,248.850,0,0
1525365540,249.290,248.830,248.830,249.290,0,0
1525365600,248.840,248.840,248.840,248.840,12073,454805
1525365660,249.160,249.510,249.160,249.510,0,0
1525365720,249.540,249.600,249.540,249.650,0,0
1525365780,249.670,250.160,249.670,250.230,0,0
1525365840,249.940,249.940,249.940,249.940,0,0
1525365900,250.070,250.410,250.070,250.410,7874,466878
1525365960,250.210,250.210,250.210,250.210,0,0
1525366020,250.270,250.270,250.270,250.270,0,0
1525366080,250.310,250.600,250.310,250.600,0,0
1525366140,250.440,250.440,250.440,250.440,0,0
1525366200,250.220,250.220,250.220,250.220,15233,474752
1525366260,250.520,250.650,250.520,250.650,0,0
1525366320,250.650,251.180,250.440,251.230,0,0
1525366380,250.990,250.990,250.990,250.990,0,0
1525366440,251.550,251.400,251.110,251.550,0,0
1525366500,251.410,251.460,251.410,251.460,10596,489985
1525366560,251.680,251.810,251.390,251.810,0,0
1525366620,252.000,251.990,251.910,252.000,0,0
1525366680,252.080,252.080,252.080,252.080,0,0
1525366740,252.150,252.150,252.150,252.150,0,0
1525366800,252.120,251.720,251.720,252.120,8547,500581
1525366860,251.010,251.000,250.950,251.170,0,0
1525366920,251.480,251.340,251.340,251.480,0,0
1525366980,251.070,251.170,251.070,251.170,0,0
1525367040,251.170,251.160,251.160,251.170,0,0
1525367100,250.940,251.030,250.940,251.030,3400,509128
1525367160,251.160,251.370,251.160,251.370,0,0
1525367340,251.640,251.440,251.370,251.640,0,0
1525367400,251.300,251.280,251.280,251.300,5988,512528
1525367580,251.270,250.970,250.970,251.270,0,0
1525367640,250.880,250.920,250.840,250.920,0,0
1525367700,251.060,251.270,251.060,251.270,3098,518516
1525367760,251.580,251.580,251.580,251.580,0,0
1525367820,251.740,251.390,251.390,251.740,0,0
1525367880,251.410,251.410,251.410,251.410,0,0
1525368000,251.570,251.570,251.570,251.570,5183,521614
1525368060,251.440,251.300,251.300,251.440,0,0
1525368120,251.210,250.990,250.990,251.210,0,0
1525368180,250.770,250.720,250.720,250.770,0,0
1525368240,250.780,250.650,250.650,250.780,0,0
1525368300,250.500,250.680,250.390,250.720,7317,526797
1525368360,250.600,250.540,250.320,250.600,0,0
1525368420,250.620,250.700,250.540,250.700,0,0
1525368480,250.740,250.640,250.640,250.740,0,0
1525368540,250.520,250.360,250.360,250.520,0,0
1525368600,250.240,250.350,250.240,250.350,16440,534114
1525368660,250.700,251.220,250.700,251.390,0,0
1525368720,250.910,250.910,250.910,250.910,0,0
1525368780,251.090,251.590,251.090,251.590,0,0
1525368840,251.740,252.140,251.740,252.140,0,0
1525368900,252.090,252.490,252.090,252.490,8591,550554
1525368960,252.470,252.470,252.470,252.470,0,0
1525369020,252.480,252.360,252.320,252.480,0,0
1525369080,252.460,252.170,252.140,252.460,0,0
1525369140,252.120,252.150,252.000,252.150,0,0
1525369200,252.210,252.260,252.210,252.260,8986,559145
1525369260,252.130,252.240,252.130,252.240,0,0
1525369320,252.000,252.210,252.000,252.220,0,0
1525369380,252.410,252.280,252.280,252.410,0,0
1525369440,252.320,252.320,252.320,252.320,0,0
1525369500,252.280,252.150,252.150,252.280,7439,568131
1525369560,252.280,252.150,252.150,252.280,0,0
1525369620,252.310,252.110,252.110,252.310,0,0
1525369680,251.990,251.840,251.840,251.990,0,0
1525369740,252.040,252.130,252.030,252.130,0,0
1525369800,252.090,251.960,251.960,252.090,5026,575570
1525369860,252.090,252.000,252.000,252.090,0,0
1525369920,252.000,252.000,252.000,252.000,0,0
1525369980,252.010,252.040,251.950,252.040,0,0
1525370040,251.980,252.000,251.980,252.000,0,0
1525370100,252.140,252.140,252.140,252.140,4541,580596
1525370160,252.140,252.140,252.140,252.140,0,0
1525370220,252.480,252.480,252.480,252.480,0,0
1525370280,252.490,252.490,252.490,252.490,0,0
1525370340,252.260,252.190,252.190,252.260,0,0
1525370400,252.010,251.970,251.970,252.150,10876,585137
1525370460,252.040,252.070,252.000,252.070,0,0
1525370520,251.870,251.760,251.760,251.870,0,0
1525370580,251.750,251.760,251.750,251.880,0,0
1525370640,251.800,251.840,251.800,251.840,0,0
1525370700,251.900,251.920,251.860,251.920,13961,596013
1525370760,252.040,252.020,251.920,252.040,0,0
1525370820,252.040,252.080,252.040,252.200,0,0
1525370880,252.100,252.310,252.100,252.310,0,0
1525370940,252.240,252.590,252.240,252.630,0,0
1525371000,252.460,252.600,252.460,252.600,9714,609974
1525371060,252.490,252.330,252.330,252.490,0,0
1525371120,252.450,252.310,252.310,252.520,0,0
1525371180,252.480,252.840,252.480,252.840,0,0
1525371300,252.870,252.790,252.790,252.880,9659,619688
1525371360,252.970,252.450,252.450,252.970,0,0
1525371420,252.440,252.490,252.440,252.490,0,0
1525371480,252.590,252.680,252.590,252.680,0,0
1525371540,252.700,252.720,252.700,252.840,0,0
1525371600,252.620,252.850,252.620,252.850,6576,629347
1525371720,252.800,252.480,252.480,252.800,0,0
1525371780,252.670,252.460,252.460,252.670,0,0
1525371840,252.360,252.540,252.360,252.540,0,0
1525371900,252.490,252.680,252.490,252.870,7062,635923
1525371960,252.790,252.790,252.790,252.790,0,0
1525372020,252.740,252.830,252.740,252.830,0,0
1525372080,252.680,252.680,252.680,252.680,0,0
1525372140,253.000,253.030,253.000,253.100,0,0
1525372200,253.250,253.050,253.050,253.250,7998,642985
1525372260,253.280,253.140,253.140,253.280,0,0
1525372320,253.280,253.290,253.280,253.290,0,0
1525372380,253.400,253.630,253.400,253.630,0,0
1525372440,253.710,253.390,253.390,253.710,0,0
1525372500,253.380,253.330,253.330,253.520,7683,650983
1525372560,253.520,253.800,253.520,253.800,0,0
1525372620,254.020,254.030,254.020,254.030,0,0
1525372680,253.900,253.900,253.900,253.900,0,0
1525372740,253.880,254.050,253.880,254.060,0,0
1525372800,254.000,253.730,253.730,254.000,8760,658666
1525372860,254.000,254.110,254.000,254.110,0,0
1525372920,254.230,253.990,253.990,254.230,0,0
1525372980,253.970,254.210,253.970,254.210,0,0
1525373040,253.910,253.820,253.720,253.910,0,0
1525373100,253.750,253.750,253.750,253.750,13674,667426
1525373160,253.930,253.840,253.840,253.930,0,0
1525373220,253.930,254.150,253.840,254.240,0,0
1525373280,254.250,254.310,254.250,254.310,0,0
1525373340,254.470,254.310,254.250,254.470,0,0
1525373400,254.280,254.240,254.240,254.320,10560,681100
1525373460,254.390,254.550,254.390,254.550,0,0
1525373520,254.650,254.560,254.560,254.690,0,0
1525373580,254.610,254.540,254.540,254.610,0,0
1525373640,254.720,254.710,254.590,254.720,0,0
1525373700,254.860,254.860,254.860,254.860,9218,691660
1525373760,254.600,254.450,254.450,254.630,0,0
1525373820,254.130,254.340,254.130,254.340,0,0
1525373880,254.450,254.220,254.220,254.450,0,0
1525373940,254.270,254.270,254.270,254.270,0,0
1525374000,254.500,254.450,254.440,254.640,10900,700878
1525374060,254.410,254.570,254.320,254.640,0,0
1525374120,254.550,254.610,254.550,254.620,0,0
1525374180,254.500,254.500,254.500,254.500,0,0
1525374240,254.440,254.430,254.430,254.440,0,0
1525374300,254.320,254.000,254.000,254.320,9637,711778
1525374360,253.970,254.240,253.890,254.240,0,0
1525374420,254.590,254.660,254.590,254.660,0,0
1525374480,254.620,254.680,254.620,254.750,0,0
1525374540,254.510,254.290,254.290,254.510,0,0
1525374600,254.000,254.000,254.000,254.000,11632,721415
1525374660,254.010,254.320,254.010,254.320,0,0
1525374720,254.330,254.500,254.330,254.500,0,0
1525374780,254.580,254.470,254.430,254.580,0,0
1525374840,254.540,254.500,254.500,254.550,0,0
1525374900,254.470,254.380,254.380,254.470,5874,733047
1525374960,254.520,254.620,254.520,254.620,0,0
1525375020,254.480,254.420,254.420,254.480,0,0
1525375080,254.350,254.350,254.350,254.350,0,0
1525375140,254.320,254.570,254.320,254.570,0,0
1525375200,254.580,254.540,254.540,254.660,5763,738921
1525375260,254.580,254.540,254.540,254.660,0,0
1525375320,254.340,254.340,254.340,254.340,0,0
1525375380,254.360,254.520,254.360,254.520,0,0
1525375440,254.590,254.590,254.590,254.590,0,0
1525375500,254.490,254.490,254.490,254.490,10394,744684
1525375560,254.480,254.490,254.430,254.500,0,0
1525375620,254.620,254.530,254.530,254.620,0,0
1525375680,254.510,254.470,254.470,254.560,0,0
1525375740,254.490,254.610,254.490,254.610,0,0
1525375800,254.720,255.080,254.710,255.080,17004,755078
1525375860,255.000,255.070,254.950,255.070,0,0
1525375920,255.160,255.040,255.040,255.160,0,0
1525375980,255.020,255.090,255.020,255.090,0,0
1525376040,254.910,255.090,254.810,255.090,0,0
1525376100,255.090,255.070,255.070,255.290,22393,772082
1525376160,254.980,254.900,254.900,255.010,0,0
1525376220,254.880,255.170,254.880,255.170,0,0
1525376280,255.090,255.090,255.090,255.090,0,0
1525376340,255.030,254.820,254.770,255.030,0,0
1525376400,254.720,254.580,254.530,254.720,18028,794475
1525376460,254.540,254.690,254.540,254.700,0,0
1525376520,254.730,254.740,254.730,254.740,0,0
1525376580,254.800,254.760,254.730,254.810,0,0
1525376640,254.870,254.830,254.830,255.060,0,0
1525376700,254.930,254.970,254.930,255.060,18005,812503
1525376760,254.970,254.830,254.830,254.970,0,0
1525376820,254.880,254.780,254.780,254.920,0,0
1525376880,254.890,254.910,254.890,254.910,0,0
1525376940,254.840,255.010,254.810,255.010,0,0
1525377000,255.160,255.290,255.070,255.290,34400,830508
1525377060,255.390,255.340,255.340,255.410,0,0
1525377120,255.260,255.280,255.230,255.280,0,0
1525377180,255.280,255.250,255.180,255.280,0,0
1525377240,255.300,255.170,255.170,255.360,0,0
1525377300,255.110,254.740,254.740,255.330,96073,864908
1525377360,254.790,255.000,254.790,255.000,0,0
1525377420,254.950,254.920,254.870,254.950,0,0
1525377480,254.930,254.650,254.650,254.930,0,0
1525377540,254.800,255.140,254.800,255.310,0,0
1525440600,251.120,250.180,249.580,251.120,41728,0
1525440660,250.030,249.150,249.150,250.030,0,0
1525440720,248.550,248.000,248.000,248.550,0,0
1525440780,247.960,247.200,247.200,247.960,0,0
1525440840,247.530,248.030,247.530,248.030,0,0
1525440900,248.220,246.730,246.390,248.220,48132,41728
1525440960,247.260,247.660,247.260,248.130,0,0
1525441020,247.710,247.720,247.280,247.820,0,0
1525441080,247.750,247.760,247.660,247.970,0,0
1525441140,247.880,247.990,247.520,248.550,0,0
1525441200,247.790,248.330,247.790,248.330,25020,89860
1525441260,248.010,248.030,247.750,248.030,0,0
1525441320,248.030,247.870,247.870,248.030,0,0
1525441380,248.080,248.420,248.080,248.420,0,0
1525441440,248.440,249.240,248.440,249.240,0,0
1525441500,249.410,249.120,249.010,249.410,26569,114880
1525441560,249.510,249.410,249.260,249.510,0,0
1525441620,249.320,249.170,249.020,249.320,0,0
1525441680,249.150,249.150,249.150,249.150,0,0
1525441740,249.250,249.280,249.250,249.580,0,0
1525441800,249.140,248.990,248.740,249.140,19437,141449
1525441860,248.820,248.730,248.530,249.060,0,0
1525441920,248.760,248.910,248.580,248.910,0,0
1525441980,248.720,248.980,248.720,248.980,0,0
1525442040,249.170,249.110,249.110,249.330,0,0
1525442100,249.460,249.410,249.410,249.460,19850,160886
1525442160,249.600,249.650,249.600,249.940,0,0
1525442220,250.000,249.860,249.860,250.050,0,0
1525442280,249.780,249.650,249.650,250.000,0,0
1525442340,250.040,250.050,250.040,250.050,0,0
1525442400,249.950,250.040,249.740,250.040,20461,180736
1525442460,250.040,250.110,250.020,250.110,0,0
1525442520,250.450,250.710,250.450,250.900,0,0
1525442580,251.060,251.290,250.890,251.450,0,0
1525442640,251.120,251.530,251.120,251.530,0,0
1525442700,251.320,250.800,250.800,251.320,18243,201197
1525442760,251.150,250.730,250.730,251.150,0,0
1525442820,250.920,251.200,250.800,251.210,0,0
1525442940,251.190,250.650,250.650,251.190,0,0
1525443000,250.930,250.360,250.360,250.930,12094,219440
1525443060,250.330,250.510,250.330,250.610,0,0
1525443120,250.430,250.550,250.310,250.550,0,0
1525443180,250.640,250.750,250.500,250.750,0,0
1525443240,251.090,250.950,250.900,251.100,0,0
1525443300,250.920,250.460,250.390,250.920,21147,231534
1525443360,250.810,250.810,250.810,250.810,0,0
1525443420,250.940,250.870,250.870,250.940,0,0
1525443480,250.620,250.950,250.510,250.950,0,0
1525443540,250.950,250.880,250.880,250.990,0,0
1525443600,250.840,250.790,250.790,251.070,8714,252681
1525443660,250.690,250.690,250.690,250.690,0,0
1525443720,250.810,250.670,250.570,250.810,0,0
1525443780,250.690,251.100,250.690,251.100,0,0
1525443840,251.100,251.100,251.100,251.100,0,0
1525443900,250.990,251.040,250.990,251.060,17958,261395
1525443960,251.170,251.190,251.030,251.380,0,0
1525444020,251.340,251.130,251.130,251.340,0,0
1525444080,251.260,251.830,251.260,251.830,0,0
1525444140,251.870,251.870,251.870,251.870,0,0
1525444200,251.840,252.100,251.840,252.100,19289,279353
1525444260,252.190,252.200,252.100,252.200,0,0
1525444320,252.410,252.490,252.370,252.490,0,0
1525444380,252.340,252.670,252.340,252.670,0,0
1525444440,252.710,252.710,252.710,252.710,0,0
1525444500,252.600,252.740,252.450,252.740,10995,298642
1525444560,252.630,252.670,252.510,252.670,0,0
1525444620,252.590,252.680,252.590,252.850,0,0
1525444680,252.960,253.480,252.960,253.480,0,0
1525444740,253.630,253.630,253.630,253.630,0,0
1525444800,253.950,253.810,253.810,254.000,19959,309637
1525444860,253.750,253.480,253.300,253.750,0,0
1525444920,253.670,253.570,253.570,253.670,0,0
1525444980,254.000,253.990,253.990,254.000,0,0
1525445040,253.680,253.710,253.680,253.720,0,0
1525445100,253.720,253.720,253.720,253.720,12750,329596
1525445220,253.660,253.720,253.660,253.880,0,0
1525445280,253.580,253.570,253.570,253.590,0,0
1525445340,253.680,253.680,253.680,253.680,0,0
1525445400,254.000,254.090,254.000,254.090,6128,342346
1525445460,254.310,254.460,254.310,254.480,0,0
1525445520,254.550,254.790,254.550,254.790,0,0
1525445580,254.500,254.500,254.500,254.500,0,0
1525445640,254.640,254.740,254.640,254.740,0,0
1525445700,254.660,254.840,254.660,254.890,10623,348474
1525445760,254.760,254.760,254.760,254.760,0,0
1525445820,254.680,254.760,254.680,254.770,0,0
1525445880,254.760,254.750,254.750,254.810,0,0
1525445940,254.930,255.000,254.830,255.000,0,0
1525446000,254.780,254.890,254.780,254.890,10208,359097
1525446060,254.880,254.880,254.880,254.880,0,0
1525446120,254.890,254.890,254.890,254.890,0,0
1525446180,255.060,254.720,254.540,255.060,0,0
1525446240,254.610,254.610,254.610,254.610,0,0
1525446300,254.450,254.510,254.450,254.550,10051,369305
1525446360,254.660,254.590,254.590,254.660,0,0
1525446420,254.620,254.510,254.410,254.620,0,0
1525446480,254.370,254.370,254.370,254.370,0,0
1525446540,254.000,254.310,254.000,254.310,0,0
1525446600,254.160,254.790,254.160,254.790,20015,379356
1525446660,254.890,254.810,254.810,254.900,0,0
1525446780,255.200,255.000,255.000,255.200,0,0
1525446840,255.440,255.040,254.950,255.440,0,0
1525446900,255.190,255.190,255.190,255.190,19459,399371
1525446960,255.110,255.620,255.110,255.670,0,0
1525447020,255.360,255.450,255.360,255.450,0,0
1525447080,255.470,255.560,255.450,255.560,0,0
1525447140,255.310,255.310,255.310,255.310,0,0
1525447200,255.690,255.970,255.690,255.970,7578,418830
1525447260,256.230,256.210,256.210,256.390,0,0
1525447320,256.180,256.180,256.180,256.180,0,0
1525447440,256.110,256.110,256.110,256.110,0,0
1525447500,256.200,256.200,256.200,256.200,14685,426408
1525447560,256.170,256.250,256.170,256.250,0,0
1525447620,256.200,256.250,256.200,256.250,0,0
1525447680,256.330,256.440,256.240,256.560,0,0
1525447740,256.550,256.820,256.440,256.820,0,0
1525447800,256.640,256.500,256.500,256.640,14134,441093
1525447860,256.470,256.470,256.470,256.470,0,0
1525447920,256.720,256.720,256.720,256.720,0,0
1525447980,256.500,256.340,256.340,256.500,0,0
1525448040,256.430,256.700,256.430,256.700,0,0
1525448100,256.730,257.000,256.730,257.000,13550,455227
1525448160,256.920,256.890,256.690,256.920,0,0
1525448280,256.880,256.880,256.880,256.880,0,0
1525448340,256.850,256.590,256.590,256.850,0,0
1525448400,256.670,256.670,256.670,256.670,8361,468777
1525448460,256.700,256.700,256.700,256.700,0,0
1525448520,256.570,256.600,256.570,256.600,0,0
1525448580,256.770,256.290,256.290,256.770,0,0
1525448640,256.310,256.310,256.310,256.310,0,0
1525448700,256.310,256.180,256.180,256.310,2316,477138
1525448820,256.310,256.180,256.180,256.310,0,0
1525448880,256.080,255.980,255.980,256.150,0,0
1525449000,255.680,255.680,255.680,255.680,14099,479454
1525449060,255.810,255.850,255.810,255.850,0,0
1525449120,255.940,255.610,255.610,256.170,0,0
1525449180,255.640,254.950,254.950,255.640,0,0
1525449240,255.160,255.240,255.160,255.260,0,0
1525449300,255.290,255.400,255.170,255.770,6781,493553
1525449360,255.260,255.260,255.260,255.260,0,0
1525449480,255.300,255.420,255.300,255.430,0,0
1525449600,255.540,255.180,255.150,255.540,6834,500334
1525449660,255.200,255.200,255.200,255.200,0,0
1525449720,255.250,255.250,255.250,255.250,0,0
1525449780,255.220,255.210,255.190,255.220,0,0
1525449840,255.210,254.910,254.910,255.210,0,0
1525449900,254.960,254.960,254.960,254.960,2834,507168
1525449960,254.740,254.630,254.630,254.740,0,0
1525450080,255.000,255.000,255.000,255.000,0,0
1525450140,255.000,255.100,255.000,255.100,0,0
1525450200,255.280,255.280,255.280,255.280,2232,510002
1525450260,255.280,255.280,255.280,255.280,0,0
1525450380,255.240,255.240,255.240,255.240,0,0
1525450440,254.920,254.920,254.920,254.920,0,0
1525450500,255.080,254.970,254.940,255.080,4726,512234
1525450560,254.900,254.900,254.900,254.900,0,0
1525450620,254.900,254.900,254.900,254.900,0,0
1525450680,255.150,255.250,255.150,255.250,0,0
1525450740,255.410,255.410,255.410,255.410,0,0
1525450800,255.470,255.740,255.470,255.740,3345,516960
1525450860,255.470,255.740,255.470,255.740,0,0
1525450920,255.680,255.630,255.630,255.690,0,0
1525450980,255.780,255.930,255.780,255.930,0,0
1525451100,256.200,256.200,256.200,256.200,6698,520305
1525451160,256.070,256.070,256.070,256.070,0,0
1525451220,256.000,256.270,256.000,256.270,0,0
1525451280,256.320,256.320,256.320,256.320,0,0
1525451340,256.240,256.070,256.060,256.240,0,0
1525451400,256.270,256.270,256.270,256.270,1791,527003
1525451460,256.250,256.140,256.120,256.250,0,0
1525451640,256.220,256.220,256.220,256.220,0,0
1525451700,256.190,256.450,256.190,256.450,3263,528794
1525451820,256.190,256.450,256.190,256.450,0,0
1525451940,256.440,256.550,256.440,256.550,0,0
1525452000,256.550,256.550,256.550,256.550,2448,532057
1525452060,256.550,256.550,256.550,256.550,0,0
1525452120,256.610,256.640,256.610,256.640,0,0
1525452240,256.390,256.390,256.390,256.390,0,0
1525452300,256.560,256.270,256.270,256.560,10420,534505
1525452360,256.280,256.130,256.130,256.280,0,0
1525452420,256.120,256.010,256.010,256.150,0,0
1525452480,256.110,255.910,255.910,256.110,0,0
1525452600,256.100,256.100,256.100,256.100,5116,544925
1525452660,255.900,255.900,255.900,255.900,0,0
1525452720,255.950,255.860,255.860,255.950,0,0
1525452780,255.730,255.870,255.730,255.870,0,0
1525452840,255.930,255.930,255.930,255.930,0,0
1525452900,255.900,255.900,255.900,255.900,2190,550041
1525453020,255.900,255.900,255.900,255.900,0,0
1525453080,255.790,255.700,255.700,255.790,0,0
1525453200,256.060,256.260,256.060,256.260,3513,552231
1525453260,256.120,256.120,256.120,256.120,0,0
1525453320,256.270,256.270,256.270,256.270,0,0
1525453440,256.170,256.170,256.170,256.170,0,0
1525453500,256.070,256.070,256.070,256.070,3705,555744
1525453560,256.100,256.100,256.100,256.100,0,0
1525453620,256.330,256.440,256.330,256.440,0,0
1525453680,256.250,256.180,256.170,256.250,0,0
1525453800,256.040,256.170,256.040,256.170,2660,559449
1525453860,256.040,256.170,256.040,256.170,0,0
1525453980,255.980,255.980,255.980,255.980,0,0
1525454040,255.900,255.630,255.630,255.900,0,0
1525454100,255.930,255.930,255.930,255.930,1254,562109
1525454160,255.930,255.930,255.930,255.930,0,0
1525454340,255.780,255.780,255.780,255.780,0,0
1525454400,255.730,255.950,255.730,255.950,6857,563363
1525454460,255.840,256.000,255.840,256.000,0,0
1525454520,256.010,255.920,255.920,256.010,0,0
1525454700,256.160,256.160,256.160,256.160,5984,570220
1525454820,256.210,255.910,255.910,256.210,0,0
1525454940,255.910,255.910,255.910,255.910,0,0
1525455000,255.980,256.120,255.980,256.120,8121,576204
1525455060,256.350,256.410,256.350,256.410,0,0
1525455120,256.500,256.520,256.500,256.520,0,0
1525455240,256.360,256.540,256.360,256.540,0,0
1525455300,256.580,256.580,256.580,256.580,6038,584325
1525455360,256.450,256.450,256.450,256.450,0,0
1525455480,256.260,256.400,256.250,256.400,0,0
1525455540,256.500,256.490,256.490,256.510,0,0
1525455600,256.500,256.500,256.500,256.500,3462,590363
1525455660,256.340,256.340,256.340,256.340,0,0
1525455780,256.430,256.450,256.430,256.450,0,0
1525455840,256.400,256.440,256.400,256.440,0,0
1525455900,256.690,256.760,256.690,256.760,8776,593825
1525455960,256.690,256.760,256.690,256.760,0,0
1525456020,256.800,256.800,256.800,256.800,0,0
1525456080,256.850,257.130,256.850,257.130,0,0
1525456200,257.360,257.570,257.360,257.570,20076,602601
1525456260,257.680,257.990,257.500,257.990,0,0
1525456320,257.880,258.100,257.880,258.200,0,0
1525456380,258.150,258.100,258.090,258.150,0,0
1525456440,258.140,258.140,258.140,258.140,0,0
1525456500,258.320,258.220,258.220,258.320,5723,622677
1525456560,258.340,258.480,258.340,258.640,0,0
1525456680,258.650,258.620,258.590,258.650,0,0
1525456740,258.630,258.630,258.630,258.630,0,0
1525456800,258.390,258.290,258.290,258.420,8898,628400
1525456860,258.290,258.370,258.290,258.370,0,0
1525456920,258.070,258.290,258.070,258.290,0,0
1525456980,258.350,258.350,258.350,258.350,0,0
1525457040,258.310,258.320,258.310,258.320,0,0
1525457100,258.520,258.840,258.520,258.840,9162,637298
1525457160,258.830,258.920,258.830,258.920,0,0
1525457220,258.890,258.890,258.890,258.890,0,0
1525457280,259.040,258.960,258.830,259.090,0,0
1525457340,258.960,259.080,258.960,259.080,0,0
1525457400,258.960,259.170,258.960,259.170,7760,646460
1525457460,259.110,259.230,259.110,259.230,0,0
1525457520,259.030,259.190,259.030,259.190,0,0
1525457580,259.230,259.110,259.040,259.300,0,0
1525457640,259.230,259.270,259.230,259.270,0,0
1525457700,259.190,259.220,259.190,259.230,32905,654220
1525457760,259.290,259.320,259.260,259.320,0,0
1525457820,259.270,259.320,259.270,259.320,0,0
1525457880,259.300,259.160,259.110,259.300,0,0
1525457940,259.130,259.100,259.100,259.130,0,0
1525458000,259.320,259.370,259.320,259.400,11348,687125
1525458060,259.120,259.050,259.050,259.120,0,0
1525458120,259.240,259.240,259.240,259.240,0,0
1525458180,259.260,259.210,259.210,259.320,0,0
1525458240,259.200,259.230,259.200,259.230,0,0
1525458300,259.000,259.260,258.980,259.260,19198,698473
1525458360,259.490,259.710,259.490,259.710,0,0
1525458420,259.770,259.770,259.770,259.770,0,0
1525458480,259.790,259.580,259.580,259.790,0,0
1525458600,259.690,259.690,259.690,259.690,5988,717671
1525458660,259.770,259.560,259.560,259.780,0,0
1525458720,259.530,259.500,259.500,259.530,0,0
1525458780,259.700,259.920,259.700,259.920,0,0
1525458840,259.850,259.850,259.850,259.850,0,0
1525458900,259.950,259.950,259.950,259.950,3871,723659
1525458960,259.950,259.950,259.950,259.950,0,0
1525459020,259.840,259.820,259.820,259.850,0,0
1525459080,259.880,259.880,259.880,259.880,0,0
1525459140,259.890,259.890,259.890,259.890,0,0
1525459200,260.020,260.120,260.020,260.120,15560,727530
1525459260,260.200,259.990,259.900,260.200,0,0
1525459320,259.930,259.930,259.930,259.930,0,0
1525459440,260.190,260.180,260.140,260.190,0,0
1525459500,260.230,260.180,260.180,260.230,8192,743090
1525459560,260.200,260.200,260.200,260.200,0,0
1525459620,260.220,259.930,259.930,260.220,0,0
1525459680,260.150,259.640,259.640,260.150,0,0
1525459740,259.770,259.730,259.580,259.770,0,0
1525459800,259.860,259.860,259.860,259.860,2072,751282
1525459860,259.860,259.860,259.860,259.860,0,0
1525459920,259.760,259.670,259.670,259.760,0,0
1525460040,259.690,259.690,259.690,259.690,0,0
1525460100,259.750,259.730,259.730,259.750,9878,753354
1525460160,259.790,259.570,259.570,259.790,0,0
1525460220,259.630,259.570,259.540,259.630,0,0
1525460280,259.500,259.350,259.330,259.500,0,0
1525460340,259.400,259.490,259.400,259.490,0,0
1525460400,259.470,259.530,259.420,259.530,14737,763232
1525460460,259.580,259.590,259.580,259.590,0,0
1525460520,259.680,259.640,259.640,259.680,0,0
1525460580,259.750,259.750,259.750,259.750,0,0
1525460640,260.000,259.750,259.750,260.000,0,0
1525460700,259.530,259.050,258.930,259.530,17174,777969
1525460760,259.030,258.720,258.720,259.030,0,0
1525460820,258.740,258.260,258.260,258.740,0,0
1525460880,258.280,258.250,258.250,258.280,0,0
1525460940,258.200,258.220,258.200,258.220,0,0
1525461000,258.200,258.230,258.200,258.230,6141,795143
1525461060,258.200,258.120,258.120,258.240,0,0
1525461120,258.360,258.460,258.360,258.460,0,0
1525461180,258.580,258.580,258.580,258.580,0,0
1525461240,258.750,258.750,258.750,258.750,0,0
1525461300,258.530,258.480,258.480,258.530,6876,801284
1525461360,258.370,258.420,258.330,258.420,0,0
1525461420,258.490,258.410,258.410,258.490,0,0
1525461480,258.520,258.760,258.520,258.760,0,0
1525461540,258.680,258.650,258.650,258.680,0,0
1525461600,258.570,258.270,258.270,258.570,6420,808160
1525461660,258.300,258.400,258.300,258.400,0,0
1525461720,258.250,258.170,258.170,258.250,0,0
1525461780,258.150,258.150,258.150,258.150,0,0
1525461900,258.380,258.470,258.380,258.470,9342,814580
1525461960,258.530,258.530,258.530,258.530,0,0
1525462020,258.300,258.280,258.200,258.300,0,0
1525462080,258.190,258.340,258.190,258.340,0,0
1525462140,258.410,258.410,258.410,258.410,0,0
1525462200,258.250,258.490,258.250,258.490,20838,823922
1525462260,258.580,258.520,258.480,258.580,0,0
1525462320,258.520,258.370,258.370,258.520,0,0
1525462380,258.380,258.330,258.330,258.400,0,0
1525462440,258.450,258.680,258.450,258.680,0,0
1525462500,258.690,258.690,258.690,258.690,7412,844760
1525462560,258.730,259.000,258.730,259.000,0,0
1525462620,258.890,258.890,258.890,258.890,0,0
1525462680,259.010,259.010,259.010,259.010,0,0
1525462740,258.980,258.960,258.960,258.980,0,0
1525462800,258.960,259.290,258.940,259.290,20283,852172
1525462860,259.130,259.470,259.130,259.470,0,0
1525462920,259.380,259.710,259.380,259.710,0,0
1525462980,259.720,259.490,259.490,259.720,0,0
1525463100,259.510,259.410,259.410,259.550,18611,872455
1525463160,259.510,259.480,259.480,259.530,0,0
1525463220,259.530,259.490,259.490,259.630,0,0
1525463280,259.410,259.280,259.280,259.500,0,0
1525463340,259.250,258.720,258.720,259.250,0,0
1525463400,258.850,258.650,258.510,258.850,29668,891066
1525463460,258.650,258.570,258.520,258.650,0,0
1525463520,258.570,258.630,258.540,258.630,0,0
1525463580,258.600,258.730,258.600,258.730,0,0
1525463640,258.710,258.770,258.590,258.770,0,0
1525463700,258.850,258.610,258.610,258.850,99735,920734
1525463760,258.600,258.670,258.570,258.670,0,0
1525463820,258.770,258.840,258.770,258.870,0,0
1525463880,258.840,258.830,258.790,258.870,0,0
1525463940,258.830,258.970,258.830,259.030,0,0
1525699800,259.760,259.720,259.370,260.120,70617,0
1525699860,260.110,260.190,260.020,260.460,0,0
1525699920,260.240,261.200,260.240,261.470,0,0
1525699980,261.760,261.550,261.200,261.760,0,0
1525700040,261.550,261.050,260.740,261.550,0,0
1525700100,261.450,261.160,260.760,261.450,36270,70617
1525700160,261.380,261.060,261.060,261.380,0,0
1525700220,261.050,261.210,261.040,261.210,0,0
1525700280,261.390,262.230,261.390,262.400,0,0
1525700340,261.620,261.490,261.490,261.920,0,0
1525700400,261.970,261.880,261.610,261.970,40053,106887
1525700460,261.840,262.550,261.620,262.550,0,0
1525700520,262.800,264.230,262.800,264.230,0,0
1525700580,264.350,263.050,263.050,264.370,0,0
1525700640,263.300,263.630,263.260,263.630,0,0
1525700700,263.750,263.720,263.720,263.800,28124,146940
1525700760,264.130,264.100,264.100,264.130,0,0
1525700820,264.160,263.520,263.520,264.160,0,0
1525700880,263.440,263.500,263.300,263.500,0,0
1525700940,263.580,263.430,263.430,263.650,0,0
1525701000,263.490,263.490,263.490,263.490,18518,175064
1525701120,263.670,263.910,263.670,263.910,0,0
1525701180,264.010,264.050,264.010,264.320,0,0
1525701240,263.950,264.000,263.950,264.000,0,0
1525701300,264.020,264.540,264.020,264.540,10652,193582
1525701360,264.350,264.170,264.170,264.350,0,0
1525701420,264.160,263.900,263.900,264.160,0,0
1525701480,263.500,263.580,263.500,263.580,0,0
1525701540,263.760,264.000,263.760,264.000,0,0
1525701600,264.040,264.000,264.000,264.050,13842,204234
1525701660,263.570,263.580,263.510,263.580,0,0
1525701720,263.580,263.760,263.400,263.760,0,0
1525701780,263.840,263.720,263.720,263.840,0,0
1525701840,263.620,263.810,263.620,263.810,0,0
1525701900,263.390,263.450,263.390,263.460,17768,218076
1525702020,263.540,263.600,263.350,263.600,0,0
1525702080,263.490,263.480,263.480,263.490,0,0
1525702140,263.620,263.560,263.530,263.680,0,0
1525702200,263.740,263.620,263.600,263.740,13824,235844
1525702260,263.680,263.730,263.680,263.840,0,0
1525702320,263.920,264.020,263.920,264.020,0,0
1525702380,263.940,263.620,263.620,263.950,0,0
1525702440,263.570,263.180,263.180,263.570,0,0
1525702500,263.040,262.950,262.690,263.040,17080,249668
1525702560,263.040,262.950,262.690,263.040,0,0
1525702620,262.930,263.050,262.930,263.050,0,0
1525702680,262.930,262.870,262.870,262.930,0,0
1525702740,262.750,262.750,262.750,262.750,0,0
1525702800,262.960,263.050,262.960,263.050,15981,266748
1525702860,263.000,262.630,262.630,263.050,0,0
1525702920,262.600,263.050,262.600,263.050,0,0
1525702980,262.670,262.470,262.470,262.670,0,0
1525703040,262.330,262.430,262.240,262.430,0,0
1525703100,262.390,262.920,262.390,262.920,14823,282729
1525703160,262.990,262.690,262.690,262.990,0,0
1525703220,262.920,263.120,262.920,263.120,0,0
1525703280,262.900,262.890,262.890,263.030,0,0
1525703340,263.150,263.550,263.150,263.590,0,0
1525703400,263.390,263.500,263.390,263.750,25642,297552
1525703460,263.510,263.700,263.460,263.700,0,0
1525703520,263.510,263.570,263.510,263.630,0,0
1525703580,263.700,263.820,263.700,263.820,0,0
1525703640,263.890,263.760,263.640,263.890,0,0
1525703700,263.780,263.680,263.680,263.870,13469,323194
1525703760,263.660,263.010,263.010,263.660,0,0
1525703820,262.470,262.860,262.470,262.860,0,0
1525703880,262.730,262.800,262.560,262.800,0,0
1525703940,262.660,262.520,262.520,262.660,0,0
1525704000,262.660,262.510,262.510,262.660,11803,336663
1525704060,262.480,262.170,262.010,262.480,0,0
1525704120,262.170,262.120,262.120,262.170,0,0
1525704180,262.430,262.470,262.430,262.470,0,0
1525704240,262.350,262.350,262.350,262.350,0,0
1525704300,262.380,262.390,262.380,262.390,10376,348466
1525704360,262.250,262.270,262.250,262.270,0,0
1525704420,262.270,262.260,262.260,262.270,0,0
1525704480,262.410,262.420,262.410,262.420,0,0
1525704540,262.420,262.930,262.420,262.930,0,0
1525704600,262.770,262.820,262.720,262.820,10221,358842
1525704660,262.900,263.010,262.900,263.010,0,0
1525704720,263.110,263.120,263.000,263.120,0,0
1525704780,263.000,263.190,263.000,263.190,0,0
1525704840,263.190,263.180,263.180,263.190,0,0
1525704900,263.060,263.160,263.030,263.210,12909,369063
1525704960,263.130,263.130,263.130,263.130,0,0
1525705020,263.340,263.120,263.120,263.340,0,0
1525705080,263.340,263.000,262.970,263.340,0,0
1525705140,263.050,263.050,263.050,263.050,0,0
1525705200,263.010,263.270,263.000,263.270,7917,381972
1525705260,263.340,263.340,263.340,263.340,0,0
1525705320,263.350,263.350,263.350,263.350,0,0
1525705380,263.360,263.590,263.360,263.590,0,0
1525705440,263.700,263.720,263.690,263.820,0,0
1525705500,263.920,263.710,263.600,263.940,18371,389889
1525705560,263.630,263.620,263.620,263.750,0,0
1525705620,263.690,263.770,263.690,263.810,0,0
1525705680,263.890,263.930,263.890,263.940,0,0
1525705740,264.020,264.100,263.990,264.100,0,0
1525705800,264.080,263.930,263.930,264.080,6682,408260
1525705860,264.060,264.010,263.960,264.070,0,0
1525705920,263.890,263.770,263.770,264.010,0,0
1525705980,263.850,263.850,263.850,263.850,0,0
1525706100,263.690,264.030,263.690,264.030,5074,414942
1525706160,264.060,263.860,263.860,264.060,0,0
1525706220,263.810,263.810,263.810,263.810,0,0
1525706280,263.670,263.670,263.670,263.670,0,0
1525706400,263.830,263.750,263.750,263.960,15071,420016
1525706460,264.010,264.140,264.010,264.140,0,0
1525706520,264.150,264.310,264.140,264.380,0,0
1525706580,264.440,264.500,264.440,264.510,0,0
1525706640,264.530,264.620,264.530,264.640,0,0
1525706700,264.670,264.920,264.670,264.920,13599,435087
1525706760,264.670,264.690,264.670,264.800,0,0
1525706820,264.360,264.620,264.360,264.690,0,0
1525706880,264.730,264.970,264.660,264.970,0,0
1525706940,264.960,264.930,264.850,265.110,0,0
1525707000,265.120,264.810,264.770,265.120,13424,448686
1525707060,264.870,264.940,264.870,264.940,0,0
1525707120,264.990,265.200,264.990,265.200,0,0
1525707180,265.100,265.010,265.010,265.100,0,0
1525707240,265.100,265.060,264.960,265.200,0,0
1525707300,265.060,265.060,265.060,265.060,12117,462110
1525707360,265.050,265.160,265.030,265.160,0,0
1525707420,265.430,265.240,265.230,265.460,0,0
1525707480,265.260,265.130,265.100,265.260,0,0
1525707540,265.130,264.940,264.940,265.130,0,0
1525707600,264.880,264.860,264.850,265.000,13028,474227
1525707660,264.950,264.980,264.870,264.980,0,0
1525707720,264.980,265.070,264.980,265.070,0,0
1525707780,265.000,265.040,265.000,265.060,0,0
1525707840,264.900,264.740,264.740,264.910,0,0
1525707900,264.900,264.900,264.900,264.900,10456,487255
1525707960,264.530,264.750,264.530,264.790,0,0
1525708020,264.830,264.950,264.830,264.950,0,0
1525708080,264.850,264.970,264.850,264.970,0,0
1525708140,264.880,264.800,264.800,264.970,0,0
1525708200,264.900,264.780,264.780,265.000,10296,497711
1525708260,264.870,265.020,264.870,265.020,0,0
1525708320,264.940,265.020,264.940,265.020,0,0
1525708380,265.110,265.090,265.050,265.140,0,0
1525708440,265.090,264.840,264.840,265.090,0,0
1525708500,264.980,264.980,264.980,264.980,11513,508007
1525708560,264.980,264.770,264.770,265.010,0,0
1525708620,264.830,264.640,264.640,264.920,0,0
1525708680,264.270,264.230,264.230,264.270,0,0
1525708740,264.150,264.280,264.150,264.280,0,0
1525708800,264.410,264.310,264.310,264.410,7698,519520
1525708860,264.500,264.350,264.350,264.500,0,0
1525708920,264.230,264.280,264.040,264.280,0,0
1525708980,264.160,264.240,264.150,264.330,0,0
1525709040,264.160,264.170,264.150,264.270,0,0
1525709100,264.260,263.900,263.900,264.260,15978,527218
1525709160,263.830,263.730,263.730,263.830,0,0
1525709220,263.610,263.710,263.610,263.710,0,0
1525709280,263.840,263.740,263.640,263.840,0,0
1525709340,263.580,263.580,263.580,263.580,0,0
1525709400,263.590,263.510,263.510,263.680,7869,543196
1525709460,263.580,263.580,263.580,263.580,0,0
1525709520,263.670,263.550,263.550,263.670,0,0
1525709580,263.590,263.590,263.590,263.590,0,0
1525709640,263.670,263.680,263.670,263.700,0,0
1525709700,263.660,263.580,263.580,263.660,5689,551065
1525709760,263.580,263.710,263.580,263.710,0,0
1525709820,263.550,263.690,263.550,263.690,0,0
1525709880,263.690,263.690,263.690,263.690,0,0
1525709940,263.760,263.760,263.760,263.760,0,0
1525710000,263.750,263.910,263.750,263.910,30599,556754
1525710060,263.990,264.120,263.950,264.120,0,0
1525710120,264.150,264.200,264.140,264.200,0,0
1525710180,264.290,264.100,264.000,264.290,0,0
1525710240,264.170,263.990,263.990,264.170,0,0
1525710300,264.300,264.300,264.300,264.300,8581,587353
1525710360,264.290,264.340,264.210,264.340,0,0
1525710420,264.630,264.730,264.600,264.730,0,0
1525710480,264.600,264.720,264.600,264.720,0,0
1525710540,264.720,264.730,264.610,264.730,0,0
1525710600,264.430,264.550,264.430,264.550,7499,595934
1525710660,264.470,264.640,264.470,264.650,0,0
1525710720,264.550,264.670,264.550,264.670,0,0
1525710780,264.500,264.430,264.430,264.500,0,0
1525710840,264.430,264.430,264.430,264.430,0,0
1525710900,264.410,264.190,264.190,264.490,5769,603433
1525710960,264.100,264.100,264.100,264.100,0,0
1525711020,264.150,264.240,264.150,264.280,0,0
1525711080,264.390,264.390,264.390,264.390,0,0
1525711140,264.400,264.540,264.400,264.540,0,0
1525711200,264.540,264.210,264.210,264.540,11773,609202
1525711260,264.390,264.430,264.390,264.480,0,0
1525711320,264.470,264.470,264.470,264.470,0,0
1525711380,264.350,264.270,264.270,264.350,0,0
1525711440,264.380,264.610,264.380,264.610,0,0
1525711500,264.510,264.540,264.510,264.670,7894,620975
1525711560,264.730,264.930,264.730,264.930,0,0
1525711620,264.660,264.580,264.580,264.660,0,0
1525711680,264.580,264.480,264.480,264.580,0,0
1525711740,264.580,264.950,264.580,264.950,0,0
1525711800,264.930,264.930,264.930,264.930,4895,628869
1525711860,264.850,264.910,264.850,264.910,0,0
1525711920,264.940,264.880,264.880,264.940,0,0
1525711980,264.990,264.990,264.990,264.990,0,0
1525712040,264.990,265.020,264.990,265.020,0,0
1525712100,265.030,264.900,264.900,265.040,7256,633764
1525712160,264.890,264.800,264.800,264.900,0,0
1525712220,264.970,264.970,264.970,264.970,0,0
1525712280,264.900,264.900,264.900,264.900,0,0
1525712340,264.970,265.120,264.970,265.120,0,0
1525712400,264.990,265.240,264.990,265.240,6929,641020
1525712460,265.270,265.170,265.170,265.270,0,0
1525712520,265.340,265.100,265.100,265.340,0,0
1525712580,265.200,265.240,265.200,265.240,0,0
1525712700,265.110,265.380,265.110,265.380,9136,647949
1525712760,265.390,265.400,265.370,265.500,0,0
1525712820,265.510,265.340,265.340,265.510,0,0
1525712880,265.110,265.130,265.110,265.130,0,0
1525712940,265.330,265.280,265.280,265.380,0,0
1525713000,265.450,265.450,265.450,265.450,7998,657085
1525713120,265.440,265.420,265.360,265.440,0,0
1525713180,265.420,265.450,265.420,265.450,0,0
1525713240,265.490,265.700,265.490,265.700,0,0
1525713300,265.580,265.480,265.480,265.580,11926,665083
1525713360,265.640,265.570,265.570,265.640,0,0
1525713420,265.670,265.760,265.670,265.760,0,0
1525713480,265.760,265.700,265.700,265.760,0,0
1525713540,265.550,265.590,265.550,265.590,0,0
1525713600,265.680,265.680,265.680,265.680,8367,677009
1525713660,265.590,265.780,265.590,265.780,0,0
1525713720,265.550,265.780,265.550,265.780,0,0
1525713780,265.770,265.730,265.590,265.770,0,0
1525713840,265.790,265.950,265.790,265.950,0,0
1525713900,265.990,266.040,265.820,266.040,7190,685376
1525713960,266.090,266.060,266.060,266.120,0,0
1525714020,266.090,266.090,266.090,266.090,0,0
1525714080,266.000,265.900,265.900,266.000,0,0
1525714140,265.950,265.880,265.880,265.950,0,0
1525714200,265.830,265.880,265.830,265.890,6837,692566
1525714260,265.930,265.940,265.930,265.940,0,0
1525714320,266.000,265.940,265.940,266.000,0,0
1525714380,266.000,266.130,266.000,266.130,0,0
1525714440,266.140,266.060,266.060,266.140,0,0
1525714500,266.160,266.240,266.160,266.240,18250,699403
1525714560,266.240,266.250,266.180,266.250,0,0
1525714620,266.260,266.280,266.260,266.280,0,0
1525714680,266.130,266.000,266.000,266.210,0,0
1525714740,266.080,266.080,266.080,266.080,0,0
1525714800,266.200,266.060,266.060,266.200,5090,717653
1525714860,266.250,266.180,266.180,266.250,0,0
1525714920,266.250,266.250,266.250,266.250,0,0
1525714980,266.260,266.280,266.260,266.290,0,0
1525715040,266.230,266.230,266.230,266.230,0,0
1525715100,266.150,266.160,266.150,266.180,12222,722743
1525715160,266.180,266.180,266.180,266.180,0,0
1525715220,266.130,266.140,266.080,266.140,0,0
1525715280,266.240,266.150,266.150,266.240,0,0
1525715340,266.050,265.900,265.900,266.050,0,0
1525715400,265.920,265.940,265.920,266.040,3932,734965
1525715460,266.170,266.170,266.170,266.170,0,0
1525715520,266.150,266.210,266.150,266.210,0,0
1525715580,266.160,266.160,266.160,266.160,0,0
1525715640,266.290,266.310,266.280,266.310,0,0
1525715700,266.080,266.030,266.030,266.220,10239,738897
1525715760,266.090,266.180,266.090,266.180,0,0
1525715820,266.170,266.170,266.170,266.170,0,0
1525715880,266.170,266.180,266.070,266.180,0,0
1525715940,266.320,266.250,266.250,266.320,0,0
1525716000,266.170,266.170,266.170,266.170,10261,749136
1525716060,266.060,266.010,265.940,266.060,0,0
1525716120,266.090,266.150,266.090,266.150,0,0
1525716180,266.210,266.300,266.210,266.300,0,0
1525716240,266.260,266.220,266.220,266.260,0,0
1525716300,266.180,266.230,266.180,266.230,3136,759397
1525716360,266.210,266.160,266.160,266.210,0,0
1525716420,266.200,266.200,266.200,266.200,0,0
1525716480,266.190,266.190,266.190,266.190,0,0
1525716540,266.200,266.090,266.090,266.200,0,0
1525716600,266.190,266.300,266.120,266.300,9983,762533
1525716720,266.320,266.320,266.320,266.320,0,0
1525716780,266.290,266.240,266.200,266.290,0,0
1525716840,266.290,266.280,266.280,266.290,0,0
1525716900,266.190,266.190,266.190,266.190,6387,772516
1525716960,266.130,266.160,266.130,266.170,0,0
1525717020,266.130,266.130,266.130,266.130,0,0
1525717080,266.280,266.200,266.200,266.280,0,0
1525717200,266.320,266.280,266.280,266.320,3872,778903
1525717260,266.110,266.110,266.110,266.110,0,0
1525717320,266.160,266.160,266.160,266.160,0,0
1525717380,266.180,266.190,266.180,266.190,0,0
1525717440,266.230,266.230,266.230,266.230,0,0
1525717500,266.250,266.100,266.080,266.250,5270,782775
1525717560,266.130,266.130,266.130,266.130,0,0
1525717620,266.160,266.110,266.110,266.230,0,0
1525717680,266.210,266.210,266.210,266.210,0,0
1525717740,266.300,266.210,266.210,266.300,0,0
1525717800,266.310,266.310,266.310,266.310,10954,788045
1525717860,266.230,266.230,266.230,266.230,0,0
1525717920,266.350,266.430,266.350,266.430,0,0
1525717980,266.390,266.390,266.390,266.390,0,0
1525718040,266.370,266.850,266.360,266.850,0,0
1525718100,266.850,266.970,266.850,266.990,14289,798999
1525718160,266.980,266.980,266.980,266.980,0,0
1525718220,266.880,266.800,266.800,267.000,0,0
1525718280,266.760,266.740,266.740,266.870,0,0
1525718340,266.620,266.430,266.430,266.620,0,0
1525718400,266.540,266.440,266.440,266.680,7089,813288
1525718580,266.310,266.410,266.180,266.410,0,0
1525718640,266.260,266.250,266.250,266.270,0,0
1525718700,266.280,266.120,266.120,266.280,5320,820377
1525718760,266.130,266.010,266.010,266.130,0,0
1525718820,266.250,266.250,266.250,266.250,0,0
1525718940,266.120,266.150,266.120,266.150,0,0
1525719000,266.120,266.120,266.120,266.120,12904,825697
1525719060,266.110,265.920,265.920,266.110,0,0
1525719120,265.820,265.420,265.420,265.820,0,0
1525719180,265.650,265.650,265.650,265.650,0,0
1525719240,265.420,265.420,265.420,265.420,0,0
1525719300,265.440,265.520,265.370,265.570,7880,838601
1525719360,265.460,265.610,265.460,265.610,0,0
1525719420,265.460,265.460,265.460,265.460,0,0
1525719480,265.300,265.300,265.300,265.300,0,0
1525719540,265.400,265.280,265.280,265.400,0,0
1525719600,265.350,265.360,265.350,265.360,8949,846481
1525719660,265.380,265.180,265.180,265.380,0,0
1525719720,265.140,265.260,265.140,265.260,0,0
1525719780,265.170,265.180,265.170,265.180,0,0
1525719840,265.300,265.270,265.240,265.300,0,0
1525719900,265.260,265.350,265.260,265.350,7320,855430
1525719960,265.510,265.400,265.400,265.510,0,0
1525720020,265.260,265.280,265.260,265.280,0,0
1525720080,265.330,265.430,265.330,265.430,0,0
1525720140,265.440,265.260,265.260,265.440,0,0
1525720200,265.360,265.370,265.340,265.370,14520,862750
1525720260,265.330,265.070,265.070,265.330,0,0
1525720320,265.000,264.830,264.830,265.000,0,0
1525720380,264.690,264.410,264.350,264.690,0,0
1525720440,263.760,263.620,263.500,263.760,0,0
1525720500,263.850,263.760,263.750,263.870,17763,877270
1525720560,263.750,263.840,263.540,263.840,0,0
1525720620,263.840,263.860,263.840,263.920,0,0
1525720680,263.830,263.750,263.750,263.830,0,0
1525720740,263.920,263.770,263.700,264.030,0,0
1525720800,263.870,263.730,263.730,263.870,12024,895033
1525720860,263.630,263.520,263.250,263.630,0,0
1525720920,263.440,263.560,263.340,263.560,0,0
1525720980,263.640,263.560,263.560,263.640,0,0
1525721040,263.230,263.340,263.100,263.340,0,0
1525721100,263.170,263.230,263.170,263.230,10417,907057
1525721160,263.170,263.080,263.080,263.250,0,0
1525721220,263.270,263.530,263.270,263.530,0,0
1525721280,263.390,263.380,263.380,263.390,0,0
1525721340,263.570,263.730,263.560,263.770,0,0
1525721400,263.720,264.040,263.690,264.040,11651,917474
1525721460,263.840,263.870,263.840,263.900,0,0
1525721520,263.880,263.790,263.790,263.950,0,0
1525721580,264.000,264.100,263.970,264.100,0,0
1525721640,264.070,264.100,264.070,264.160,0,0
1525721700,264.400,264.320,264.320,264.400,11116,929125
1525721760,264.800,264.560,264.560,264.800,0,0
1525721820,264.570,264.770,264.570,264.770,0,0
1525721880,264.740,264.590,264.590,264.740,0,0
1525721940,264.560,264.490,264.390,264.560,0,0
1525722000,264.440,264.360,264.360,264.460,10217,940241
1525722060,264.290,264.290,264.290,264.290,0,0
1525722120,264.390,264.560,264.390,264.560,0,0
1525722180,264.620,264.690,264.590,264.700,0,0
1525722240,264.770,264.480,264.480,264.770,0,0
1525722300,264.440,264.530,264.440,264.530,10203,950458
1525722360,264.430,264.520,264.330,264.520,0,0
1525722420,264.430,264.500,264.430,264.510,0,0
1525722480,264.440,264.720,264.440,264.720,0,0
1525722540,264.800,264.970,264.720,264.970,0,0
1525722600,264.970,265.000,264.930,265.000,27668,960661
1525722660,264.910,264.600,264.600,264.910,0,0
1525722720,264.510,264.660,264.440,264.660,0,0
1525722780,264.600,264.560,264.500,264.600,0,0
1525722840,264.510,264.700,264.510,264.710,0,0
1525722900,264.820,264.940,264.820,264.940,164668,988329
1525722960,264.960,265.010,264.920,265.020,0,0
1525723020,265.030,264.970,264.950,265.040,0,0
1525723080,264.970,264.910,264.910,265.000,0,0
1525723140,264.970,265.030,264.930,265.090,0,0
1525786200,264.000,264.000,264.000,264.000,16496,0
1525786260,263.310,263.300,263.300,263.310,0,0
1525786380,263.290,263.620,263.290,263.620,0,0
1525786440,262.950,263.160,262.950,263.160,0,0
1525786500,263.000,262.780,262.780,263.010,10184,16496
1525786560,261.870,261.630,261.630,261.870,0,0
1525786620,262.170,262.030,261.740,262.170,0,0
1525786680,262.720,262.720,262.720,262.720,0,0
1525786740,262.490,262.480,262.470,262.490,0,0
1525786800,261.750,262.090,261.750,262.580,15968,26680
1525786860,261.720,261.760,261.720,261.760,0,0
1525786920,261.550,261.630,261.550,261.630,0,0
1525786980,261.630,261.070,261.070,261.630,0,0
1525787040,260.680,261.210,260.680,261.210,0,0
1525787100,261.270,261.040,261.040,261.280,8972,42648
1525787160,261.010,261.010,261.010,261.010,0,0
1525787220,261.250,261.250,261.250,261.250,0,0
1525787280,260.800,260.780,260.780,260.800,0,0
1525787340,260.610,260.610,260.610,260.610,0,0
1525787400,260.410,260.700,260.410,260.700,8833,51620
1525787460,260.620,260.620,260.620,260.620,0,0
1525787520,260.650,260.750,260.650,260.880,0,0
1525787580,260.800,260.890,260.800,260.890,0,0
1525787640,260.500,260.440,260.260,260.500,0,0
1525787700,260.380,260.230,260.230,260.630,7385,60453
1525787760,260.730,260.620,260.600,260.730,0,0
1525787880,261.350,261.240,261.120,261.370,0,0
1525787940,261.160,261.130,261.130,261.160,0,0
1525788000,261.460,261.490,261.460,261.490,14541,67838
1525788120,261.380,261.220,261.220,261.380,0,0
1525788240,261.380,261.560,261.330,261.560,0,0
1525788300,261.320,261.260,261.260,261.620,7562,82379
1525788360,261.480,261.480,261.480,261.480,0,0
1525788420,261.760,262.080,261.760,262.080,0,0
1525788480,262.060,262.060,262.060,262.060,0,0
1525788540,261.980,262.170,261.980,262.520,0,0
1525788600,262.190,262.190,262.190,262.190,7262,89941
1525788660,262.090,262.550,262.090,262.550,0,0
1525788720,262.890,262.610,262.610,262.890,0,0
1525788780,262.540,262.540,262.540,262.540,0,0
1525788840,262.080,261.910,261.910,262.080,0,0
1525788900,261.700,261.690,261.690,262.000,6042,97203
1525788960,261.690,261.780,261.690,261.780,0,0
1525789020,261.680,261.680,261.680,261.680,0,0
1525789080,261.630,261.870,261.630,261.870,0,0
1525789200,261.610,261.440,261.440,261.610,4786,103245
1525789320,261.610,261.440,261.440,261.610,0,0
1525789380,261.230,261.240,261.230,261.240,0,0
1525789440,261.290,261.620,261.290,261.620,0,0
1525789500,261.770,261.770,261.770,261.770,7018,108031
1525789560,261.920,261.920,261.920,261.920,0,0
1525789620,261.850,261.840,261.840,261.850,0,0
1525789680,262.000,261.870,261.870,262.000,0,0
1525789740,261.960,262.360,261.940,262.360,0,0
1525789800,262.430,262.240,262.240,262.440,15854,115049
1525789860,262.350,262.370,262.350,262.370,0,0
1525789920,262.530,262.910,262.530,262.910,0,0
1525789980,262.860,262.860,262.860,262.860,0,0
1525790040,263.050,263.170,262.980,263.250,0,0
1525790100,263.390,263.580,263.390,263.580,7139,130903
1525790160,263.310,263.250,263.250,263.310,0,0
1525790220,263.250,263.290,263.250,263.340,0,0
1525790280,263.300,263.300,263.300,263.300,0,0
1525790340,263.290,263.290,263.290,263.290,0,0
1525790400,263.380,263.200,263.200,263.380,5682,138042
1525790460,263.380,263.200,263.200,263.380,0,0
1525790580,263.500,263.500,263.500,263.500,0,0
1525790640,263.310,263.430,263.310,263.430,0,0
1525790700,263.360,263.590,263.360,263.590,10739,143724
1525790760,263.990,264.200,263.990,264.300,0,0
1525790820,263.940,264.040,263.940,264.040,0,0
1525790880,264.050,263.960,263.960,264.050,0,0
1525790940,264.120,263.940,263.910,264.120,0,0
1525791000,263.850,263.850,263.850,263.850,2878,154463
1525791060,263.490,263.490,263.490,263.490,0,0
1525791120,263.540,263.540,263.540,263.540,0,0
1525791180,263.810,263.810,263.810,263.810,0,0
1525791300,263.800,263.740,263.740,263.800,5223,157341
1525791360,263.700,263.390,263.390,263.700,0,0
1525791480,263.400,263.200,263.200,263.400,0,0
1525791540,263.110,262.950,262.950,263.110,0,0
1525791600,262.980,262.980,262.980,262.980,3909,162564
1525791660,263.170,262.850,262.850,263.170,0,0
1525791720,262.840,262.840,262.840,262.840,0,0
1525791780,262.710,262.850,262.710,262.850,0,0
1525791900,263.000,263.000,263.000,263.000,7489,166473
1525791960,262.750,262.750,262.750,262.750,0,0
1525792020,262.690,262.690,262.690,262.690,0,0
1525792080,262.630,262.490,262.490,262.630,0,0
1525792140,262.680,262.590,262.590,262.680,0,0
1525792200,262.490,262.490,262.490,262.490,5656,173962
1525792260,262.730,262.730,262.730,262.730,0,0
1525792320,262.690,263.500,262.690,263.500,0,0
1525792380,263.490,263.640,263.490,263.640,0,0
1525792440,263.490,263.490,263.490,263.490,0,0
1525792500,264.100,264.100,264.100,264.100,11044,179618
1525792560,264.240,264.280,264.240,264.570,0,0
1525792620,264.450,264.600,264.450,264.600,0,0
1525792680,264.230,263.980,263.980,264.230,0,0
1525792740,263.580,263.560,263.560,263.580,0,0
1525792800,263.730,263.630,263.630,263.730,3917,190662
1525792860,264.090,264.380,264.090,264.380,0,0
1525792920,263.950,264.100,263.950,264.100,0,0
1525793040,263.690,263.690,263.690,263.690,0,0
1525793100,263.360,263.750,263.350,263.750,10636,194579
1525793220,263.760,263.960,263.760,263.960,0,0
1525793340,264.080,264.220,264.080,264.220,0,0
1525793400,264.430,264.430,264.430,264.430,9657,205215
1525793460,264.430,264.430,264.430,264.430,0,0
1525793520,264.570,264.320,264.320,264.570,0,0
1525793580,264.360,264.210,264.060,264.360,0,0
1525793640,264.270,264.190,264.190,264.270,0,0
1525793700,264.260,264.260,264.260,264.260,6235,214872
1525793760,264.260,264.260,264.260,264.260,0,0
1525793880,263.940,263.640,263.640,263.940,0,0
1525793940,263.610,263.660,263.610,263.660,0,0
1525794000,263.900,264.270,263.900,264.270,4160,221107
1525794180,263.900,264.270,263.900,264.270,0,0
1525794240,264.090,264.180,264.060,264.320,0,0
1525794300,264.300,264.010,264.010,264.300,5524,225267
1525794360,264.030,264.030,264.030,264.030,0,0
1525794420,264.170,264.310,264.170,264.310,0,0
1525794480,264.500,264.500,264.500,264.500,0,0
1525794540,264.610,264.610,264.610,264.610,0,0
1525794600,264.290,264.000,264.000,264.290,11681,230791
1525794660,264.210,264.210,264.210,264.210,0,0
1525794720,263.980,264.090,263.980,264.090,0,0
1525794780,264.290,264.450,264.290,264.450,0,0
1525794840,264.530,264.410,264.410,264.530,0,0
1525794900,264.370,264.410,264.370,264.420,5947,242472
1525794960,264.510,264.580,264.510,264.690,0,0
1525795020,264.540,264.540,264.540,264.540,0,0
1525795080,264.840,264.760,264.760,264.840,0,0
1525795200,264.760,264.810,264.760,264.810,5677,248419
1525795260,264.660,264.580,264.580,264.660,0,0
1525795320,264.620,264.380,264.380,264.620,0,0
1525795380,264.370,264.370,264.370,264.370,0,0
1525795500,264.190,264.060,264.060,264.190,7287,254096
1525795560,264.060,263.760,263.760,264.060,0,0
1525795620,263.860,263.930,263.860,263.930,0,0
1525795680,263.870,263.870,263.870,263.870,0,0
1525795740,263.850,264.000,263.850,264.000,0,0
1525795800,263.620,263.620,263.620,263.620,2802,261383
1525795860,263.820,263.820,263.820,263.820,0,0
1525795920,264.240,264.240,264.240,264.240,0,0
1525795980,264.320,264.320,264.320,264.320,0,0
1525796100,264.110,264.160,263.970,264.160,13609,264185
1525796160,264.350,264.250,264.250,264.350,0,0
1525796220,264.260,264.390,264.230,264.390,0,0
1525796280,264.430,264.210,264.210,264.520,0,0
1525796340,264.080,264.120,264.080,264.120,0,0
1525796400,264.060,263.950,263.950,264.060,4898,277794
1525796460,264.060,263.950,263.950,264.060,0,0
1525796520,263.810,263.650,263.650,263.990,0,0
1525796580,264.160,264.160,264.160,264.160,0,0
1525796640,264.300,264.300,264.300,264.300,0,0
1525796700,264.320,264.320,264.320,264.320,4991,282692
1525796760,264.330,264.480,264.330,264.480,0,0
1525796820,264.280,264.080,264.080,264.280,0,0
1525796880,264.090,264.090,264.090,264.090,0,0
1525796940,264.120,263.940,263.940,264.190,0,0
1525797000,264.180,264.240,264.180,264.240,6077,287683
1525797060,264.180,264.240,264.180,264.240,0,0
1525797180,264.540,264.540,264.540,264.540,0,0
1525797240,264.540,264.350,264.290,264.540,0,0
1525797300,264.410,264.440,264.410,264.440,2967,293760
1525797360,264.630,264.630,264.630,264.630,0,0
1525797420,264.770,264.790,264.770,264.790,0,0
1525797480,264.670,264.670,264.670,264.670,0,0
1525797540,264.660,264.770,264.660,264.770,0,0
1525797600,264.500,264.500,264.500,264.500,1830,296727
1525797660,264.630,264.490,264.490,264.630,0,0
1525797780,264.480,264.480,264.480,264.480,0,0
1525797840,264.520,264.520,264.520,264.520,0,0
1525797900,264.660,264.730,264.660,264.750,7540,298557
1525797960,264.720,264.720,264.720,264.720,0,0
1525798020,264.770,264.860,264.770,264.860,0,0
1525798080,264.850,264.750,264.750,264.870,0,0
1525798140,264.830,264.710,264.710,264.830,0,0
1525798200,264.540,264.620,264.540,264.620,15520,306097
1525798260,264.540,264.620,264.540,264.620,0,0
1525798320,264.330,264.280,264.210,264.350,0,0
1525798380,264.210,264.410,264.210,264.410,0,0
1525798440,264.260,264.240,264.140,264.330,0,0
1525798500,264.120,263.890,263.890,264.120,2822,321617
1525798560,264.000,264.160,264.000,264.160,0,0
1525798620,264.240,264.390,264.240,264.390,0,0
1525798680,264.440,264.430,264.430,264.440,0,0
1525798740,264.210,264.110,264.110,264.210,0,0
1525798800,264.190,264.460,264.190,264.460,8452,324439
1525798860,264.370,264.790,264.370,264.790,0,0
1525798920,264.800,264.840,264.750,264.840,0,0
1525798980,264.750,264.720,264.510,264.750,0,0
1525799040,264.800,264.970,264.800,264.970,0,0
1525799100,264.990,265.080,264.990,265.080,7848,332891
1525799160,265.020,265.290,265.020,265.290,0,0
1525799220,265.210,265.210,265.210,265.210,0,0
1525799280,265.130,265.170,264.980,265.170,0,0
1525799340,264.910,264.910,264.910,264.910,0,0
1525799400,264.650,264.650,264.650,264.650,5750,340739
1525799460,264.640,264.720,264.640,264.720,0,0
1525799520,264.870,265.010,264.870,265.010,0,0
1525799580,265.300,265.000,264.920,265.300,0,0
1525799640,264.850,265.080,264.850,265.080,0,0
1525799700,265.360,265.220,265.220,265.360,4855,346489
1525799760,265.220,265.220,265.220,265.220,0,0
1525799820,265.230,265.230,265.230,265.230,0,0
1525799880,265.230,265.250,265.230,265.360,0,0
1525800000,265.310,265.210,265.210,265.310,6406,351344
1525800060,265.200,265.320,265.080,265.320,0,0
1525800120,265.380,265.380,265.380,265.380,0,0
1525800180,265.440,265.230,265.230,265.440,0,0
1525800240,265.160,265.250,265.160,265.250,0,0
1525800300,265.430,265.550,265.430,265.550,7793,357750
1525800360,265.400,265.390,265.390,265.400,0,0
1525800420,265.480,265.480,265.480,265.480,0,0
1525800480,265.590,265.520,265.520,265.590,0,0
1525800540,265.540,265.720,265.520,265.720,0,0
1525800600,265.730,265.540,265.500,265.730,7571,365543
1525800660,265.590,265.750,265.590,265.750,0,0
1525800720,265.710,265.810,265.700,265.810,0,0
1525800780,265.860,265.860,265.860,265.860,0,0
1525800840,265.750,265.720,265.720,265.750,0,0
1525800900,265.600,265.750,265.600,265.750,5248,373114
1525800960,265.800,265.700,265.700,265.800,0,0
1525801080,265.690,265.700,265.690,265.790,0,0
1525801140,265.870,265.870,265.870,265.870,0,0
1525801200,265.680,265.950,265.680,265.950,15583,378362
1525801260,265.790,265.900,265.790,265.900,0,0
1525801320,265.950,266.050,265.950,266.050,0,0
1525801380,265.970,265.650,265.650,265.970,0,0
1525801500,265.730,265.320,265.310,265.730,13101,393945
1525801560,265.320,265.500,265.320,265.500,0,0
1525801620,265.280,265.280,265.280,265.280,0,0
1525801740,265.120,264.990,264.990,265.120,0,0
1525801800,264.780,264.780,264.780,264.780,4059,407046
1525801860,264.540,264.660,264.540,264.660,0,0
1525801920,264.320,264.320,264.320,264.320,0,0
1525801980,264.500,264.500,264.500,264.500,0,0
1525802100,264.060,264.210,264.060,264.210,4351,411105
1525802220,264.300,264.110,264.110,264.300,0,0
1525802280,264.060,264.060,264.060,264.060,0,0
1525802340,263.760,263.760,263.760,263.760,0,0
1525802400,263.920,264.070,263.920,264.070,10567,415456
1525802460,263.970,264.280,263.970,264.280,0,0
1525802520,264.440,264.330,264.330,264.440,0,0
1525802580,264.230,264.230,264.230,264.230,0,0
1525802640,264.190,264.360,264.190,264.360,0,0
1525802700,264.170,264.420,264.170,264.420,3537,426023
1525802820,264.020,264.020,264.020,264.020,0,0
1525802880,264.070,264.020,264.020,264.070,0,0
1525802940,263.990,264.000,263.990,264.000,0,0
1525803000,263.810,263.800,263.800,263.810,13920,429560
1525803060,263.810,263.800,263.800,263.810,0,0
1525803120,263.870,263.920,263.870,263.920,0,0
1525803180,263.830,264.210,263.340,264.210,0,0
1525803240,263.980,263.770,263.770,263.980,0,0
1525803300,264.060,264.060,264.060,264.060,4228,443480
1525803420,263.920,263.850,263.850,263.920,0,0
1525803480,263.730,263.540,263.540,263.730,0,0
1525803600,263.630,263.500,263.480,263.630,14820,447708
1525803660,263.100,263.290,263.100,263.290,0,0
1525803720,263.240,263.840,263.240,263.840,0,0
1525803780,263.740,263.760,263.620,263.980,0,0
1525803840,263.710,264.010,263.710,264.010,0,0
1525803900,263.990,263.990,263.990,263.990,7515,462528
1525803960,264.410,264.410,264.410,264.410,0,0
1525804020,264.430,264.430,264.430,264.430,0,0
1525804080,264.380,264.210,264.170,264.490,0,0
1525804140,264.240,264.000,263.930,264.240,0,0
1525804200,264.100,264.350,263.990,264.350,10474,470043
1525804260,263.730,263.960,263.730,263.960,0,0
1525804320,263.630,263.580,263.580,263.630,0,0
1525804380,263.900,263.940,263.900,263.940,0,0
1525804440,264.160,264.290,264.030,264.290,0,0
1525804500,264.100,264.100,264.100,264.100,4526,480517
1525804560,264.010,264.010,264.010,264.010,0,0
1525804620,263.960,263.960,263.960,263.960,0,0
1525804680,263.930,263.930,263.930,263.930,0,0
1525804740,263.660,263.500,263.500,263.660,0,0
1525804800,263.300,262.870,262.830,263.300,10455,485043
1525804860,262.660,262.620,262.620,262.660,0,0
1525804920,262.870,262.880,262.870,262.880,0,0
1525804980,262.990,263.050,262.990,263.200,0,0
1525805040,263.150,263.310,263.150,263.310,0,0
1525805100,263.420,263.530,263.420,263.660,10451,495498
1525805160,263.420,263.370,263.370,263.420,0,0
1525805220,263.460,263.220,263.220,263.460,0,0
1525805280,263.230,263.720,263.230,263.720,0,0
1525805340,263.700,263.700,263.700,263.700,0,0
1525805400,263.600,263.710,263.460,263.720,11359,505949
1525805460,264.020,263.890,263.890,264.050,0,0
1525805520,263.940,263.790,263.790,264.070,0,0
1525805580,263.830,263.860,263.830,263.980,0,0
1525805640,263.740,263.900,263.740,263.900,0,0
1525805700,263.900,263.900,263.900,263.900,7913,517308
1525805760,264.240,264.050,264.050,264.360,0,0
1525805820,264.290,264.160,264.050,264.290,0,0
1525805880,264.200,264.200,264.200,264.200,0,0
1525805940,264.150,263.870,263.870,264.150,0,0
1525806000,263.980,263.170,263.170,263.980,12608,525221
1525806060,263.640,264.030,263.640,264.030,0,0
1525806120,263.870,264.050,263.870,264.050,0,0
1525806180,264.170,263.990,263.990,264.260,0,0
1525806240,264.130,264.270,264.130,264.270,0,0
1525806300,264.310,264.310,264.310,264.310,7922,537829
1525806360,264.250,264.390,264.250,264.390,0,0
1525806420,264.290,264.270,264.270,264.330,0,0
1525806480,264.190,264.050,264.050,264.190,0,0
1525806540,264.300,264.140,264.140,264.300,0,0
1525806600,264.130,264.150,264.130,264.150,7287,545751
1525806660,264.410,264.380,264.380,264.410,0,0
1525806720,264.500,264.510,264.460,264.620,0,0
1525806780,264.590,264.590,264.590,264.590,0,0
1525806840,264.550,264.660,264.550,264.660,0,0
1525806900,264.670,264.430,264.430,264.670,15238,553038
1525806960,264.410,264.500,264.410,264.500,0,0
1525807020,264.630,264.500,264.500,264.630,0,0
1525807080,264.670,264.610,264.610,264.670,0,0
1525807140,264.420,264.360,264.360,264.420,0,0
1525807200,264.440,264.600,264.440,264.600,8177,568276
1525807320,264.470,264.560,264.460,264.560,0,0
1525807380,264.680,264.700,264.630,264.700,0,0
1525807440,264.570,264.530,264.510,264.570,0,0
1525807500,264.440,264.640,264.370,264.640,9946,576453
1525807560,264.440,264.640,264.370,264.640,0,0
1525807620,264.580,264.680,264.580,264.680,0,0
1525807680,264.750,264.690,264.690,264.750,0,0
1525807740,264.820,264.720,264.720,264.820,0,0
1525807800,264.710,264.690,264.620,264.710,10614,586399
1525807860,264.760,264.770,264.760,264.770,0,0
1525807920,264.790,264.850,264.790,264.930,0,0
1525807980,264.850,264.960,264.850,264.960,0,0
1525808040,264.900,264.800,264.800,264.900,0,0
1525808100,264.970,264.970,264.970,264.970,9931,597013
1525808220,264.980,265.000,264.980,265.000,0,0
1525808280,265.030,265.120,265.030,265.120,0,0
1525808340,265.210,265.400,265.160,265.400,0,0
1525808400,265.320,265.240,265.240,265.320,13379,606944
1525808460,265.230,265.190,265.190,265.230,0,0
1525808520,265.190,265.180,265.180,265.190,0,0
1525808580,265.190,265.140,265.140,265.190,0,0
1525808640,265.120,264.960,264.960,265.150,0,0
1525808700,264.930,264.720,264.620,264.930,16510,620323
1525808760,264.740,264.860,264.740,264.860,0,0
1525808820,264.800,264.840,264.800,264.900,0,0
1525808880,264.800,264.840,264.800,264.880,0,0
1525808940,264.780,264.790,264.780,264.790,0,0
1525809000,264.640,265.070,264.640,265.070,28486,636833
1525809060,264.990,265.000,264.990,265.000,0,0
1525809120,264.980,264.940,264.940,264.980,0,0
1525809180,265.030,264.940,264.940,265.050,0,0
1525809240,264.940,265.170,264.940,265.170,0,0
1525809300,265.210,265.350,265.210,265.350,117693,665319
1525809360,265.380,265.190,265.190,265.380,0,0
1525809420,265.170,265.130,265.130,265.230,0,0
1525809480,265.190,265.070,265.070,265.190,0,0
1525809540,265.030,265.460,265.030,265.470,0,0
1525872600,266.050,266.690,266.050,267.000,41062,0
1525872660,266.500,266.930,266.500,266.930,0,0
1525872720,267.900,268.490,267.900,268.490,0,0
1525872780,268.430,268.600,268.430,268.890,0,0
1525872840,268.570,268.530,268.420,268.650,0,0
1525872900,268.420,268.980,268.240,269.150,26257,41062
1525872960,268.830,268.270,268.130,269.020,0,0
1525873020,268.170,267.360,267.320,268.170,0,0
1525873080,267.780,267.270,267.270,267.830,0,0
1525873140,267.290,266.760,266.460,267.290,0,0
1525873200,266.670,266.790,266.670,267.180,13681,67319
1525873260,267.160,266.790,266.790,267.160,0,0
1525873320,266.810,267.500,266.810,267.510,0,0
1525873380,267.440,267.580,267.280,267.580,0,0
1525873440,266.860,267.160,266.860,267.160,0,0
1525873500,267.400,267.520,267.400,267.600,11635,81000
1525873560,267.690,267.460,267.460,267.980,0,0
1525873620,267.850,267.890,267.850,267.890,0,0
1525873680,267.730,267.530,267.530,267.740,0,0
1525873740,267.950,267.890,267.560,268.360,0,0
1525873800,267.750,267.700,267.700,267.750,5032,92635
1525873920,267.750,267.430,267.420,267.750,0,0
1525873980,267.450,266.500,266.500,267.450,0,0
1525874040,266.850,266.850,266.850,266.850,0,0
1525874100,266.960,266.960,266.960,266.960,8656,97667
1525874160,266.580,266.300,266.300,266.580,0,0
1525874220,266.520,266.330,266.300,266.520,0,0
1525874280,266.560,266.500,266.500,266.560,0,0
1525874340,266.370,266.610,266.370,266.610,0,0
1525874400,266.100,265.570,265.570,266.100,9717,106323
1525874460,266.000,266.100,266.000,266.100,0,0
1525874520,266.150,266.300,266.150,266.480,0,0
1525874640,266.450,266.240,266.240,266.450,0,0
1525874700,266.200,266.120,266.120,266.230,11545,116040
1525874760,266.120,266.350,266.120,266.470,0,0
1525874820,266.480,265.870,265.870,266.490,0,0
1525874880,265.810,265.910,265.810,265.910,0,0
1525874940,265.930,266.260,265.930,266.260,0,0
1525875000,266.290,266.380,266.130,266.380,8554,127585
1525875060,266.290,266.380,266.130,266.380,0,0
1525875120,266.400,266.380,266.380,266.570,0,0
1525875240,266.360,266.360,266.360,266.360,0,0
1525875300,266.380,266.620,266.380,266.620,10200,136139
1525875360,266.380,266.620,266.380,266.620,0,0
1525875420,266.520,266.800,266.390,266.800,0,0
1525875480,266.810,266.960,266.810,266.960,0,0
1525875540,267.090,267.140,267.090,267.140,0,0
1525875600,267.050,267.480,267.000,267.480,13809,146339
1525875720,267.640,267.710,267.640,267.710,0,0
1525875780,267.870,267.570,267.570,267.870,0,0
1525875840,267.570,267.190,267.190,267.680,0,0
1525875900,267.620,267.570,267.570,267.620,7218,160148
1525875960,267.820,267.960,267.820,267.960,0,0
1525876020,267.820,267.230,267.230,267.820,0,0
1525876080,267.390,267.390,267.390,267.390,0,0
1525876140,267.150,267.050,267.050,267.220,0,0
1525876200,267.200,267.330,267.110,267.330,8989,167366
1525876260,267.700,267.430,267.430,267.700,0,0
1525876320,267.210,266.670,266.670,267.210,0,0
1525876380,266.690,266.400,266.400,266.690,0,0
1525876440,266.560,266.710,266.360,266.710,0,0
1525876500,266.730,266.730,266.730,266.730,3979,176355
1525876560,267.040,266.820,266.820,267.040,0,0
1525876620,266.790,266.790,266.790,266.790,0,0
1525876680,266.570,266.820,266.570,267.110,0,0
1525876800,266.980,266.980,266.980,266.980,3901,180334
1525876860,267.120,267.380,266.990,267.380,0,0
1525876920,267.560,267.310,267.310,267.560,0,0
1525877040,267.540,267.540,267.540,267.540,0,0
1525877100,267.330,267.400,267.330,267.550,8585,184235
1525877160,267.500,267.580,267.490,267.580,0,0
1525877220,267.410,267.360,267.320,267.460,0,0
1525877280,267.290,267.280,267.280,267.500,0,0
1525877340,267.450,267.450,267.450,267.450,0,0
1525877400,267.290,267.140,267.140,267.290,7825,192820
1525877460,267.240,267.240,267.240,267.240,0,0
1525877520,267.110,266.930,266.930,267.110,0,0
1525877580,266.940,266.860,266.860,266.940,0,0
1525877640,267.030,266.770,266.770,267.030,0,0
1525877700,266.640,266.470,266.470,266.640,5053,200645
1525877760,266.640,266.470,266.470,266.640,0,0
1525877820,266.600,266.390,266.390,266.600,0,0
1525877880,266.260,266.230,266.040,266.270,0,0
1525877940,266.420,266.420,266.420,266.420,0,0
1525878000,266.670,266.670,266.670,266.670,21461,205698
1525878060,266.510,266.510,266.510,266.510,0,0
1525878120,266.370,266.250,266.250,266.370,0,0
1525878180,266.440,266.180,266.180,266.490,0,0
1525878240,266.330,266.330,266.330,266.330,0,0
1525878300,266.330,266.390,266.330,266.390,7350,227159
1525878420,266.510,266.650,266.510,266.650,0,0
1525878480,266.690,266.710,266.690,266.710,0,0
1525878540,266.860,266.850,266.850,266.890,0,0
1525878600,266.710,266.710,266.710,266.710,6321,234509
1525878660,266.760,266.750,266.710,266.760,0,0
1525878720,266.710,266.600,266.580,266.710,0,0
1525878840,266.780,266.780,266.780,266.780,0,0
1525878900,266.980,266.980,266.980,266.980,2719,240830
1525878960,266.980,266.980,266.980,266.980,0,0
1525879020,267.010,267.010,267.010,267.010,0,0
1525879080,267.020,266.780,266.780,267.120,0,0
1525879200,267.060,267.260,267.060,267.260,7194,243549
1525879260,267.320,267.320,267.320,267.320,0,0
1525879380,267.570,267.570,267.570,267.570,0,0
1525879440,267.360,267.360,267.360,267.360,0,0
1525879500,267.330,267.450,267.330,267.450,2930,250743
1525879560,267.390,267.330,267.250,267.390,0,0
1525879620,267.330,267.330,267.330,267.330,0,0
1525879680,267.420,267.420,267.420,267.420,0,0
1525879740,267.310,267.310,267.310,267.310,0,0
1525879800,267.250,267.340,267.250,267.340,2689,253673
1525879860,267.440,267.440,267.440,267.440,0,0
1525879920,267.440,267.580,267.440,267.580,0,0
1525879980,267.310,267.350,267.310,267.350,0,0
1525880100,267.410,267.350,267.350,267.410,17534,256362
1525880160,267.450,267.600,267.450,267.950,0,0
1525880220,267.560,267.560,267.560,267.560,0,0
1525880280,267.470,267.460,267.460,267.490,0,0
1525880400,267.440,267.440,267.440,267.440,6739,273896
1525880460,267.220,267.220,267.220,267.220,0,0
1525880520,267.250,267.520,267.250,267.520,0,0
1525880580,267.520,267.520,267.520,267.520,0,0
1525880700,267.520,267.470,267.470,267.520,3547,280635
1525880760,267.450,267.450,267.450,267.450,0,0
1525880880,267.620,267.620,267.620,267.620,0,0
1525881000,267.550,267.380,267.190,267.550,9604,284182
1525881060,267.550,267.380,267.190,267.550,0,0
1525881180,267.250,267.120,267.120,267.250,0,0
1525881240,267.120,267.080,267.080,267.120,0,0
1525881300,267.530,267.530,267.530,267.530,3907,293786
1525881360,267.460,267.310,267.310,267.460,0,0
1525881420,267.250,267.250,267.250,267.250,0,0
1525881480,267.250,267.250,267.250,267.250,0,0
1525881540,267.350,267.460,267.350,267.460,0,0
1525881600,267.580,267.850,267.580,267.850,4252,297693
1525881660,267.580,267.850,267.580,267.850,0,0
1525881720,267.670,267.850,267.670,267.850,0,0
1525881780,267.620,267.630,267.620,267.630,0,0
1525881900,267.550,267.550,267.550,267.550,333,301945
1525882200,267.550,267.570,267.420,267.570,8565,302278
1525882320,267.520,267.520,267.520,267.520,0,0
1525882380,267.440,267.550,267.440,267.550,0,0
1525882440,267.600,267.690,267.600,267.690,0,0
1525882500,267.720,267.720,267.720,267.720,1771,310843
1525882620,267.750,267.750,267.750,267.750,0,0
1525882680,267.680,267.680,267.680,267.680,0,0
1525882740,267.720,267.690,267.690,267.720,0,0
1525882800,267.760,267.760,267.760,267.760,8774,312614
1525882860,267.850,267.940,267.850,267.940,0,0
1525882920,268.030,267.990,267.900,268.030,0,0
1525882980,268.030,268.070,267.940,268.070,0,0
1525883040,268.210,268.150,268.150,268.210,0,0
1525883100,268.090,268.090,268.090,268.090,2875,321388
1525883160,268.120,268.120,268.120,268.120,0,0
1525883220,268.180,268.250,268.180,268.250,0,0
1525883280,268.170,268.160,268.160,268.170,0,0
1525883400,268.270,268.610,268.270,268.610,6926,324263
1525883460,268.350,268.350,268.350,268.350,0,0
1525883580,268.400,268.260,268.260,268.400,0,0
1525883640,268.320,268.320,268.320,268.320,0,0
1525883700,268.150,268.100,268.100,268.150,2927,331189
1525883760,268.150,268.100,268.100,268.150,0,0
1525883880,268.030,268.030,268.030,268.030,0,0
1525883940,268.010,268.010,268.010,268.010,0,0
1525884000,267.890,267.890,267.890,267.890,1984,334116
1525884060,267.890,267.890,267.890,267.890,0,0
1525884180,267.990,268.110,267.990,268.110,0,0
1525884240,268.250,268.250,268.250,268.250,0,0
1525884300,268.140,268.120,268.120,268.140,4076,336100
1525884360,268.040,268.120,268.040,268.120,0,0
1525884420,268.070,268.070,268.070,268.070,0,0
1525884480,268.250,268.250,268.250,268.250,0,0
1525884540,268.490,268.490,268.490,268.490,0,0
1525884600,268.490,268.270,268.270,268.490,3062,340176
1525884660,268.250,268.250,268.250,268.250,0,0
1525884720,268.300,268.300,268.300,268.300,0,0
1525884840,268.310,268.310,268.310,268.310,0,0
1525884900,268.490,268.250,268.250,268.490,4251,343238
1525884960,268.300,268.300,268.300,268.300,0,0
1525885020,268.460,268.460,268.460,268.460,0,0
1525885080,268.230,268.400,268.230,268.400,0,0
1525885140,268.160,268.270,268.160,268.330,0,0
1525885200,268.300,268.190,268.190,268.300,7380,347489
1525885320,268.330,268.190,268.190,268.330,0,0
1525885380,268.200,268.310,268.200,268.310,0,0
1525885440,268.190,268.190,268.190,268.190,0,0
1525885500,268.140,268.220,268.130,268.220,6152,354869
1525885560,268.220,268.220,268.220,268.220,0,0
1525885620,268.290,268.290,268.290,268.290,0,0
1525885680,268.260,268.260,268.260,268.260,0,0
1525885740,268.400,268.360,268.260,268.400,0,0
1525885800,268.350,268.200,268.190,268.350,13789,361021
1525885860,268.280,268.280,268.280,268.280,0,0
1525885920,268.290,268.130,268.130,268.420,0,0
1525886040,268.270,268.270,268.270,268.270,0,0
1525886100,268.260,268.250,268.250,268.300,6909,374810
1525886220,268.000,268.000,268.000,268.000,0,0
1525886280,268.130,267.930,267.930,268.130,0,0
1525886400,267.910,268.000,267.910,268.000,3249,381719
1525886460,268.230,268.270,268.230,268.270,0,0
1525886520,268.150,268.150,268.150,268.150,0,0
1525886580,268.110,268.120,267.950,268.120,0,0
1525886700,268.020,267.980,267.980,268.020,4789,384968
1525886760,268.150,268.150,268.150,268.150,0,0
1525886880,268.420,268.420,268.420,268.420,0,0
1525886940,268.510,268.540,268.510,268.540,0,0
1525887000,268.380,268.380,268.380,268.380,3236,389757
1525887060,268.380,268.380,268.380,268.380,0,0
1525887180,268.660,268.660,268.660,268.660,0,0
1525887240,268.630,268.630,268.630,268.630,0,0
1525887300,268.700,268.700,268.700,268.700,3056,392993
1525887420,268.720,268.770,268.720,268.770,0,0
1525887480,268.740,268.800,268.740,268.800,0,0
1525887600,268.980,268.950,268.950,268.980,6462,396049
1525887660,268.980,268.950,268.950,268.980,0,0
1525887720,268.940,268.940,268.940,268.940,0,0
1525887780,268.900,268.880,268.880,268.900,0,0
1525887900,268.870,268.870,268.870,268.870,4555,402511
1525887960,268.990,268.990,268.990,268.990,0,0
1525888020,269.020,269.040,269.020,269.040,0,0
1525888140,269.040,269.040,269.040,269.040,0,0
1525888200,269.020,269.020,269.020,269.020,3321,407066
1525888260,269.020,269.020,269.020,269.020,0,0
1525888320,269.070,269.070,269.070,269.070,0,0
1525888380,269.090,269.090,269.090,269.090,0,0
1525888440,269.210,269.210,269.210,269.210,0,0
1525888500,269.390,269.390,269.390,269.390,7692,410387
1525888560,269.390,269.390,269.390,269.390,0,0
1525888620,269.110,269.330,269.110,269.330,0,0
1525888680,269.340,269.340,269.340,269.340,0,0
1525888740,269.370,269.560,269.370,269.560,0,0
1525888800,269.510,269.510,269.510,269.510,12663,418079
1525888860,269.490,269.560,269.490,269.570,0,0
1525888920,269.560,269.560,269.560,269.560,0,0
1525888980,269.700,269.810,269.700,269.810,0,0
1525889040,269.810,269.800,269.800,269.810,0,0
1525889100,269.810,269.680,269.680,269.810,7593,430742
1525889160,269.690,269.490,269.490,269.690,0,0
1525889220,269.500,269.500,269.500,269.500,0,0
1525889280,269.730,269.700,269.700,269.740,0,0
1525889340,269.710,269.710,269.710,269.710,0,0
1525889400,269.740,269.930,269.740,270.000,15814,438335
1525889460,269.930,269.830,269.830,269.990,0,0
1525889580,270.050,270.050,270.050,270.050,0,0
1525889700,270.160,270.140,270.090,270.160,11354,454149
1525889760,270.130,270.130,270.130,270.130,0,0
1525889820,270.110,270.000,270.000,270.110,0,0
1525889880,270.130,270.130,270.130,270.130,0,0
1525889940,270.090,269.820,269.820,270.090,0,0
1525890000,269.900,269.770,269.770,269.900,5406,465503
1525890120,269.600,269.600,269.600,269.600,0,0
1525890180,269.700,269.650,269.650,269.750,0,0
1525890240,269.570,269.430,269.430,269.570,0,0
1525890300,269.480,269.470,269.470,269.480,3719,470909
1525890360,269.480,269.470,269.470,269.480,0,0
1525890420,269.620,269.620,269.620,269.620,0,0
1525890480,269.630,269.560,269.560,269.630,0,0
1525890540,269.670,269.670,269.670,269.670,0,0
1525890600,269.760,269.760,269.760,269.760,6707,474628
1525890660,269.930,269.880,269.870,269.930,0,0
1525890720,270.000,270.000,270.000,270.000,0,0
1525890780,270.010,270.010,270.010,270.010,0,0
1525890840,270.070,270.070,270.070,270.070,0,0
1525890900,270.190,270.290,270.190,270.290,5202,481335
1525890960,270.280,270.190,270.190,270.280,0,0
1525891020,270.150,270.150,270.150,270.150,0,0
1525891080,270.070,270.070,270.070,270.070,0,0
1525891140,270.270,270.270,270.270,270.270,0,0
1525891200,270.280,270.230,270.230,270.280,5147,486537
1525891260,270.350,270.350,270.350,270.350,0,0
1525891380,270.370,270.450,270.370,270.450,0,0
1525891440,270.300,270.300,270.300,270.300,0,0
1525891500,270.500,270.440,270.440,270.500,7829,491684
1525891560,270.390,270.390,270.390,270.390,0,0
1525891680,270.350,270.340,270.340,270.350,0,0
1525891740,270.450,270.450,270.450,270.450,0,0
1525891800,270.550,270.600,270.550,270.600,8675,499513
1525891860,270.510,270.540,270.510,270.540,0,0
1525891920,270.540,270.440,270.440,270.540,0,0
1525891980,270.370,270.290,270.290,270.370,0,0
1525892040,270.400,270.190,270.190,270.460,0,0
1525892100,270.210,270.220,270.210,270.220,5987,508188
1525892160,269.880,269.880,269.880,269.880,0,0
1525892280,269.710,269.790,269.710,269.830,0,0
1525892340,269.980,269.890,269.850,269.980,0,0
1525892400,269.850,269.930,269.810,269.930,5661,514175
1525892460,269.730,269.680,269.680,269.730,0,0
1525892580,269.830,269.830,269.830,269.830,0,0
1525892640,269.700,269.660,269.660,269.700,0,0
1525892700,269.800,269.800,269.800,269.800,6860,519836
1525892760,269.540,269.710,269.540,269.730,0,0
1525892820,269.840,269.630,269.630,269.840,0,0
1525892880,269.790,269.790,269.790,269.790,0,0
1525892940,269.940,269.760,269.760,269.940,0,0
1525893000,269.750,269.750,269.750,269.750,9017,526696
1525893060,269.540,269.470,269.470,269.540,0,0
1525893120,269.570,269.570,269.570,269.570,0,0
1525893180,269.570,269.570,269.570,269.570,0,0
1525893240,269.580,269.350,269.320,269.580,0,0
1525893300,269.430,269.630,269.430,269.630,21815,535713
1525893360,269.620,269.580,269.500,269.620,0,0
1525893420,269.590,269.610,269.590,269.700,0,0
1525893480,269.600,269.680,269.600,269.680,0,0
1525893540,269.630,269.640,269.630,269.750,0,0
1525893600,269.580,269.500,269.500,269.580,9831,557528
1525893660,269.570,269.440,269.440,269.570,0,0
1525893720,269.500,269.480,269.480,269.500,0,0
1525893780,269.500,269.550,269.500,269.550,0,0
1525893840,269.610,269.520,269.520,269.620,0,0
1525893900,269.530,269.590,269.530,269.590,6948,567359
1525893960,269.530,269.590,269.530,269.590,0,0
1525894020,269.620,269.520,269.450,269.620,0,0
1525894080,269.560,269.260,269.260,269.560,0,0
1525894140,269.180,269.010,269.010,269.180,0,0
1525894200,269.140,269.120,269.100,269.160,16041,574307
1525894260,269.290,269.210,269.210,269.290,0,0
1525894320,269.000,268.790,268.790,269.000,0,0
1525894380,268.890,268.710,268.710,268.890,0,0
1525894440,268.680,268.690,268.550,268.690,0,0
1525894500,268.510,268.590,268.500,268.590,9415,590348
1525894560,268.480,268.540,268.480,268.630,0,0
1525894620,268.510,268.380,268.360,268.510,0,0
1525894680,268.380,268.150,268.150,268.380,0,0
1525894740,268.230,268.230,268.230,268.230,0,0
1525894800,268.150,268.190,268.150,268.190,13241,599763
1525894860,268.080,268.050,268.050,268.080,0,0
1525894920,268.030,267.970,267.970,268.030,0,0
1525894980,268.000,267.860,267.860,268.000,0,0
1525895040,267.820,267.830,267.820,267.890,0,0
1525895100,267.820,268.110,267.820,268.180,14406,613004
1525895160,268.080,268.110,268.050,268.120,0,0
1525895220,268.070,268.090,267.980,268.230,0,0
1525895280,268.080,268.180,268.080,268.180,0,0
1525895340,268.220,268.090,268.090,268.220,0,0
1525895400,268.350,268.490,268.250,268.490,27954,627410
1525895460,268.450,268.400,268.290,268.450,0,0
1525895520,268.360,268.200,268.200,268.360,0,0
1525895580,268.130,267.960,267.960,268.130,0,0
1525895640,268.070,267.850,267.850,268.070,0,0
1525895700,267.960,267.860,267.860,267.990,86547,655364
1525895760,267.920,267.970,267.870,267.970,0,0
1525895820,267.970,267.930,267.930,268.000,0,0
1525895880,267.920,267.820,267.710,267.920,0,0
1525895940,267.790,268.000,267.750,268.000,0,0
1525959000,268.990,268.000,268.000,268.990,16045,0
1525959060,268.930,269.040,268.540,269.230,0,0
1525959120,268.600,268.490,268.490,268.600,0,0
1525959180,268.930,268.230,268.230,268.930,0,0
1525959240,268.230,267.430,267.430,268.230,0,0
1525959300,267.250,268.550,267.250,268.550,10493,16045
1525959360,269.370,268.820,268.820,269.440,0,0
1525959540,269.380,269.350,269.350,269.380,0,0
1525959600,269.040,268.890,268.890,269.040,4845,26538
1525959720,269.380,269.380,269.380,269.380,0,0
1525959780,269.430,269.740,269.430,269.740,0,0
1525959840,269.420,269.420,269.420,269.420,0,0
1525959900,269.510,269.510,269.510,269.510,8095,31383
1525959960,269.810,269.640,269.440,269.860,0,0
1525960020,269.540,269.540,269.540,269.540,0,0
1525960080,269.510,269.440,269.440,269.510,0,0
1525960140,269.380,269.120,269.120,269.380,0,0
1525960200,269.110,269.090,269.090,269.110,2651,39478
1525960260,269.100,269.100,269.100,269.100,0,0
1525960320,269.170,269.120,269.120,269.170,0,0
1525960380,269.310,269.310,269.310,269.310,0,0
1525960440,269.400,269.440,269.400,269.440,0,0
1525960500,269.570,269.570,269.570,269.570,2578,42129
1525960560,269.720,269.860,269.720,269.860,0,0
1525960620,269.810,269.640,269.640,269.830,0,0
1525960680,269.850,269.760,269.760,269.850,0,0
1525960800,269.900,270.370,269.900,270.370,15253,44707
1525960860,270.340,270.440,270.230,270.440,0,0
1525960920,270.430,270.430,270.430,270.430,0,0
1525961040,270.820,270.550,270.520,270.820,0,0
1525961100,270.600,270.760,270.500,270.760,34445,59960
1525961160,271.020,270.630,270.620,271.150,0,0
1525961220,270.320,270.370,270.190,270.370,0,0
1525961280,270.420,270.710,270.420,270.950,0,0
1525961340,271.230,271.930,271.230,271.970,0,0
1525961400,271.980,272.500,271.980,272.510,36096,94405
1525961460,272.520,272.680,272.430,272.680,0,0
1525961520,272.880,273.210,272.840,273.210,0,0
1525961580,273.040,272.600,272.600,273.040,0,0
1525961640,272.610,272.950,272.610,272.980,0,0
1525961700,273.060,272.940,272.560,273.190,43106,130501
1525961760,273.240,272.730,272.730,273.530,0,0
1525961820,273.250,272.930,272.930,273.410,0,0
1525961880,272.850,272.620,272.620,272.860,0,0
1525961940,272.650,272.620,272.410,272.650,0,0
1525962000,272.580,272.430,272.430,272.580,6535,173607
1525962120,272.570,272.000,272.000,272.570,0,0
1525962180,272.010,272.480,272.010,272.480,0,0
1525962240,272.540,272.460,272.460,272.540,0,0
1525962300,272.870,272.720,272.580,272.870,12076,180142
1525962360,273.020,273.030,273.020,273.080,0,0
1525962420,273.220,273.500,272.830,273.500,0,0
1525962480,273.480,273.820,273.230,273.820,0,0
1525962540,273.610,273.520,273.520,273.610,0,0
1525962600,273.780,273.990,273.780,273.990,13601,192218
1525962660,274.000,273.700,273.650,274.000,0,0
1525962720,273.450,273.620,273.450,273.620,0,0
1525962780,273.130,273.130,273.130,273.130,0,0
1525962840,273.340,273.500,273.340,273.500,0,0
1525962900,273.770,273.770,273.770,273.770,8983,205819
1525962960,273.770,273.770,273.770,273.770,0,0
1525963020,273.800,274.120,273.800,274.120,0,0
1525963080,274.370,274.230,274.150,274.370,0,0
1525963140,274.200,274.250,274.200,274.420,0,0
1525963200,274.260,274.400,274.240,274.400,36693,214802
1525963260,274.500,275.750,274.460,275.750,0,0
1525963320,275.840,275.500,275.310,275.840,0,0
1525963380,275.580,275.470,275.470,275.710,0,0
1525963440,275.520,275.500,275.500,275.540,0,0
1525963500,275.390,275.390,275.390,275.390,7752,251495
1525963560,275.300,275.390,275.300,275.390,0,0
1525963620,275.450,275.690,275.350,275.690,0,0
1525963680,275.690,275.690,275.690,275.690,0,0
1525963740,275.860,276.190,275.860,276.190,0,0
1525963800,276.440,275.420,275.420,276.440,6671,259247
1525963860,275.850,275.580,275.580,275.850,0,0
1525963920,275.810,275.810,275.810,275.810,0,0
1525963980,275.700,275.700,275.700,275.700,0,0
1525964040,275.520,275.490,275.490,275.520,0,0
1525964100,275.320,275.430,275.320,275.430,15636,265918
1525964160,275.410,275.510,275.410,275.510,0,0
1525964220,275.400,275.500,275.380,275.560,0,0
1525964280,275.720,275.750,275.500,275.770,0,0
1525964340,275.570,275.760,275.570,275.820,0,0
1525964400,275.950,276.600,275.950,276.710,47479,281554
1525964460,276.830,277.550,276.830,277.670,0,0
1525964520,277.540,277.470,277.030,277.540,0,0
1525964580,277.180,277.440,277.170,277.450,0,0
1525964640,277.640,277.020,277.020,277.640,0,0
1525964700,276.890,276.890,276.890,276.890,14502,329033
1525964760,277.270,276.860,276.860,277.270,0,0
1525964880,276.960,277.500,276.960,277.630,0,0
1525964940,277.860,277.680,277.680,277.860,0,0
1525965000,277.580,277.720,277.580,277.720,31596,343535
1525965060,277.610,277.730,277.610,277.740,0,0
1525965120,277.890,277.980,277.830,278.000,0,0
1525965180,277.990,278.420,277.850,278.420,0,0
1525965240,278.220,278.890,278.220,279.000,0,0
1525965300,278.680,278.850,278.520,278.850,19958,375131
1525965360,278.710,278.550,278.500,278.770,0,0
1525965420,278.460,278.540,278.420,278.620,0,0
1525965480,278.530,278.370,278.370,278.530,0,0
1525965540,278.410,277.960,277.960,278.410,0,0
1525965600,277.520,278.020,277.380,278.020,12556,395089
1525965660,277.830,277.920,277.830,277.920,0,0
1525965720,277.980,278.040,277.980,278.140,0,0
1525965780,278.310,278.310,278.310,278.310,0,0
1525965840,278.260,278.160,278.160,278.260,0,0
1525965900,278.000,277.010,277.010,278.000,29193,407645
1525965960,277.460,277.660,277.460,277.810,0,0
1525966020,277.960,277.960,277.960,277.960,0,0
1525966080,277.860,277.860,277.860,277.860,0,0
1525966140,277.850,277.950,277.850,277.950,0,0
1525966200,277.860,277.840,277.840,277.860,9564,436838
1525966260,277.810,277.710,277.710,277.810,0,0
1525966320,277.440,277.340,277.340,277.440,0,0
1525966380,277.300,277.400,277.300,277.470,0,0
1525966440,277.000,277.160,277.000,277.160,0,0
1525966500,277.090,277.000,277.000,277.090,8666,446402
1525966560,277.170,277.040,277.040,277.170,0,0
1525966620,276.960,276.770,276.630,276.960,0,0
1525966680,276.690,276.620,276.620,276.690,0,0
1525966740,276.650,276.430,276.430,276.650,0,0
1525966800,276.800,277.060,276.800,277.120,11380,455068
1525966860,277.080,277.230,277.080,277.230,0,0
1525966980,277.110,277.120,277.110,277.630,0,0
1525967040,277.340,277.320,277.320,277.340,0,0
1525967100,277.300,277.000,277.000,277.300,14643,466448
1525967160,277.200,277.400,277.190,277.400,0,0
1525967220,277.250,277.610,277.250,277.640,0,0
1525967280,277.650,277.800,277.630,277.800,0,0
1525967340,277.640,277.900,277.640,277.900,0,0
1525967400,278.050,278.240,277.920,278.370,14737,481091
1525967460,277.940,277.990,277.810,277.990,0,0
1525967520,278.000,277.890,277.890,278.000,0,0
1525967700,277.910,277.920,277.910,277.920,6523,495828
1525967760,277.940,278.070,277.940,278.070,0,0
1525967820,278.040,278.000,278.000,278.040,0,0
1525967880,277.940,278.100,277.940,278.100,0,0
1525967940,277.960,277.960,277.960,277.960,0,0
1525968000,278.030,278.030,278.030,278.030,11351,502351
1525968060,277.950,277.630,277.630,277.950,0,0
1525968120,277.670,277.690,277.670,277.690,0,0
1525968180,277.580,277.550,277.550,277.610,0,0
1525968240,277.450,277.250,277.230,277.450,0,0
1525968300,277.120,277.390,277.120,277.390,7832,513702
1525968420,277.380,277.300,277.300,277.380,0,0
1525968480,277.300,277.660,277.300,277.660,0,0
1525968540,277.570,277.550,277.550,277.570,0,0
1525968600,277.620,277.620,277.620,277.620,4959,521534
1525968720,277.840,278.000,277.560,278.000,0,0
1525968780,277.830,277.830,277.830,277.830,0,0
1525968840,277.900,277.900,277.900,277.900,0,0
1525968900,277.900,278.060,277.900,278.060,14704,526493
1525968960,278.040,278.260,278.040,278.260,0,0
1525969020,278.140,278.160,278.140,278.160,0,0
1525969080,278.270,278.220,278.220,278.270,0,0
1525969140,278.350,278.940,278.200,278.940,0,0
1525969200,278.810,278.780,278.780,278.810,8806,541197
1525969260,278.940,278.820,278.820,278.940,0,0
1525969320,279.000,279.000,279.000,279.000,0,0
1525969380,278.900,279.090,278.900,279.090,0,0
1525969440,279.200,279.070,279.000,279.200,0,0
1525969500,278.930,278.810,278.810,278.930,16411,550003
1525969560,278.970,279.070,278.970,279.070,0,0
1525969620,279.060,278.820,278.820,279.060,0,0
1525969680,278.940,279.100,278.940,279.130,0,0
1525969740,279.120,279.330,279.060,279.330,0,0
1525969800,279.300,279.310,279.300,279.500,16790,566414
1525969860,279.300,279.300,279.300,279.300,0,0
1525969920,279.310,279.310,279.310,279.310,0,0
1525969980,279.360,279.450,279.360,279.450,0,0
1525970040,279.420,279.180,279.180,279.420,0,0
1525970100,279.030,278.530,278.530,279.030,5316,583204
1525970160,278.590,278.700,278.590,278.710,0,0
1525970220,278.900,279.000,278.870,279.000,0,0
1525970280,279.000,279.060,279.000,279.060,0,0
1525970340,279.330,279.330,279.330,279.330,0,0
1525970400,279.110,279.110,279.110,279.110,11354,588520
1525970460,279.000,279.190,279.000,279.190,0,0
1525970520,279.090,279.020,279.020,279.090,0,0
1525970580,278.890,278.810,278.810,278.890,0,0
1525970640,278.980,279.210,278.980,279.210,0,0
1525970700,279.080,279.590,279.080,279.590,10178,599874
1525970760,279.350,279.400,279.240,279.400,0,0
1525970820,279.270,279.260,279.260,279.390,0,0
1525970940,279.260,279.380,279.260,279.380,0,0
1525971000,279.500,279.500,279.500,279.500,12128,610052
1525971060,279.250,279.130,279.130,279.250,0,0
1525971120,279.010,279.250,279.010,279.250,0,0
1525971180,279.050,279.180,279.050,279.180,0,0
1525971240,279.320,279.260,279.260,279.330,0,0
1525971300,279.160,279.220,279.160,279.220,7332,622180
1525971360,279.330,279.210,279.210,279.390,0,0
1525971480,279.260,279.250,279.170,279.260,0,0
1525971540,279.250,279.260,279.250,279.260,0,0
1525971600,279.390,279.700,279.390,279.700,7316,629512
1525971660,279.640,279.570,279.570,279.640,0,0
1525971720,279.500,279.490,279.490,279.500,0,0
1525971780,279.660,279.690,279.660,279.690,0,0
1525971840,279.810,279.810,279.810,279.810,0,0
1525971900,279.930,279.900,279.770,279.930,6240,636828
1525971960,279.900,279.680,279.680,279.900,0,0
1525972020,279.870,279.870,279.870,279.870,0,0
1525972080,279.960,279.960,279.960,279.960,0,0
1525972140,279.980,279.980,279.980,279.980,0,0
1525972200,279.990,280.100,279.990,280.100,23989,643068
1525972260,280.160,280.150,280.030,280.160,0,0
1525972320,280.250,280.030,280.030,280.250,0,0
1525972380,279.530,279.510,279.510,279.530,0,0
1525972440,279.470,279.470,279.470,279.470,0,0
1525972500,279.450,279.210,279.210,279.580,4832,667057
1525972560,279.140,279.140,279.140,279.140,0,0
1525972680,279.160,279.320,279.160,279.320,0,0
1525972740,279.130,279.210,279.130,279.210,0,0
1525972800,279.200,279.220,279.200,279.220,2817,671889
1525972860,279.340,279.310,279.310,279.340,0,0
1525973040,279.180,279.180,279.180,279.180,0,0
1525973100,279.050,278.900,278.900,279.050,13275,674706
1525973160,278.810,278.750,278.730,278.850,0,0
1525973220,278.710,278.250,278.250,278.740,0,0
1525973280,278.130,278.400,278.130,278.400,0,0
1525973340,278.280,278.220,278.220,278.400,0,0
1525973400,278.340,278.140,278.140,278.340,9538,687981
1525973460,278.260,278.300,278.260,278.420,0,0
1525973520,278.140,278.140,278.140,278.140,0,0
1525973580,277.950,277.750,277.750,277.950,0,0
1525973640,277.980,278.140,277.980,278.140,0,0
1525973700,278.190,278.090,278.000,278.190,4358,697519
1525973760,278.040,277.920,277.920,278.060,0,0
1525973880,277.930,277.950,277.930,277.950,0,0
1525973940,277.940,277.940,277.940,277.940,0,0
1525974000,277.830,278.010,277.810,278.120,10926,701877
1525974060,277.940,277.940,277.940,277.940,0,0
1525974120,277.800,277.800,277.800,277.800,0,0
1525974240,277.970,277.970,277.970,277.970,0,0
1525974300,277.920,277.780,277.780,277.920,5319,712803
1525974360,277.920,277.840,277.840,277.920,0,0
1525974420,278.010,278.010,278.010,278.010,0,0
1525974480,277.990,278.020,277.990,278.020,0,0
1525974540,278.110,278.110,278.110,278.110,0,0
1525974600,278.230,278.150,278.150,278.230,3428,718122
1525974660,278.230,278.150,278.150,278.230,0,0
1525974720,278.310,278.310,278.310,278.310,0,0
1525974780,278.220,278.290,278.220,278.340,0,0
1525974840,278.350,278.350,278.350,278.350,0,0
1525974900,278.200,278.070,278.070,278.200,10378,721550
1525974960,278.030,278.070,278.030,278.080,0,0
1525975020,278.030,278.000,278.000,278.030,0,0
1525975080,278.100,278.100,278.100,278.100,0,0
1525975140,277.990,277.860,277.860,277.990,0,0
1525975200,277.740,277.800,277.740,277.800,6969,731928
1525975260,277.740,277.410,277.410,277.740,0,0
1525975320,277.550,277.820,277.550,277.820,0,0
1525975440,278.140,278.080,278.080,278.140,0,0
1525975500,278.150,278.220,278.150,278.220,6083,738897
1525975560,278.160,278.330,278.160,278.330,0,0
1525975620,278.500,278.680,278.500,278.680,0,0
1525975680,278.800,278.990,278.800,278.990,0,0
1525975740,279.000,279.000,279.000,279.000,0,0
1525975800,279.070,279.070,279.070,279.070,3363,744980
1525975860,278.940,278.800,278.800,278.940,0,0
1525975920,278.790,278.790,278.790,278.790,0,0
1525975980,278.860,278.860,278.860,278.860,0,0
1525976040,278.960,278.960,278.960,278.960,0,0
1525976100,278.770,278.770,278.770,278.770,8503,748343
1525976160,278.480,278.340,278.340,278.480,0,0
1525976220,278.370,278.190,278.190,278.370,0,0
1525976280,278.100,278.050,278.050,278.100,0,0
1525976340,278.110,278.030,278.000,278.110,0,0
1525976400,277.870,277.870,277.870,277.870,5635,756846
1525976460,277.870,277.870,277.870,277.870,0,0
1525976520,277.820,277.770,277.770,277.820,0,0
1525976580,277.610,277.700,277.550,277.700,0,0
1525976640,277.920,277.920,277.920,277.920,0,0
1525976700,278.080,277.970,277.920,278.080,10844,762481
1525976760,278.080,277.970,277.920,278.080,0,0
1525976820,277.930,277.930,277.930,277.930,0,0
1525976880,278.130,278.130,278.130,278.130,0,0
1525976940,278.010,278.170,278.010,278.170,0,0
1525977000,278.280,278.350,278.280,278.350,12832,773325
1525977060,278.370,278.060,278.060,278.380,0,0
1525977120,277.920,277.920,277.920,277.920,0,0
1525977180,278.070,277.840,277.840,278.070,0,0
1525977240,277.670,277.550,277.550,277.680,0,0
1525977300,277.550,277.360,277.360,277.550,23897,786157
1525977360,277.360,277.110,277.110,277.480,0,0
1525977420,277.290,277.140,277.130,277.350,0,0
1525977480,277.210,277.130,277.120,277.210,0,0
1525977540,277.190,276.860,276.860,277.190,0,0
1525977600,276.520,276.380,276.380,276.620,17649,810054
1525977660,276.620,276.620,276.620,276.620,0,0
1525977720,276.610,276.970,276.610,276.970,0,0
1525977780,277.070,276.990,276.880,277.090,0,0
1525977840,277.130,277.230,277.130,277.230,0,0
1525977900,277.360,277.440,277.310,277.440,8427,827703
1525977960,277.730,277.850,277.730,277.850,0,0
1525978020,277.720,277.920,277.720,277.920,0,0
1525978080,277.880,278.020,277.880,278.020,0,0
1525978200,278.030,277.990,277.990,278.060,7065,836130
1525978320,277.850,277.980,277.850,277.980,0,0
1525978380,278.050,277.970,277.970,278.050,0,0
1525978500,277.740,277.810,277.740,277.810,1704,843195
1525978740,277.740,277.810,277.740,277.810,0,0
1525978800,277.800,278.120,277.800,278.120,9159,844899
1525978860,278.010,277.910,277.910,278.010,0,0
1525978920,277.610,277.600,277.600,277.610,0,0
1525978980,277.520,277.660,277.520,277.660,0,0
1525979040,277.600,277.670,277.600,277.680,0,0
1525979100,277.740,277.740,277.740,277.740,4289,854058
1525979160,277.620,277.520,277.520,277.620,0,0
1525979220,277.460,277.660,277.460,277.660,0,0
1525979280,277.750,277.750,277.750,277.750,0,0
1525979340,277.930,277.930,277.930,277.930,0,0
1525979400,277.790,277.630,277.630,277.790,8349,858347
1525979460,277.530,277.570,277.530,277.570,0,0
1525979520,277.510,277.520,277.510,277.560,0,0
1525979580,277.670,277.970,277.670,277.970,0,0
1525979640,277.980,277.890,277.850,277.980,0,0
1525979700,278.010,277.820,277.820,278.010,8014,866696
1525979760,277.780,277.710,277.710,277.780,0,0
1525979820,277.770,277.770,277.770,277.770,0,0
1525979940,277.670,277.540,277.500,277.670,0,0
1525980000,277.570,277.160,277.160,277.570,14270,874710
1525980060,277.100,277.090,277.090,277.100,0,0
1525980120,277.140,277.220,277.140,277.220,0,0
1525980240,277.220,277.220,277.220,277.220,0,0
1525980300,277.260,277.200,277.200,277.260,10961,888980
1525980360,277.160,277.060,277.060,277.160,0,0
1525980420,277.020,277.000,277.000,277.150,0,0
1525980480,277.160,277.160,277.160,277.160,0,0
1525980540,277.200,277.400,277.200,277.400,0,0
1525980600,277.410,277.380,277.380,277.410,9051,899941
1525980660,277.380,277.500,277.380,277.500,0,0
1525980720,277.410,277.500,277.410,277.500,0,0
1525980780,277.490,277.320,277.320,277.490,0,0
1525980840,277.190,277.190,277.190,277.190,0,0
1525980900,277.150,277.230,277.150,277.230,4246,908992
1525980960,277.150,277.230,277.150,277.230,0,0
1525981020,277.140,277.270,277.140,277.270,0,0
1525981080,277.140,277.130,277.130,277.140,0,0
1525981140,277.110,277.110,277.110,277.110,0,0
1525981200,277.200,277.150,277.110,277.200,14884,913238
1525981260,277.230,277.340,277.130,277.340,0,0
1525981320,277.350,277.410,277.350,277.410,0,0
1525981380,277.360,277.660,277.360,277.710,0,0
1525981440,277.630,277.630,277.630,277.630,0,0
1525981500,277.630,277.630,277.630,277.630,15288,928122
1525981560,277.420,277.430,277.420,277.430,0,0
1525981620,277.420,277.440,277.420,277.560,0,0
1525981680,277.470,277.480,277.470,277.480,0,0
1525981740,277.640,277.650,277.640,277.650,0,0
1525981800,277.910,277.980,277.860,278.010,23450,943410
1525981860,278.060,278.050,277.920,278.060,0,0
1525981920,277.940,277.950,277.940,278.040,0,0
1525981980,277.940,277.950,277.900,277.990,0,0
1525982040,277.920,277.780,277.780,277.920,0,0
1525982100,277.570,277.610,277.570,277.630,100492,966860
1525982160,277.620,277.520,277.520,277.630,0,0
1525982220,277.360,277.310,277.310,277.360,0,0
1525982280,277.280,277.580,277.280,277.580,0,0
1525982340,277.500,277.730,277.500,277.730,0,0
1526045400,278.160,278.960,278.150,279.250,34979,0
1526045460,279.430,278.870,278.870,279.620,0,0
1526045520,278.790,278.960,278.350,279.280,0,0
1526045580,278.650,278.480,278.150,278.650,0,0
1526045640,278.220,279.550,278.220,279.550,0,0
1526045700,279.550,279.220,279.220,279.550,20228,34979
1526045760,279.440,279.100,279.100,280.150,0,0
1526045820,279.860,279.570,279.570,279.860,0,0
1526045880,279.890,279.890,279.890,279.890,0,0
1526045940,279.820,279.820,279.820,279.820,0,0
1526046000,279.350,279.470,279.350,279.930,33741,55207
1526046060,279.620,279.460,279.450,279.620,0,0
1526046120,279.790,280.210,279.490,280.210,0,0
1526046180,280.230,280.350,280.230,280.750,0,0
1526046240,280.240,280.700,280.240,280.700,0,0
1526046300,280.900,280.840,280.840,281.350,47271,88948
1526046360,280.840,281.850,280.840,281.850,0,0
1526046420,281.970,281.750,281.540,281.970,0,0
1526046480,281.870,281.800,281.730,281.970,0,0
1526046540,281.800,281.320,281.320,281.800,0,0
1526046600,281.070,280.490,280.490,281.070,21004,136219
1526046660,280.190,279.790,279.790,280.190,0,0
1526046720,280.090,280.500,280.090,280.500,0,0
1526046780,280.190,280.470,280.190,280.470,0,0
1526046840,280.580,280.130,280.130,280.580,0,0
1526046900,280.370,280.510,280.370,280.510,38078,157223
1526046960,280.880,281.000,280.870,281.000,0,0
1526047020,280.990,280.990,280.990,280.990,0,0
1526047080,281.220,281.400,280.850,281.440,0,0
1526047140,281.420,281.840,281.420,282.230,0,0
1526047200,282.250,281.530,281.530,282.620,21394,195301
1526047260,281.770,281.750,281.740,281.770,0,0
1526047320,281.660,281.750,281.610,281.750,0,0
1526047380,281.530,281.680,281.530,281.760,0,0
1526047440,281.690,281.800,281.690,281.800,0,0
1526047500,281.700,282.080,281.700,282.080,27920,216695
1526047560,282.080,281.480,281.460,282.090,0,0
1526047620,281.590,281.040,281.040,281.590,0,0
1526047680,281.000,280.730,280.730,281.230,0,0
1526047740,280.870,281.710,280.870,281.710,0,0
1526047800,281.690,281.890,281.690,281.890,7822,244615
1526047860,281.710,281.590,281.520,281.710,0,0
1526047920,281.510,281.420,281.420,281.700,0,0
1526047980,281.450,281.450,281.450,281.450,0,0
1526048040,281.520,281.440,281.440,281.520,0,0
1526048100,281.720,281.760,281.540,281.760,11106,252437
1526048160,281.630,281.770,281.590,281.900,0,0
1526048220,282.020,282.180,282.020,282.180,0,0
1526048280,282.140,282.270,282.140,282.270,0,0
1526048340,282.410,282.360,282.360,282.410,0,0
1526048400,282.390,283.170,282.390,283.170,17864,263543
1526048460,283.240,283.260,283.040,283.370,0,0
1526048520,283.100,283.280,283.100,283.280,0,0
1526048580,283.260,283.120,283.120,283.260,0,0
1526048640,282.710,282.710,282.710,282.710,0,0
1526048700,282.740,282.740,282.740,282.740,15291,281407
1526048760,283.080,283.280,283.080,283.280,0,0
1526048820,283.250,283.200,283.200,283.270,0,0
1526048880,283.340,283.400,283.080,283.400,0,0
1526048940,283.380,283.080,283.080,283.380,0,0
1526049000,282.930,282.770,282.770,282.930,13703,296698
1526049060,282.370,282.250,282.250,282.370,0,0
1526049120,281.800,281.970,281.570,281.990,0,0
1526049180,282.210,282.380,282.210,282.380,0,0
1526049240,282.380,282.460,282.380,282.510,0,0
1526049300,282.380,282.230,282.230,282.380,10300,310401
1526049360,282.390,282.460,282.390,282.460,0,0
1526049420,282.780,282.860,282.740,282.860,0,0
1526049480,282.750,282.540,282.540,282.750,0,0
1526049540,282.360,282.380,282.360,282.380,0,0
1526049600,282.350,282.300,282.300,282.350,26658,320701
1526049660,282.390,282.390,282.390,282.390,0,0
1526049720,282.370,282.750,282.370,282.750,0,0
1526049780,282.580,282.420,282.420,282.580,0,0
1526049840,282.630,284.500,282.630,284.500,0,0
1526049900,284.250,283.920,283.820,284.250,25314,347359
1526049960,283.480,283.620,283.480,283.620,0,0
1526050020,283.840,284.400,283.840,284.420,0,0
1526050080,284.250,284.400,284.250,284.640,0,0
1526050140,284.400,284.250,284.250,284.480,0,0
1526050200,284.710,284.700,284.430,284.710,21400,372673
1526050260,284.560,284.510,284.510,284.730,0,0
1526050320,284.640,284.650,284.640,284.790,0,0
1526050380,284.790,284.900,284.740,284.900,0,0
1526050440,284.900,284.950,284.890,284.970,0,0
1526050500,285.220,285.430,285.220,285.430,44371,394073
1526050560,285.310,285.620,285.300,285.620,0,0
1526050620,285.450,285.390,285.390,285.500,0,0
1526050680,285.480,285.090,285.090,285.480,0,0
1526050740,285.090,285.350,285.090,285.350,0,0
1526050800,285.470,285.500,285.470,285.650,31635,438444
1526050860,285.620,285.480,285.480,285.620,0,0
1526050920,285.690,285.990,285.690,286.050,0,0
1526050980,286.160,286.170,286.160,286.280,0,0
1526051040,286.250,286.570,286.250,286.570,0,0
1526051100,286.590,286.420,286.420,286.620,20014,470079
1526051160,286.490,286.470,286.470,286.580,0,0
1526051220,286.160,286.010,286.010,286.160,0,0
1526051280,286.030,285.970,285.970,286.030,0,0
1526051340,285.640,285.340,285.340,285.640,0,0
1526051400,285.540,285.490,285.470,285.540,24432,490093
1526051460,285.460,286.240,285.460,286.400,0,0
1526051520,286.390,286.660,286.390,286.660,0,0
1526051580,286.520,286.440,286.440,286.660,0,0
1526051640,286.470,286.000,286.000,286.470,0,0
1526051700,286.230,286.250,286.230,286.250,11971,514525
1526051760,286.290,286.330,286.290,286.430,0,0
1526051820,286.280,285.690,285.690,286.280,0,0
1526051880,285.640,286.180,285.640,286.360,0,0
1526051940,286.180,286.080,286.080,286.180,0,0
1526052000,286.050,286.160,286.050,286.350,22936,526496
1526052060,286.400,286.770,286.400,286.770,0,0
1526052120,286.850,286.870,286.830,287.290,0,0
1526052180,286.880,286.640,286.580,286.880,0,0
1526052240,286.700,287.040,286.700,287.040,0,0
1526052300,287.240,287.240,287.240,287.240,41016,549432
1526052360,287.570,288.160,287.570,288.160,0,0
1526052420,288.000,288.270,288.000,288.300,0,0
1526052480,288.170,288.140,288.000,288.360,0,0
1526052540,288.000,287.980,287.920,288.000,0,0
1526052600,287.920,287.380,287.380,287.920,23519,590448
1526052660,287.520,287.580,287.520,287.580,0,0
1526052720,287.670,287.040,287.040,287.670,0,0
1526052780,287.140,286.910,286.910,287.200,0,0
1526052840,286.850,286.170,286.170,286.850,0,0
1526052900,286.200,286.260,286.080,286.300,13756,613967
1526052960,286.400,286.300,286.260,286.400,0,0
1526053020,286.270,286.000,286.000,286.300,0,0
1526053080,286.000,285.810,285.700,286.160,0,0
1526053140,285.830,285.790,285.790,285.830,0,0
1526053200,285.690,285.810,285.690,286.070,10169,627723
1526053260,286.090,286.470,286.090,286.470,0,0
1526053320,286.520,286.520,286.520,286.520,0,0
1526053380,286.400,286.090,286.060,286.400,0,0
1526053440,286.000,286.000,286.000,286.000,0,0
1526053500,286.050,286.190,285.950,286.190,9424,637892
1526053620,286.190,286.130,286.130,286.190,0,0
1526053680,286.200,286.340,286.200,286.340,0,0
1526053740,286.420,287.220,286.420,287.220,0,0
1526053800,287.210,286.850,286.850,287.210,23913,647316
1526053860,287.270,287.710,287.270,287.710,0,0
1526053920,287.820,287.630,287.630,287.820,0,0
1526053980,287.910,287.990,287.860,287.990,0,0
1526054040,287.740,287.360,287.360,287.740,0,0
1526054100,287.380,287.380,287.380,287.380,11627,671229
1526054160,287.360,287.340,287.210,287.360,0,0
1526054220,287.000,287.270,287.000,287.270,0,0
1526054280,287.130,287.200,287.130,287.200,0,0
1526054340,287.320,287.200,287.200,287.430,0,0
1526054400,287.230,287.110,287.110,287.280,7389,682856
1526054460,287.100,287.100,287.100,287.100,0,0
1526054520,287.040,287.260,287.040,287.260,0,0
1526054580,287.180,287.180,287.180,287.180,0,0
1526054640,287.340,287.530,287.340,287.530,0,0
1526054700,287.530,287.470,287.270,287.540,10266,690245
1526054760,287.510,287.330,287.330,287.510,0,0
1526054820,287.500,287.660,287.500,287.660,0,0
1526054880,287.430,287.430,287.430,287.430,0,0
1526054940,287.310,287.380,287.240,287.380,0,0
1526055000,287.140,287.140,287.140,287.140,10655,700511
1526055060,286.630,286.630,286.630,286.630,0,0
1526055120,286.380,286.220,286.160,286.390,0,0
1526055180,285.960,285.390,285.390,285.960,0,0
1526055240,285.300,285.200,285.060,285.400,0,0
1526055300,285.160,284.540,284.540,285.160,13691,711166
1526055360,284.850,285.020,284.850,285.020,0,0
1526055480,285.190,285.290,285.190,285.290,0,0
1526055540,285.100,285.140,285.100,285.140,0,0
1526055600,285.100,285.040,284.990,285.100,7947,724857
1526055660,285.150,285.150,285.150,285.150,0,0
1526055720,285.160,284.820,284.820,285.160,0,0
1526055780,284.820,284.510,284.510,284.820,0,0
1526055840,284.510,284.310,284.310,284.510,0,0
1526055900,284.410,284.450,284.180,284.450,13316,732804
1526055960,284.420,284.770,284.420,284.770,0,0
1526056020,284.630,284.630,284.630,284.630,0,0
1526056080,284.400,284.580,284.400,284.580,0,0
1526056140,284.450,284.510,284.450,284.540,0,0
1526056200,284.510,284.530,284.510,284.530,19183,746120
1526056260,284.550,284.550,284.550,284.550,0,0
1526056320,284.550,284.670,284.470,284.670,0,0
1526056380,284.470,285.030,284.470,285.100,0,0
1526056440,284.950,285.310,284.950,285.410,0,0
1526056500,285.280,285.260,285.260,285.280,9424,765303
1526056560,285.410,285.350,285.350,285.410,0,0
1526056620,285.420,285.590,285.420,285.720,0,0
1526056680,285.630,285.560,285.560,285.630,0,0
1526056740,285.610,285.720,285.580,285.720,0,0
1526056800,285.890,285.810,285.810,285.910,16670,774727
1526056860,286.000,286.010,286.000,286.160,0,0
1526056920,286.160,286.120,286.120,286.160,0,0
1526056980,286.130,286.020,286.020,286.180,0,0
1526057040,286.010,286.040,285.990,286.170,0,0
1526057100,286.000,286.070,286.000,286.120,10642,791397
1526057160,286.150,286.170,286.120,286.170,0,0
1526057220,286.230,286.190,286.190,286.230,0,0
1526057280,286.290,286.440,286.290,286.440,0,0
1526057340,286.530,286.600,286.500,286.600,0,0
1526057400,286.570,286.580,286.570,286.600,13946,802039
1526057460,286.580,286.580,286.580,286.580,0,0
1526057520,286.740,286.750,286.620,286.750,0,0
1526057580,286.940,286.860,286.710,286.960,0,0
1526057640,286.960,286.760,286.760,286.960,0,0
1526057700,286.650,286.350,286.350,286.650,10761,815985
1526057760,286.450,286.600,286.450,286.640,0,0
1526057820,286.670,286.750,286.670,286.750,0,0
1526057880,286.740,286.740,286.740,286.740,0,0
1526057940,286.770,286.620,286.600,286.770,0,0
1526058000,286.970,286.900,286.900,286.970,12383,826746
1526058060,286.970,287.130,286.970,287.130,0,0
1526058120,287.110,287.200,287.020,287.200,0,0
1526058180,287.080,286.760,286.760,287.080,0,0
1526058240,286.600,286.810,286.600,286.810,0,0
1526058300,286.880,286.990,286.880,286.990,8675,839129
1526058360,287.140,287.090,287.090,287.140,0,0
1526058420,287.140,287.470,287.140,287.470,0,0
1526058480,287.370,287.430,287.370,287.430,0,0
1526058540,287.430,287.740,287.320,287.740,0,0
1526058600,287.700,287.650,287.650,287.840,15070,847804
1526058660,287.480,287.240,287.240,287.480,0,0
1526058720,287.070,286.600,286.600,287.070,0,0
1526058780,286.590,286.130,286.130,286.650,0,0
1526058840,286.130,286.010,286.010,286.130,0,0
1526058900,286.110,286.250,286.110,286.250,7744,862874
1526058960,286.020,286.020,286.020,286.020,0,0
1526059020,286.580,286.580,286.580,286.580,0,0
1526059080,286.620,286.320,286.320,286.620,0,0
1526059140,286.240,285.850,285.850,286.240,0,0
1526059200,286.070,286.070,286.070,286.070,6376,870618
1526059320,286.410,286.500,286.320,286.500,0,0
1526059380,286.460,286.440,286.440,286.500,0,0
1526059440,286.380,286.380,286.380,286.380,0,0
1526059500,286.110,286.110,286.110,286.110,4370,876994
1526059560,286.340,286.560,286.340,286.560,0,0
1526059680,286.430,286.430,286.430,286.430,0,0
1526059740,286.550,286.650,286.550,286.650,0,0
1526059800,286.420,286.540,286.240,286.540,6407,881364
1526059920,286.420,286.420,286.420,286.420,0,0
1526059980,286.420,286.130,286.130,286.420,0,0
1526060040,286.400,286.400,286.400,286.400,0,0
1526060100,286.220,285.750,285.750,286.220,9450,887771
1526060160,285.700,285.700,285.700,285.700,0,0
1526060220,285.840,285.680,285.610,285.840,0,0
1526060280,285.680,285.790,285.620,285.790,0,0
1526060340,285.790,285.580,285.580,285.790,0,0
1526060400,285.500,285.500,285.500,285.500,6357,897221
1526060460,285.460,285.170,285.170,285.460,0,0
1526060520,285.070,285.070,285.070,285.070,0,0
1526060640,285.080,285.210,285.080,285.210,0,0
1526060700,285.180,285.310,285.180,285.310,12913,903578
1526060760,285.250,285.250,285.250,285.250,0,0
1526060820,285.230,285.450,285.200,285.450,0,0
1526060940,285.330,285.420,285.250,285.420,0,0
1526061000,285.310,285.310,285.310,285.310,3612,916491
1526061060,285.460,285.380,285.380,285.460,0,0
1526061120,285.570,285.620,285.570,285.620,0,0
1526061180,285.680,285.750,285.680,285.750,0,0
1526061300,285.660,285.810,285.660,285.810,4310,920103
1526061420,285.910,285.750,285.750,285.940,0,0
1526061480,285.760,285.760,285.760,285.760,0,0
1526061540,285.910,286.010,285.910,286.010,0,0
1526061600,285.940,286.060,285.940,286.060,10359,924413
1526061660,286.060,285.990,285.970,286.060,0,0
1526061720,286.100,285.880,285.880,286.100,0,0
1526061780,285.990,285.570,285.570,285.990,0,0
1526061900,285.480,285.470,285.470,285.480,13077,934772
1526061960,285.300,285.300,285.300,285.300,0,0
1526062020,285.080,284.650,284.650,285.080,0,0
1526062080,284.640,284.220,284.220,284.640,0,0
1526062140,284.260,284.470,284.260,284.470,0,0
1526062200,284.370,284.670,284.370,284.670,13717,947849
1526062260,284.610,284.590,284.590,284.680,0,0
1526062320,284.540,284.530,284.530,284.720,0,0
1526062380,284.500,284.280,284.280,284.500,0,0
1526062440,284.200,284.300,284.110,284.300,0,0
1526062500,284.360,284.360,284.360,284.360,7001,961566
1526062560,284.410,284.510,284.410,284.510,0,0
1526062620,284.570,284.610,284.570,284.610,0,0
1526062680,284.510,284.400,284.400,284.510,0,0
1526062740,284.430,284.850,284.430,284.850,0,0
1526062800,284.690,285.200,284.690,285.200,8150,968567
1526062860,285.120,285.120,285.120,285.120,0,0
1526062920,285.160,285.240,285.110,285.240,0,0
1526062980,285.270,285.310,285.270,285.310,0,0
1526063040,285.300,285.300,285.300,285.300,0,0
1526063100,285.180,285.180,285.180,285.180,7577,976717
1526063160,285.070,285.060,284.970,285.070,0,0
1526063220,285.050,284.970,284.970,285.050,0,0
1526063280,284.950,285.080,284.950,285.080,0,0
1526063340,285.010,284.780,284.780,285.010,0,0
1526063400,284.760,284.760,284.760,284.760,5212,984294
1526063460,284.570,284.570,284.570,284.570,0,0
1526063520,284.410,284.360,284.360,284.410,0,0
1526063580,284.360,284.360,284.360,284.360,0,0
1526063640,284.330,284.150,284.150,284.330,0,0
1526063700,284.390,284.210,284.210,284.390,12698,989506
1526063820,284.320,284.540,284.200,284.540,0,0
1526063880,284.630,284.790,284.550,284.790,0,0
1526063940,284.850,284.870,284.850,284.870,0,0
1526064000,285.060,285.200,285.060,285.200,13709,1002204
1526064060,284.800,285.000,284.800,285.020,0,0
1526064120,284.990,284.670,284.670,284.990,0,0
1526064180,284.670,284.570,284.570,284.680,0,0
1526064240,284.550,284.480,284.480,284.850,0,0
1526064300,284.450,284.380,284.380,284.450,9007,1015913
1526064360,284.310,284.430,284.310,284.430,0,0
1526064420,284.530,284.640,284.530,284.640,0,0
1526064480,284.500,284.820,284.500,284.820,0,0
1526064540,284.730,284.730,284.730,284.730,0,0
1526064600,284.820,284.830,284.820,284.830,14717,1024920
1526064660,284.900,284.980,284.900,284.980,0,0
1526064720,284.810,284.890,284.780,284.890,0,0
1526064780,284.880,284.740,284.740,284.880,0,0
1526064840,284.790,285.130,284.790,285.130,0,0
1526064900,285.190,285.060,285.060,285.380,10597,1039637
1526064960,285.530,285.530,285.530,285.530,0,0
1526065020,285.620,285.530,285.530,285.770,0,0
1526065080,285.610,285.540,285.540,285.650,0,0
1526065140,285.540,285.700,285.540,285.700,0,0
1526065200,285.700,286.050,285.700,286.100,25025,1050234
1526065260,286.000,286.070,286.000,286.090,0,0
1526065320,286.160,286.040,286.040,286.160,0,0
1526065380,286.050,286.100,286.050,286.140,0,0
1526065440,285.800,285.850,285.800,285.850,0,0
1526065500,285.780,285.680,285.680,285.780,19915,1075259
1526065560,285.590,285.560,285.560,285.640,0,0
1526065620,285.500,285.600,285.470,285.720,0,0
1526065680,285.730,286.160,285.730,286.180,0,0
1526065740,285.690,286.220,285.690,286.220,0,0
1526065800,286.150,286.270,286.150,286.280,20922,1095174
1526065860,286.400,286.700,286.400,286.700,0,0
1526065920,286.630,286.880,286.630,286.880,0,0
1526065980,287.000,286.680,286.680,287.020,0,0
1526066040,286.730,286.350,286.350,286.730,0,0
1526066100,286.370,285.920,285.920,286.370,14099,1116096
1526066160,285.930,285.860,285.830,285.980,0,0
1526066280,285.740,285.840,285.740,285.840,0,0
1526066340,285.740,285.890,285.740,285.910,0,0
1526066400,285.880,285.810,285.780,285.880,8735,1130195
1526066460,285.810,285.730,285.730,285.880,0,0
1526066520,285.720,285.750,285.700,285.750,0,0
1526066580,285.720,285.820,285.720,285.820,0,0
1526066640,285.760,285.860,285.720,285.860,0,0
1526066700,285.900,285.960,285.900,285.960,9791,1138930
1526066760,285.900,285.940,285.900,285.980,0,0
1526066820,285.910,285.880,285.880,285.910,0,0
1526066880,285.780,285.720,285.720,285.790,0,0
1526066940,285.790,285.720,285.720,285.790,0,0
1526067000,285.720,285.620,285.610,285.720,16385,1148721
1526067060,285.640,285.640,285.640,285.640,0,0
1526067120,285.730,285.770,285.730,285.770,0,0
1526067180,285.770,285.600,285.600,285.770,0,0
1526067240,285.650,285.750,285.650,285.750,0,0
1526067300,285.740,285.540,285.540,285.740,21874,1165106
1526067360,285.590,285.680,285.590,285.730,0,0
1526067420,285.750,285.770,285.700,285.840,0,0
1526067480,285.770,285.960,285.770,285.960,0,0
1526067540,286.170,286.330,286.170,286.330,0,0
1526067600,286.320,286.210,286.210,286.320,24509,1186980
1526067660,286.210,286.040,286.040,286.210,0,0
1526067720,285.960,285.800,285.740,285.960,0,0
1526067780,286.020,285.830,285.830,286.020,0,0
1526067840,285.970,285.850,285.850,285.970,0,0
1526067900,285.900,285.840,285.840,285.900,18267,1211489
1526067960,285.890,285.860,285.860,285.980,0,0
1526068020,285.950,285.860,285.860,285.950,0,0
1526068080,285.860,285.850,285.850,285.920,0,0
1526068140,285.850,285.930,285.850,285.950,0,0
1526068200,286.110,286.010,286.010,286.110,33361,1229756
1526068260,285.980,286.060,285.970,286.070,0,0
1526068320,286.060,286.100,286.020,286.100,0,0
1526068380,286.070,286.100,286.070,286.100,0,0
1526068440,286.130,286.170,286.110,286.180,0,0
1526068500,286.250,286.260,286.210,286.260,180398,1263117
1526068560,286.250,286.240,286.220,286.300,0,0
1526068620,286.240,286.200,286.150,286.250,0,0
1526068680,286.230,286.240,286.210,286.250,0,0
1526068740,286.210,286.490,286.210,286.490,0,0
1526304600,287.250,286.970,286.560,287.250,57487,0
1526304660,287.150,289.800,287.150,289.800,0,0
1526304720,289.600,289.360,289.130,289.830,0,0
1526304780,289.360,289.440,289.040,289.980,0,0
1526304840,289.950,289.580,289.580,289.950,0,0
1526304900,289.820,288.560,288.560,289.820,20105,57487
1526304960,288.420,288.330,288.330,288.420,0,0
1526305020,288.730,288.800,288.730,288.800,0,0
1526305080,288.830,288.760,288.760,288.830,0,0
1526305140,288.350,287.840,287.700,288.350,0,0
1526305200,288.320,288.600,288.210,288.600,88987,77592
1526305260,288.730,289.550,288.340,289.550,0,0
1526305320,289.790,291.750,289.230,291.750,0,0
1526305380,291.630,291.970,291.470,292.270,0,0
1526305440,292.370,292.360,292.360,292.850,0,0
1526305500,292.100,292.000,292.000,292.540,23498,166579
1526305560,291.690,291.610,291.240,291.700,0,0
1526305620,291.680,291.560,290.950,291.680,0,0
1526305680,291.260,292.830,291.260,292.830,0,0
1526305740,292.460,292.300,292.300,292.790,0,0
1526305800,292.110,292.440,292.110,292.790,25265,190077
1526305860,292.670,292.340,292.130,292.800,0,0
1526305920,292.140,292.650,292.140,292.970,0,0
1526305980,292.700,292.650,292.650,292.730,0,0
1526306040,292.720,292.500,292.500,292.720,0,0
1526306100,292.680,292.740,292.550,292.740,24959,215342
1526306160,292.750,292.670,292.670,292.750,0,0
1526306220,292.870,292.020,292.020,292.870,0,0
1526306280,292.100,292.400,292.100,292.400,0,0
1526306340,292.220,292.620,292.220,292.680,0,0
1526306400,292.720,292.620,292.600,292.720,28531,240301
1526306460,292.640,292.370,292.370,292.640,0,0
1526306520,292.510,292.250,292.250,292.580,0,0
1526306580,292.350,292.460,292.170,292.460,0,0
1526306640,292.420,291.490,291.490,292.420,0,0
1526306700,291.690,291.830,291.690,291.890,38289,268832
1526306760,291.890,292.040,291.720,292.040,0,0
1526306820,292.090,292.190,292.090,292.190,0,0
1526306880,292.250,292.120,291.760,292.250,0,0
1526306940,291.920,291.960,291.920,291.960,0,0
1526307000,291.950,292.250,291.950,292.250,41128,307121
1526307060,292.130,292.370,292.130,292.370,0,0
1526307120,292.490,292.750,292.480,292.750,0,0
1526307180,293.330,294.150,293.330,294.150,0,0
1526307240,294.450,294.740,294.420,294.780,0,0
1526307300,294.750,294.250,294.250,294.750,18070,348249
1526307360,294.500,294.740,294.380,294.740,0,0
1526307420,294.700,294.590,294.500,294.730,0,0
1526307480,294.890,294.610,294.610,294.890,0,0
1526307540,294.730,294.720,294.470,294.730,0,0
1526307600,295.230,294.740,294.740,295.520,37343,366319
1526307660,294.840,294.960,294.840,294.960,0,0
1526307720,295.000,295.040,294.900,295.040,0,0
1526307780,295.090,295.410,295.090,295.520,0,0
1526307840,295.350,295.100,295.100,295.480,0,0
1526307900,295.190,294.750,294.750,295.190,20477,403662
1526307960,294.630,294.510,294.510,294.710,0,0
1526308020,294.610,295.490,294.610,295.490,0,0
1526308080,295.490,295.630,295.490,295.880,0,0
1526308140,295.650,295.680,295.560,295.680,0,0
1526308200,295.750,295.990,295.750,296.000,33761,424139
1526308260,295.990,296.100,295.950,296.150,0,0
1526308320,296.140,295.800,295.800,296.200,0,0
1526308380,295.950,296.020,295.830,296.240,0,0
1526308440,296.210,296.060,296.060,296.460,0,0
1526308500,295.610,294.890,294.890,295.850,35125,457900
1526308560,294.950,294.510,294.510,294.950,0,0
1526308620,294.350,294.270,294.270,294.350,0,0
1526308680,294.440,294.610,294.440,294.610,0,0
1526308740,294.560,294.360,294.360,294.570,0,0
1526308800,294.350,294.500,294.300,294.500,13348,493025
1526308860,294.450,294.920,294.450,294.920,0,0
1526308920,295.150,295.190,294.970,295.190,0,0
1526308980,295.080,295.100,295.080,295.100,0,0
1526309040,295.150,294.760,294.760,295.150,0,0
1526309100,294.550,294.600,294.550,294.740,9284,506373
1526309160,294.370,294.550,294.370,294.550,0,0
1526309220,294.380,294.720,294.380,294.720,0,0
1526309280,294.720,294.860,294.530,294.860,0,0
1526309340,294.840,295.090,294.840,295.090,0,0
1526309400,295.090,295.200,294.930,295.200,14795,515657
1526309460,295.120,295.030,295.030,295.200,0,0
1526309520,295.050,295.020,295.020,295.300,0,0
1526309580,295.300,295.190,295.190,295.300,0,0
1526309640,295.390,295.200,295.200,295.390,0,0
1526309700,295.390,295.140,295.140,295.390,19652,530452
1526309760,295.250,295.100,295.100,295.270,0,0
1526309820,295.080,295.060,295.060,295.160,0,0
1526309880,295.150,294.740,294.740,295.150,0,0
1526309940,294.850,294.650,294.650,294.850,0,0
1526310000,294.360,294.010,294.010,294.360,37847,550104
1526310060,294.120,294.000,294.000,294.120,0,0
1526310120,294.100,293.220,292.810,294.180,0,0
1526310180,293.140,293.120,293.000,293.200,0,0
1526310240,293.140,292.630,292.140,293.140,0,0
1526310300,292.830,292.950,292.830,292.950,8971,587951
1526310360,292.690,292.790,292.690,292.840,0,0
1526310420,292.570,292.790,292.550,292.790,0,0
1526310540,292.840,292.840,292.840,292.840,0,0
1526310600,292.830,293.080,292.830,293.080,12189,596922
1526310660,293.000,293.300,293.000,293.300,0,0
1526310720,293.280,293.280,293.280,293.280,0,0
1526310780,293.070,293.290,292.850,293.290,0,0
1526310840,293.190,291.940,291.940,293.190,0,0
1526310900,291.940,292.160,291.940,292.160,6968,609111
1526310960,292.060,292.080,292.060,292.080,0,0
1526311020,292.080,292.450,292.080,292.450,0,0
1526311080,292.390,292.350,292.310,292.390,0,0
1526311200,292.570,292.760,292.570,292.760,13532,616079
1526311260,292.910,292.680,292.680,293.060,0,0
1526311320,292.940,293.030,292.940,293.030,0,0
1526311380,293.320,292.780,292.780,293.320,0,0
1526311440,292.710,292.100,292.100,292.710,0,0
1526311500,291.800,292.140,291.800,292.140,20119,629611
1526311560,292.030,291.680,291.680,292.100,0,0
1526311620,291.680,291.330,291.330,291.680,0,0
1526311680,291.280,291.500,291.190,291.500,0,0
1526311740,291.350,291.260,291.250,291.350,0,0
1526311800,291.320,291.190,291.190,291.320,7778,649730
1526311860,291.350,291.610,291.350,291.680,0,0
1526311920,291.630,291.390,291.390,291.630,0,0
1526311980,291.250,291.560,291.250,291.560,0,0
1526312040,291.520,291.530,291.520,291.530,0,0
1526312100,291.750,291.410,291.410,291.750,8420,657508
1526312160,291.440,291.400,291.360,291.440,0,0
1526312220,291.440,291.520,291.440,291.590,0,0
1526312280,291.520,291.250,291.250,291.520,0,0
1526312340,291.180,291.180,291.180,291.180,0,0
1526312400,291.090,290.660,290.660,291.090,14398,665928
1526312460,290.470,290.470,290.470,290.470,0,0
1526312520,290.430,290.320,290.270,290.520,0,0
1526312580,290.350,290.490,290.350,290.490,0,0
1526312640,290.480,290.660,290.310,290.660,0,0
1526312700,290.650,289.890,289.890,290.650,15384,680326
1526312760,289.990,290.140,289.910,290.140,0,0
1526312820,290.330,290.330,290.330,290.330,0,0
1526312880,290.420,290.420,290.420,290.420,0,0
1526312940,290.480,290.480,290.480,290.480,0,0
1526313000,290.480,290.380,290.380,290.480,8559,695710
1526313060,290.720,290.850,290.720,290.850,0,0
1526313120,290.900,291.010,290.900,291.010,0,0
1526313180,291.010,291.020,290.880,291.020,0,0
1526313240,291.130,291.130,291.130,291.130,0,0
1526313300,291.850,291.440,291.440,291.910,8774,704269
1526313360,291.550,291.550,291.550,291.550,0,0
1526313420,291.430,291.360,291.300,291.430,0,0
1526313480,291.510,291.690,291.510,291.690,0,0
1526313540,291.490,291.670,291.490,291.670,0,0
1526313600,291.320,291.260,291.260,291.320,9550,713043
1526313660,291.700,291.800,291.700,291.800,0,0
1526313720,291.270,291.270,291.270,291.270,0,0
1526313780,290.910,290.480,290.480,290.910,0,0
1526313840,290.540,290.350,290.350,290.540,0,0
1526313900,290.680,290.750,290.680,290.750,4408,722593
1526313960,291.120,291.120,291.120,291.120,0,0
1526314080,291.120,291.120,291.120,291.120,0,0
1526314140,291.120,290.950,290.950,291.150,0,0
1526314200,290.850,290.850,290.850,290.850,4472,727001
1526314380,290.890,291.020,290.890,291.020,0,0
1526314440,291.100,291.070,291.070,291.100,0,0
1526314500,290.910,290.940,290.910,290.940,6255,731473
1526314560,290.430,290.430,290.430,290.430,0,0
1526314620,290.230,290.360,290.230,290.360,0,0
1526314740,290.200,290.200,290.200,290.200,0,0
1526314800,290.490,290.240,290.240,290.490,4389,737728
1526314920,290.000,290.000,290.000,290.000,0,0
1526314980,289.990,289.830,289.830,289.990,0,0
1526315040,289.900,289.900,289.900,289.900,0,0
1526315100,289.510,289.510,289.510,289.510,12472,742117
1526315160,289.420,289.250,289.250,289.490,0,0
1526315220,289.000,288.800,288.800,289.000,0,0
1526315280,288.820,288.890,288.820,288.900,0,0
1526315340,288.930,288.700,288.700,288.930,0,0
1526315400,288.870,289.000,288.870,289.050,7725,754589
1526315460,289.210,289.180,289.180,289.210,0,0
1526315520,289.140,289.020,289.020,289.140,0,0
1526315580,289.010,289.020,289.010,289.230,0,0
1526315640,289.310,289.310,289.310,289.310,0,0
1526315700,289.170,289.170,289.170,289.170,4353,762314
1526315760,289.040,289.140,289.040,289.300,0,0
1526315820,289.310,289.300,289.080,289.380,0,0
1526315880,289.530,289.530,289.530,289.530,0,0
1526315940,289.430,289.430,289.430,289.430,0,0
1526316000,289.430,289.100,289.100,289.430,11750,766667
1526316060,289.230,289.260,289.230,289.260,0,0
1526316120,289.260,288.680,288.680,289.260,0,0
1526316180,288.550,288.280,288.110,288.550,0,0
1526316240,288.570,288.430,288.430,288.570,0,0
1526316300,288.550,288.550,288.550,288.550,5016,778417
1526316360,288.140,288.140,288.140,288.140,0,0
1526316420,288.160,288.180,288.160,288.180,0,0
1526316480,288.170,288.170,288.170,288.170,0,0
1526316540,288.200,288.230,288.200,288.230,0,0
1526316600,288.130,288.010,288.010,288.130,15059,783433
1526316660,288.140,287.760,287.760,288.140,0,0
1526316720,287.810,287.860,287.810,287.900,0,0
1526316780,287.670,287.510,287.330,287.670,0,0
1526316840,287.690,287.730,287.670,287.930,0,0
1526316900,287.930,287.860,287.860,287.930,4643,798492
1526316960,287.750,287.690,287.690,287.750,0,0
1526317020,287.350,287.480,287.350,287.480,0,0
1526317080,287.360,287.430,287.360,287.430,0,0
1526317140,287.240,287.240,287.240,287.240,0,0
1526317200,287.320,287.180,287.150,287.320,13570,803135
1526317260,287.200,286.560,286.560,287.200,0,0
1526317320,286.550,286.640,286.430,286.640,0,0
1526317380,286.720,286.880,286.720,286.880,0,0
1526317440,286.700,286.890,286.600,286.890,0,0
1526317500,286.950,286.750,286.620,286.950,6779,816705
1526317560,286.620,286.720,286.620,286.720,0,0
1526317620,286.620,286.660,286.450,286.660,0,0
1526317680,286.570,286.410,286.410,286.570,0,0
1526317740,286.420,286.460,286.250,286.460,0,0
1526317800,286.260,286.250,286.250,286.270,10265,823484
1526317860,286.200,286.250,286.200,286.300,0,0
1526317920,285.570,285.940,285.570,285.960,0,0
1526317980,286.170,286.090,286.080,286.170,0,0
1526318040,286.050,286.050,286.050,286.050,0,0
1526318100,286.120,286.290,286.010,286.370,9587,833749
1526318160,286.260,286.350,286.250,286.350,0,0
1526318220,286.260,286.110,286.110,286.260,0,0
1526318280,285.960,285.960,285.960,285.960,0,0
1526318340,285.720,285.260,285.260,285.720,0,0
1526318400,285.210,285.090,284.750,285.210,13576,843336
1526318460,285.210,285.310,285.170,285.310,0,0
1526318520,285.380,285.380,285.380,285.380,0,0
1526318580,285.330,285.610,285.330,285.720,0,0
1526318640,285.710,286.020,285.560,286.020,0,0
1526318700,285.960,285.840,285.840,286.230,5574,856912
1526318760,286.010,285.800,285.800,286.010,0,0
1526318820,285.790,285.790,285.790,285.790,0,0
1526318880,285.620,285.970,285.620,285.970,0,0
1526318940,285.920,285.840,285.840,285.920,0,0
1526319000,285.850,285.600,285.600,285.850,4921,862486
1526319060,285.850,285.600,285.600,285.850,0,0
1526319120,285.690,285.690,285.690,285.690,0,0
1526319180,285.850,285.850,285.850,285.850,0,0
1526319240,286.030,286.100,286.030,286.100,0,0
1526319300,286.480,286.090,286.090,286.480,11421,867407
1526319360,286.070,286.070,286.070,286.070,0,0
1526319420,286.300,286.300,286.300,286.300,0,0
1526319480,286.320,286.630,286.320,286.630,0,0
1526319540,286.660,287.130,286.510,287.130,0,0
1526319600,287.390,286.990,286.990,287.400,15386,878828
1526319660,287.340,287.340,287.340,287.340,0,0
1526319720,287.170,287.000,287.000,287.170,0,0
1526319780,286.900,287.030,286.900,287.140,0,0
1526319840,287.010,287.060,287.010,287.080,0,0
1526319900,287.030,286.780,286.780,287.030,5383,894214
1526319960,286.780,286.780,286.780,286.780,0,0
1526320020,286.360,286.370,286.360,286.370,0,0
1526320080,286.420,286.350,286.350,286.420,0,0
1526320140,286.300,286.300,286.300,286.300,0,0
1526320200,286.140,286.140,286.140,286.140,3995,899597
1526320260,286.450,286.390,286.390,286.450,0,0
1526320380,286.400,286.400,286.400,286.400,0,0
1526320440,286.060,286.060,286.060,286.060,0,0
1526320500,286.120,286.040,286.040,286.120,9486,903592
1526320560,286.200,286.200,286.200,286.200,0,0
1526320620,286.200,285.640,285.640,286.200,0,0
1526320680,285.470,285.860,285.470,285.860,0,0
1526320740,285.600,285.930,285.600,285.930,0,0
1526320800,285.800,285.870,285.800,285.870,11713,913078
1526320860,285.890,285.720,285.720,285.890,0,0
1526320920,285.790,285.280,285.280,285.790,0,0
1526320980,285.050,285.220,285.050,285.220,0,0
1526321040,285.320,285.640,285.320,285.640,0,0
1526321100,285.890,285.980,285.650,285.980,6230,924791
1526321160,285.960,285.960,285.960,285.960,0,0
1526321220,285.780,285.920,285.770,285.920,0,0
1526321280,285.480,285.760,285.370,285.760,0,0
1526321340,285.740,285.720,285.720,285.740,0,0
1526321400,285.460,285.750,285.460,285.750,13862,931021
1526321460,285.960,285.630,285.630,286.000,0,0
1526321520,285.630,285.490,285.490,285.720,0,0
1526321580,285.420,285.410,285.410,285.570,0,0
1526321640,285.420,285.040,285.020,285.550,0,0
1526321700,285.080,285.320,284.990,285.470,8609,944883
1526321760,285.390,285.260,285.260,285.490,0,0
1526321820,285.420,285.200,285.200,285.420,0,0
1526321880,285.010,285.370,285.010,285.370,0,0
1526321940,285.450,285.790,285.450,285.790,0,0
1526322000,285.810,285.610,285.610,285.810,7558,953492
1526322060,285.720,285.520,285.430,285.720,0,0
1526322120,285.380,285.380,285.380,285.380,0,0
1526322180,285.350,285.350,285.350,285.350,0,0
1526322240,285.350,285.200,285.200,285.500,0,0
1526322300,285.310,285.220,285.220,285.310,5132,961050
1526322360,285.410,285.220,285.220,285.410,0,0
1526322420,285.340,285.200,285.160,285.340,0,0
1526322480,285.100,285.100,285.100,285.100,0,0
1526322540,285.310,285.310,285.310,285.310,0,0
1526322600,285.410,285.660,285.410,285.860,7009,966182
1526322660,285.670,285.640,285.640,285.670,0,0
1526322720,285.450,285.500,285.450,285.500,0,0
1526322780,285.630,285.450,285.450,285.630,0,0
1526322840,285.560,285.560,285.560,285.560,0,0
1526322900,285.950,285.950,285.950,285.950,6123,973191
1526323020,285.750,285.970,285.750,285.980,0,0
1526323080,286.000,286.000,286.000,286.000,0,0
1526323140,286.150,286.160,285.980,286.160,0,0
1526323200,286.240,286.450,286.240,286.450,5265,979314
1526323260,286.190,286.090,286.090,286.190,0,0
1526323320,285.960,285.980,285.960,285.980,0,0
1526323380,285.820,285.530,285.530,285.820,0,0
1526323440,285.560,285.560,285.560,285.560,0,0
1526323500,285.560,285.430,285.430,285.560,10070,984579
1526323560,285.690,285.400,285.400,285.690,0,0
1526323620,285.430,285.560,285.400,285.560,0,0
1526323680,285.700,285.810,285.680,285.810,0,0
1526323740,285.780,285.710,285.620,285.780,0,0
1526323800,285.710,285.580,285.560,285.710,18485,994649
1526323860,285.730,285.920,285.640,285.920,0,0
1526323920,285.970,286.200,285.970,286.260,0,0
1526323980,286.320,287.000,286.320,287.000,0,0
1526324040,286.770,286.800,286.580,286.870,0,0
1526324100,286.750,286.730,286.730,286.750,22583,1013134
1526324160,286.720,286.730,286.520,286.730,0,0
1526324220,286.690,287.130,286.690,287.130,0,0
1526324280,286.850,286.780,286.780,286.910,0,0
1526324340,286.740,286.710,286.710,286.740,0,0
1526324400,286.770,286.920,286.750,286.970,8261,1035717
1526324460,286.900,286.380,286.380,286.900,0,0
1526324520,286.550,286.550,286.550,286.550,0,0
1526324580,286.240,286.240,286.240,286.240,0,0
1526324700,286.320,286.200,286.200,286.320,11915,1043978
1526324820,286.140,286.140,286.140,286.140,0,0
1526324880,286.030,286.030,286.030,286.030,0,0
1526324940,285.990,286.340,285.990,286.340,0,0
1526325000,286.290,286.450,286.290,286.450,6842,1055893
1526325060,286.290,286.450,286.290,286.450,0,0
1526325120,286.360,286.230,286.230,286.390,0,0
1526325180,286.110,286.410,286.110,286.490,0,0
1526325240,286.300,286.380,286.300,286.380,0,0
1526325300,286.330,286.000,286.000,286.350,10154,1062735
1526325360,286.010,286.060,286.010,286.060,0,0
1526325420,286.130,286.130,286.130,286.130,0,0
1526325540,285.980,286.100,285.940,286.150,0,0
1526325600,286.100,286.270,286.100,286.270,9556,1072889
1526325660,286.180,286.490,286.180,286.490,0,0
1526325720,286.420,286.340,286.340,286.420,0,0
1526325780,286.420,286.440,286.340,286.490,0,0
1526325840,286.490,286.320,286.320,286.490,0,0
1526325900,286.360,286.060,286.040,286.360,10795,1082445
1526325960,286.200,286.430,286.200,286.430,0,0
1526326020,286.430,286.320,286.320,286.430,0,0
1526326080,286.400,286.410,286.320,286.490,0,0
1526326140,286.300,286.120,286.120,286.300,0,0
1526326200,286.290,286.370,286.290,286.370,8433,1093240
1526326260,286.290,286.360,286.260,286.360,0,0
1526326320,286.250,286.270,286.240,286.270,0,0
1526326380,286.210,286.290,286.210,286.290,0,0
1526326440,286.240,286.300,286.240,286.320,0,0
1526326500,286.360,286.360,286.360,286.360,8690,1101673
1526326560,286.330,286.450,286.290,286.450,0,0
1526326620,286.330,286.160,286.100,286.330,0,0
1526326680,286.190,286.030,286.030,286.190,0,0
1526326740,285.920,286.020,285.920,286.020,0,0
1526326800,285.880,285.980,285.880,285.980,9150,1110363
1526326860,285.890,286.040,285.840,286.040,0,0
1526326920,285.870,285.960,285.870,285.960,0,0
1526326980,285.840,285.940,285.830,285.940,0,0
1526327040,285.930,285.980,285.870,285.980,0,0
1526327100,285.790,285.920,285.790,285.920,14775,1119513
1526327160,285.950,285.890,285.890,286.020,0,0
1526327220,286.100,286.060,286.060,286.100,0,0
1526327280,286.070,286.080,286.060,286.100,0,0
1526327340,285.970,285.870,285.810,285.970,0,0
1526327400,285.930,286.060,285.930,286.090,17009,1134288
1526327460,286.090,286.000,286.000,286.120,0,0
1526327520,286.100,286.040,286.040,286.100,0,0
1526327580,285.980,285.940,285.940,285.980,0,0
1526327640,285.930,285.920,285.920,285.980,0,0
1526327700,285.920,285.950,285.920,286.090,75811,1151297
1526327760,285.950,286.060,285.950,286.070,0,0
1526327820,286.010,286.140,286.010,286.190,0,0
1526327880,286.090,286.300,286.090,286.300,0,0
1526327940,286.350,286.420,286.220,286.540,0,0
1526391000,282.050,280.870,280.680,282.390,100393,0
1526391060,281.210,279.460,279.460,281.210,0,0
1526391120,279.690,279.920,278.540,279.920,0,0
1526391180,279.870,280.250,279.870,281.050,0,0
1526391240,280.650,279.700,279.350,280.650,0,0
1526391300,279.000,279.620,279.000,279.620,12485,100393
1526391360,279.410,279.320,279.140,279.410,0,0
1526391420,279.360,279.680,279.010,279.680,0,0
1526391480,279.390,279.250,279.250,279.390,0,0
1526391540,279.080,279.270,279.080,279.270,0,0
1526391600,279.320,279.000,279.000,279.460,17909,112878
1526391660,279.310,279.110,279.110,279.310,0,0
1526391720,279.400,279.620,279.400,279.820,0,0
1526391780,279.650,280.270,279.650,280.270,0,0
1526391840,280.850,280.840,280.390,280.850,0,0
1526391900,281.530,280.840,280.840,281.530,17260,130787
1526391960,280.770,280.470,280.260,280.770,0,0
1526392020,280.430,280.310,280.310,280.640,0,0
1526392080,279.890,279.600,279.600,280.250,0,0
1526392140,279.430,279.890,279.380,279.890,0,0
1526392200,279.530,279.890,279.530,279.890,17660,148047
1526392260,279.470,279.510,279.470,279.510,0,0
1526392320,279.580,279.360,279.360,279.580,0,0
1526392380,279.570,279.530,279.360,279.570,0,0
1526392440,279.280,279.400,279.130,279.560,0,0
1526392500,279.410,279.410,279.410,279.410,24600,165707
1526392560,279.300,278.710,278.710,279.310,0,0
1526392620,278.600,278.240,278.120,278.600,0,0
1526392680,278.030,277.850,277.710,278.030,0,0
1526392740,277.410,277.390,277.360,277.530,0,0
1526392800,277.250,277.000,277.000,277.520,16566,190307
1526392860,277.020,277.140,277.020,277.140,0,0
1526392920,277.260,277.470,277.260,277.520,0,0
1526392980,277.940,277.940,277.940,277.940,0,0
1526393040,278.620,278.620,278.620,278.620,0,0
1526393100,278.650,278.850,278.650,278.850,23603,206873
1526393160,279.040,279.040,279.040,279.040,0,0
1526393220,279.160,278.910,278.860,279.160,0,0
1526393280,279.010,279.730,279.010,279.800,0,0
1526393340,280.070,280.460,280.070,280.770,0,0
1526393400,280.960,280.680,280.680,280.960,14770,230476
1526393460,280.640,280.710,280.640,280.740,0,0
1526393520,280.800,280.750,280.750,280.960,0,0
1526393580,280.730,281.180,280.660,281.180,0,0
1526393640,281.350,281.590,281.150,281.590,0,0
1526393700,281.690,281.180,281.180,281.690,15048,245246
1526393760,281.380,281.530,281.320,281.540,0,0
1526393820,281.260,281.440,281.260,281.440,0,0
1526393880,281.480,282.680,281.480,282.680,0,0
1526393940,282.740,282.330,282.110,282.740,0,0
1526394000,282.120,282.190,282.120,282.800,12045,260294
1526394060,282.150,282.450,282.150,282.510,0,0
1526394120,282.650,282.650,282.650,282.650,0,0
1526394180,282.830,282.720,282.720,282.830,0,0
1526394240,282.730,282.300,282.300,282.750,0,0
1526394300,282.530,282.530,282.530,282.530,7803,272339
1526394360,282.770,282.510,282.510,282.770,0,0
1526394420,282.160,282.430,282.110,282.430,0,0
1526394480,282.470,282.470,282.470,282.470,0,0
1526394540,282.230,282.130,282.130,282.230,0,0
1526394600,281.940,281.950,281.660,282.110,6596,280142
1526394660,281.690,281.710,281.690,281.710,0,0
1526394720,281.710,282.050,281.710,282.140,0,0
1526394780,281.740,282.140,281.740,282.140,0,0
1526394840,282.150,282.150,282.150,282.150,0,0
1526394900,282.300,282.790,282.260,282.790,12565,286738
1526394960,283.000,282.940,282.940,283.000,0,0
1526395020,283.000,283.310,283.000,283.310,0,0
1526395080,283.410,283.540,283.410,283.700,0,0
1526395140,283.520,283.510,283.490,283.750,0,0
1526395200,283.400,283.240,283.010,283.400,7142,299303
1526395260,282.800,282.800,282.800,282.800,0,0
1526395320,282.520,282.370,282.370,282.520,0,0
1526395380,282.040,281.800,281.800,282.040,0,0
1526395440,282.010,282.570,282.010,282.650,0,0
1526395500,282.270,281.700,281.660,282.270,5820,306445
1526395560,281.450,281.820,281.450,281.820,0,0
1526395620,281.480,281.420,281.260,281.480,0,0
1526395680,281.710,281.710,281.710,281.710,0,0
1526395740,281.580,281.580,281.580,281.580,0,0
1526395800,281.270,281.270,281.270,281.270,7534,312265
1526395860,281.580,281.930,281.580,281.930,0,0
1526395920,281.760,281.410,281.410,281.760,0,0
1526395980,280.860,280.860,280.860,280.860,0,0
1526396040,281.070,281.380,281.070,281.380,0,0
1526396100,280.770,280.600,280.560,280.910,12636,319799
1526396160,280.310,280.520,280.010,280.520,0,0
1526396220,280.750,280.740,280.740,280.750,0,0
1526396280,280.860,280.690,280.690,280.860,0,0
1526396340,280.530,280.790,280.530,280.790,0,0
1526396400,280.660,280.540,280.320,280.660,13557,332435
1526396460,280.360,280.370,280.360,280.600,0,0
1526396520,280.300,280.920,280.300,280.920,0,0
1526396580,280.600,280.980,280.600,280.980,0,0
1526396640,280.530,280.580,280.530,280.580,0,0
1526396700,280.910,281.390,280.910,281.870,6241,345992
1526396760,281.250,281.250,281.250,281.250,0,0
1526396820,281.300,281.040,281.040,281.310,0,0
1526396880,281.020,281.020,281.020,281.020,0,0
1526397000,280.870,280.630,280.510,280.870,8358,352233
1526397120,280.870,280.630,280.510,280.870,0,0
1526397180,280.630,280.630,280.630,280.630,0,0
1526397240,280.400,280.400,280.400,280.400,0,0
1526397300,280.760,280.560,280.560,280.760,3081,360591
1526397360,280.790,280.930,280.790,280.930,0,0
1526397480,281.260,281.260,281.260,281.260,0,0
1526397600,281.070,281.300,281.020,281.300,11137,363672
1526397660,281.050,281.060,281.050,281.060,0,0
1526397720,281.260,281.320,281.130,281.320,0,0
1526397780,281.290,281.310,281.290,281.310,0,0
1526397840,281.430,281.640,281.430,281.640,0,0
1526397900,281.580,281.280,281.280,281.580,6742,374809
1526397960,281.560,281.560,281.560,281.560,0,0
1526398080,281.440,281.670,281.440,281.670,0,0
1526398140,281.500,281.500,281.500,281.500,0,0
1526398200,281.720,281.720,281.720,281.720,5751,381551
1526398320,281.880,282.120,281.830,282.120,0,0
1526398440,282.690,282.100,282.100,282.690,0,0
1526398500,282.330,282.560,282.330,282.560,5327,387302
1526398620,282.360,281.990,281.990,282.360,0,0
1526398680,282.130,282.030,282.030,282.140,0,0
1526398740,282.290,282.120,282.120,282.290,0,0
1526398800,282.120,281.970,281.970,282.120,5402,392629
1526398860,281.970,281.830,281.510,281.970,0,0
1526398980,282.380,282.180,282.180,282.380,0,0
1526399040,282.190,282.190,282.190,282.190,0,0
1526399100,282.180,281.680,281.680,282.180,5493,398031
1526399160,281.810,281.670,281.670,281.810,0,0
1526399220,282.000,282.000,282.000,282.000,0,0
1526399340,282.400,282.470,282.400,282.470,0,0
1526399400,282.470,282.470,282.470,282.470,3880,403524
1526399460,282.060,282.060,282.060,282.060,0,0
1526399520,281.880,281.880,281.880,281.880,0,0
1526399580,281.910,282.050,281.910,282.050,0,0
1526399640,282.110,282.130,282.110,282.130,0,0
1526399700,282.250,282.250,282.250,282.250,12800,407404
1526399760,282.410,282.410,282.410,282.410,0,0
1526399820,282.600,282.270,282.270,283.100,0,0
1526399880,282.060,281.960,281.960,282.060,0,0
1526399940,282.170,282.060,282.060,282.170,0,0
1526400000,282.130,282.350,282.130,282.350,11930,420204
1526400060,282.400,282.400,282.400,282.400,0,0
1526400120,282.220,282.220,282.220,282.220,0,0
1526400180,282.000,282.270,282.000,282.270,0,0
1526400240,282.080,282.080,282.080,282.080,0,0
1526400300,282.090,281.750,281.750,282.090,3821,432134
1526400360,281.580,281.580,281.580,281.580,0,0
1526400420,281.950,281.830,281.550,281.950,0,0
1526400480,281.800,281.800,281.800,281.800,0,0
1526400600,281.930,281.930,281.930,281.930,3342,435955
1526400660,281.930,281.930,281.930,281.930,0,0
1526400720,282.010,281.890,281.890,282.100,0,0
1526400780,281.810,281.650,281.650,281.810,0,0
1526400900,281.940,281.850,281.760,281.940,4583,439297
1526400960,281.940,281.850,281.760,281.940,0,0
1526401020,282.000,281.950,281.950,282.000,0,0
1526401080,282.090,282.090,282.090,282.090,0,0
1526401140,281.770,281.770,281.770,281.770,0,0
1526401200,281.840,281.990,281.840,281.990,4283,443880
1526401260,282.090,281.970,281.880,282.090,0,0
1526401320,281.850,282.030,281.830,282.030,0,0
1526401500,282.340,282.340,282.340,282.340,11664,448163
1526401560,282.210,282.440,282.210,282.490,0,0
1526401620,282.520,282.860,282.520,282.860,0,0
1526401680,282.630,282.720,282.260,282.720,0,0
1526401740,282.710,282.660,282.430,282.770,0,0
1526401800,282.900,282.900,282.900,282.900,4828,459827
1526401860,282.980,282.980,282.980,282.980,0,0
1526401920,282.800,282.760,282.760,282.800,0,0
1526401980,283.050,283.050,283.050,283.050,0,0
1526402040,282.900,282.800,282.800,282.900,0,0
1526402100,282.950,282.620,282.620,282.950,5864,464655
1526402160,282.600,282.600,282.600,282.600,0,0
1526402280,283.000,282.790,282.790,283.000,0,0
1526402400,283.000,282.950,282.950,283.110,13990,470519
1526402520,283.500,283.690,283.500,283.690,0,0
1526402640,283.760,283.920,283.720,283.920,0,0
1526402700,284.070,284.250,284.070,284.250,12518,484509
1526402760,283.970,283.970,283.970,283.970,0,0
1526402820,284.150,284.160,284.150,284.160,0,0
1526402880,284.250,284.250,284.250,284.250,0,0
1526402940,283.810,283.630,283.630,283.810,0,0
1526403000,283.600,283.600,283.600,283.600,2311,497027
1526403180,283.360,283.360,283.360,283.360,0,0
1526403240,283.490,283.750,283.490,283.750,0,0
1526403300,283.750,283.580,283.580,283.750,4760,499338
1526403360,283.610,283.780,283.610,283.780,0,0
1526403420,283.730,283.880,283.730,283.940,0,0
1526403480,283.380,283.380,283.380,283.380,0,0
1526403600,283.170,283.170,283.170,283.170,5703,504098
1526403660,283.250,283.290,283.250,283.290,0,0
1526403780,283.060,283.000,282.910,283.060,0,0
1526403840,282.960,282.680,282.680,282.960,0,0
1526403900,282.650,282.650,282.650,282.650,1990,509801
1526403960,282.480,282.480,282.480,282.480,0,0
1526404020,282.480,282.480,282.480,282.480,0,0
1526404080,282.440,282.100,282.100,282.480,0,0
1526404140,282.410,282.410,282.410,282.410,0,0
1526404200,282.410,282.410,282.410,282.410,3325,511791
1526404260,282.250,282.540,282.250,282.540,0,0
1526404320,282.650,282.650,282.650,282.650,0,0
1526404440,282.570,282.550,282.550,282.790,0,0
1526404500,282.680,282.590,282.590,282.680,2289,515116
1526404620,282.680,282.590,282.590,282.680,0,0
1526404680,282.430,282.700,282.430,282.700,0,0
1526404800,282.850,283.060,282.850,283.060,4355,517405
1526404860,282.950,282.910,282.910,282.950,0,0
1526404920,282.410,282.410,282.410,282.410,0,0
1526405040,282.550,282.550,282.550,282.550,0,0
1526405100,283.190,283.200,283.190,283.200,3433,521760
1526405160,283.190,283.200,283.190,283.200,0,0
1526405280,282.790,282.790,282.790,282.790,0,0
1526405340,282.820,282.810,282.810,282.820,0,0
1526405400,282.520,282.590,282.320,282.590,4758,525193
1526405460,282.590,282.590,282.590,282.590,0,0
1526405520,282.750,282.750,282.750,282.750,0,0
1526405580,282.400,282.610,282.400,282.610,0,0
1526405640,282.540,282.540,282.540,282.540,0,0
1526405700,282.750,282.750,282.750,282.750,3706,529951
1526405820,282.510,282.510,282.510,282.510,0,0
1526405940,282.270,282.170,282.170,282.270,0,0
1526406000,282.170,282.400,282.170,282.400,6471,533657
1526406120,282.550,282.500,282.450,282.550,0,0
1526406180,282.660,282.660,282.660,282.660,0,0
1526406240,282.920,282.920,282.920,282.920,0,0
1526406300,283.030,283.030,283.030,283.030,3489,540128
1526406360,283.030,283.030,283.030,283.030,0,0
1526406420,283.090,283.090,283.090,283.090,0,0
1526406480,283.200,283.200,283.200,283.200,0,0
1526406540,283.200,283.200,283.200,283.200,0,0
1526406600,282.980,283.190,282.980,283.190,4592,543617
1526406660,282.980,283.190,282.980,283.190,0,0
1526406720,283.190,283.190,283.190,283.190,0,0
1526406840,283.190,283.030,283.030,283.190,0,0
1526406900,283.040,282.560,282.560,283.040,11444,548209
1526406960,282.250,282.250,282.250,282.250,0,0
1526407020,282.500,282.650,282.500,282.650,0,0
1526407080,282.210,282.280,282.210,282.350,0,0
1526407140,282.380,282.380,282.380,282.380,0,0
1526407200,282.370,282.530,282.230,282.530,5608,559653
1526407260,282.300,282.300,282.300,282.300,0,0
1526407380,282.530,282.500,282.500,282.600,0,0
1526407440,282.590,282.650,282.590,282.650,0,0
1526407500,282.430,282.580,282.430,282.580,2762,565261
1526407560,282.430,282.580,282.430,282.580,0,0
1526407620,282.590,282.590,282.590,282.590,0,0
1526407680,282.580,282.320,282.320,282.580,0,0
1526407740,282.350,282.350,282.350,282.350,0,0
1526407800,282.390,282.550,282.390,282.550,4130,568023
1526407920,282.380,282.380,282.380,282.380,0,0
1526407980,282.390,282.220,282.220,282.390,0,0
1526408040,282.100,282.360,282.100,282.360,0,0
1526408100,282.250,282.320,282.250,282.320,2678,572153
1526408160,282.030,282.280,282.030,282.390,0,0
1526408220,282.250,282.020,282.020,282.250,0,0
1526408280,282.120,282.420,282.120,282.420,0,0
1526408340,282.310,282.310,282.310,282.310,0,0
1526408400,282.140,282.190,282.140,282.250,4842,574831
1526408460,282.360,282.360,282.360,282.360,0,0
1526408580,282.490,282.490,282.490,282.490,0,0
1526408640,282.490,282.380,282.350,282.490,0,0
1526408700,282.200,282.080,282.000,282.340,12609,579673
1526408760,282.660,282.800,282.660,282.800,0,0
1526408820,282.750,282.750,282.750,282.750,0,0
1526408940,282.650,282.720,282.650,282.750,0,0
1526409000,282.830,283.020,282.770,283.020,3926,592282
1526409060,283.160,283.010,283.010,283.320,0,0
1526409120,283.030,283.030,283.030,283.030,0,0
1526409240,283.190,282.760,282.760,283.190,0,0
1526409300,282.980,282.980,282.980,282.980,3694,596208
1526409360,282.900,282.900,282.900,282.900,0,0
1526409420,283.160,282.930,282.930,283.160,0,0
1526409480,282.870,282.760,282.760,282.870,0,0
1526409540,283.000,282.690,282.690,283.000,0,0
1526409600,282.770,282.770,282.770,282.770,4093,599902
1526409780,282.640,282.640,282.640,282.640,0,0
1526409840,282.820,283.000,282.820,283.000,0,0
1526409900,282.810,282.740,282.740,282.810,2821,603995
1526410020,282.810,282.740,282.740,282.810,0,0
1526410140,282.820,282.310,282.310,282.820,0,0
1526410200,282.400,282.400,282.400,282.400,3518,606816
1526410260,282.550,282.510,282.510,282.550,0,0
1526410380,282.570,282.610,282.570,282.610,0,0
1526410440,282.720,282.600,282.600,282.720,0,0
1526410500,282.890,282.290,282.290,282.890,7211,610334
1526410560,282.420,282.420,282.420,282.420,0,0
1526410620,282.310,282.310,282.310,282.310,0,0
1526410680,282.210,282.220,282.060,282.260,0,0
1526410740,282.110,282.390,282.110,282.390,0,0
1526410800,282.470,282.720,282.470,282.720,7392,617545
1526410860,282.630,282.430,282.430,282.630,0,0
1526410980,282.580,282.540,282.460,282.580,0,0
1526411040,282.630,282.930,282.630,282.930,0,0
1526411100,282.920,282.920,282.920,282.920,4404,624937
1526411160,282.850,282.850,282.850,282.850,0,0
1526411220,282.670,282.750,282.670,282.750,0,0
1526411280,282.770,282.730,282.680,282.830,0,0
1526411340,282.860,282.850,282.850,282.860,0,0
1526411400,282.740,282.600,282.600,282.830,10784,629341
1526411460,282.670,282.650,282.600,282.670,0,0
1526411520,282.570,282.610,282.570,282.620,0,0
1526411580,282.780,282.780,282.780,282.780,0,0
1526411640,282.560,282.640,282.560,282.670,0,0
1526411700,282.690,282.750,282.690,282.750,10809,640125
1526411760,282.710,282.730,282.710,282.730,0,0
1526411820,282.710,282.640,282.640,282.740,0,0
1526411880,282.810,282.810,282.810,282.810,0,0
1526411940,282.730,282.740,282.730,282.740,0,0
1526412000,282.870,282.870,282.870,282.870,4495,650934
1526412120,282.810,282.620,282.620,282.860,0,0
1526412180,282.730,282.630,282.630,282.730,0,0
1526412240,282.610,282.580,282.580,282.610,0,0
1526412300,282.770,282.870,282.770,282.870,7080,655429
1526412360,282.720,282.640,282.640,282.720,0,0
1526412420,282.560,282.740,282.550,282.810,0,0
1526412480,282.720,282.720,282.720,282.720,0,0
1526412540,282.900,282.900,282.900,282.900,0,0
1526412600,282.720,283.010,282.720,283.010,7492,662509
1526412660,282.900,282.820,282.820,282.900,0,0
1526412780,283.000,282.990,282.850,283.000,0,0
1526412840,283.020,282.780,282.780,283.020,0,0
1526412900,283.040,283.220,283.040,283.220,5092,670001
1526412960,283.040,283.220,283.040,283.220,0,0
1526413020,283.220,283.220,283.220,283.220,0,0
1526413080,283.200,283.130,283.130,283.200,0,0
1526413140,283.130,283.120,283.120,283.130,0,0
1526413200,283.130,283.050,282.990,283.130,16268,675093
1526413260,282.980,283.080,282.970,283.080,0,0
1526413320,282.960,283.140,282.960,283.140,0,0
1526413380,283.230,283.210,283.210,283.280,0,0
1526413440,283.130,283.060,283.060,283.130,0,0
1526413500,283.210,283.010,283.010,283.210,8758,691361
1526413560,283.160,283.170,283.160,283.170,0,0
1526413620,283.040,283.070,283.040,283.170,0,0
1526413680,283.090,283.090,283.090,283.090,0,0
1526413740,283.030,282.950,282.950,283.070,0,0
1526413800,283.110,283.280,283.110,283.280,44553,700119
1526413860,283.370,283.510,283.370,283.510,0,0
1526413920,283.490,283.580,283.490,283.580,0,0
1526413980,283.620,283.650,283.620,283.790,0,0
1526414040,283.750,283.660,283.660,283.750,0,0
1526414100,283.690,283.750,283.650,283.750,117876,744672
1526414160,283.800,283.740,283.740,283.880,0,0
1526414220,283.780,283.920,283.780,283.920,0,0
1526414280,283.930,283.910,283.850,283.950,0,0
1526414340,283.920,283.770,283.750,283.930,0,0
1526477400,283.500,282.880,282.510,283.500,17374,0
1526477460,283.750,284.690,283.750,284.690,0,0
1526477520,284.100,284.100,284.100,284.100,0,0
1526477580,284.150,285.000,284.150,285.000,0,0
1526477640,284.870,284.710,284.710,284.870,0,0
1526477700,284.820,284.740,284.740,284.820,9366,17374
1526477760,284.280,284.280,284.280,284.280,0,0
1526477820,284.670,284.630,284.630,284.670,0,0
1526477880,284.980,285.230,284.980,285.230,0,0
1526477940,285.420,285.720,285.400,285.720,0,0
1526478000,285.430,285.550,285.430,285.770,5652,26740
1526478060,285.060,285.250,285.060,285.250,0,0
1526478120,284.750,284.990,284.750,284.990,0,0
1526478180,285.000,284.640,284.640,285.000,0,0
1526478240,284.650,284.590,284.590,284.650,0,0
1526478300,284.630,284.600,284.600,284.630,20459,32392
1526478360,284.800,284.750,284.730,285.210,0,0
1526478420,284.700,285.090,284.690,285.090,0,0
1526478480,284.790,284.890,284.790,284.890,0,0
1526478540,285.100,285.370,285.100,285.370,0,0
1526478600,285.610,285.700,285.610,285.700,19152,52851
1526478660,285.480,285.200,285.200,285.480,0,0
1526478720,285.290,285.290,285.290,285.290,0,0
1526478780,285.420,285.970,285.420,286.000,0,0
1526478840,285.960,286.110,285.740,286.110,0,0
1526478900,285.520,285.730,285.520,285.790,46754,72003
1526478960,285.520,285.730,285.520,285.790,0,0
1526479020,285.600,284.730,284.730,285.600,0,0
1526479080,284.700,285.010,284.700,285.010,0,0
1526479140,285.070,285.470,285.070,285.470,0,0
1526479200,285.150,285.900,285.150,285.900,23650,118757
1526479260,286.000,286.050,286.000,286.050,0,0
1526479320,285.890,285.920,285.790,285.920,0,0
1526479380,285.510,285.520,285.400,285.520,0,0
1526479440,285.020,285.030,285.000,285.030,0,0
1526479500,284.900,285.520,284.900,285.520,23190,142407
1526479560,285.340,285.700,285.340,285.700,0,0
1526479620,285.620,286.200,285.620,286.200,0,0
1526479680,286.420,286.320,286.320,286.500,0,0
1526479740,286.700,287.210,286.700,287.210,0,0
1526479800,286.710,286.760,286.710,286.760,11317,165597
1526479860,286.500,285.970,285.970,286.700,0,0
1526479920,285.890,285.970,285.890,286.110,0,0
1526479980,286.300,286.300,286.300,286.300,0,0
1526480040,286.330,286.250,286.250,286.630,0,0
1526480100,286.000,286.000,286.000,286.000,8608,176914
1526480160,286.440,286.510,286.440,286.580,0,0
1526480220,286.890,287.220,286.890,287.220,0,0
1526480280,287.250,286.820,286.820,287.250,0,0
1526480340,286.820,286.820,286.820,286.820,0,0
1526480400,286.640,286.950,286.490,287.140,10577,185522
1526480460,286.970,286.750,286.750,286.970,0,0
1526480520,287.530,287.280,287.280,287.590,0,0
1526480580,287.600,287.600,287.600,287.600,0,0
1526480640,287.350,287.350,287.350,287.350,0,0
1526480700,286.890,287.430,286.890,287.430,14917,196099
1526480760,287.430,287.430,287.430,287.430,0,0
1526480820,287.250,287.770,287.250,287.770,0,0
1526480880,287.880,287.860,287.840,287.890,0,0
1526480940,287.690,288.440,287.690,288.440,0,0
1526481000,288.400,288.040,287.940,288.400,13723,211016
1526481060,287.690,287.820,287.690,287.970,0,0
1526481120,288.000,287.940,287.640,288.000,0,0
1526481240,287.930,288.150,287.930,288.150,0,0
1526481300,288.220,287.890,287.890,288.220,6027,224739
1526481360,288.060,288.040,287.840,288.230,0,0
1526481420,288.300,288.300,288.300,288.300,0,0
1526481480,288.300,288.180,288.140,288.420,0,0
1526481540,288.150,288.420,288.150,288.420,0,0
1526481600,288.160,288.240,288.160,288.240,10617,230766
1526481660,288.320,288.400,288.320,288.480,0,0
1526481720,288.680,288.760,288.510,288.760,0,0
1526481780,288.880,288.700,288.700,288.880,0,0
1526481840,288.910,288.690,288.690,288.910,0,0
1526481900,288.570,288.680,288.570,288.680,18895,241383
1526481960,288.540,288.920,288.540,288.920,0,0
1526482020,289.270,289.420,289.110,289.420,0,0
1526482080,289.420,289.100,289.100,289.420,0,0
1526482140,289.370,289.540,289.370,289.670,0,0
1526482200,289.350,289.430,289.140,289.430,9791,260278
1526482260,289.330,289.460,289.330,289.540,0,0
1526482320,289.550,289.550,289.550,289.550,0,0
1526482380,289.410,289.400,289.400,289.680,0,0
1526482440,289.190,288.770,288.770,289.190,0,0
1526482500,288.740,288.430,288.430,288.740,8648,270069
1526482560,288.440,288.220,287.980,288.440,0,0
1526482620,288.610,288.610,288.610,288.610,0,0
1526482680,288.640,288.950,288.640,288.950,0,0
1526482740,289.000,289.000,289.000,289.000,0,0
1526482800,288.800,288.690,288.690,288.800,12128,278717
1526482860,288.460,288.610,288.410,288.610,0,0
1526482920,288.620,289.090,288.610,289.090,0,0
1526482980,288.630,288.570,288.570,288.810,0,0
1526483040,288.560,288.410,288.410,288.760,0,0
1526483100,288.690,288.940,288.550,289.260,27084,290845
1526483160,289.460,289.970,289.000,289.970,0,0
1526483220,289.710,289.980,289.710,289.990,0,0
1526483280,289.670,290.290,289.610,290.440,0,0
1526483340,290.270,290.350,290.270,290.560,0,0
1526483400,290.210,290.870,290.210,290.870,11326,317929
1526483460,290.560,290.380,290.380,290.920,0,0
1526483520,290.500,290.350,290.350,290.500,0,0
1526483580,290.260,290.770,290.260,290.890,0,0
1526483640,290.800,290.480,290.350,290.800,0,0
1526483700,290.260,289.990,289.990,290.260,24529,329255
1526483760,290.240,290.200,289.920,290.240,0,0
1526483820,289.810,290.250,289.810,290.250,0,0
1526483880,290.500,291.200,290.500,291.220,0,0
1526483940,291.390,290.820,290.820,291.470,0,0
1526484000,290.690,291.140,290.690,291.140,21870,353784
1526484060,290.810,291.400,290.810,291.400,0,0
1526484120,291.410,291.720,291.410,291.720,0,0
1526484180,292.000,291.890,291.890,292.450,0,0
1526484240,291.880,291.060,290.940,291.880,0,0
1526484300,290.860,290.570,290.570,291.020,17356,375654
1526484360,290.870,291.280,290.870,291.570,0,0
1526484420,291.610,291.140,291.140,291.650,0,0
1526484480,290.880,291.300,290.830,291.300,0,0
1526484600,291.050,291.510,291.050,291.510,5925,393010
1526484660,291.570,291.220,291.220,291.720,0,0
1526484720,291.440,291.080,291.080,291.440,0,0
1526484780,291.100,291.100,291.100,291.100,0,0
1526484840,291.040,291.040,291.040,291.040,0,0
1526484900,291.380,291.180,291.180,291.380,12400,398935
1526484960,291.360,291.890,291.360,291.890,0,0
1526485020,291.830,291.570,291.570,291.870,0,0
1526485080,291.570,291.430,291.430,291.570,0,0
1526485140,291.680,291.760,291.640,291.760,0,0
1526485200,291.930,291.930,291.930,291.930,8611,411335
1526485260,291.930,291.660,291.660,291.930,0,0
1526485320,291.790,291.930,291.790,291.930,0,0
1526485380,291.640,291.650,291.410,291.650,0,0
1526485440,291.550,291.340,291.340,291.550,0,0
1526485500,291.550,291.700,291.550,291.700,16945,419946
1526485620,291.670,291.890,291.670,291.890,0,0
1526485680,292.290,292.040,292.040,292.310,0,0
1526485740,292.270,292.200,292.150,292.450,0,0
1526485800,292.000,292.130,291.910,292.130,9599,436891
1526485860,291.940,291.930,291.930,291.940,0,0
1526485920,292.100,291.990,291.990,292.450,0,0
1526485980,291.900,292.260,291.900,292.260,0,0
1526486040,292.230,292.230,292.230,292.230,0,0
1526486100,292.260,291.960,291.960,292.360,10920,446490
1526486160,291.710,291.660,291.660,291.710,0,0
1526486220,291.690,291.650,291.610,291.690,0,0
1526486280,291.800,291.660,291.660,291.800,0,0
1526486340,291.830,291.830,291.830,291.830,0,0
1526486400,291.810,291.810,291.810,291.810,2069,457410
1526486520,291.630,291.620,291.620,291.630,0,0
1526486640,291.520,291.540,291.520,291.550,0,0
1526486700,291.660,292.200,291.660,292.350,21670,459479
1526486760,292.380,292.820,292.310,292.820,0,0
1526486820,292.700,292.520,292.380,292.700,0,0
1526486880,292.420,292.180,292.180,292.420,0,0
1526486940,292.170,292.100,292.100,292.360,0,0
1526487000,292.070,291.770,291.750,292.070,6406,481149
1526487060,291.820,291.820,291.820,291.820,0,0
1526487120,292.010,291.840,291.840,292.010,0,0
1526487180,291.820,291.820,291.820,291.820,0,0
1526487300,291.790,291.700,291.510,291.800,5507,487555
1526487360,291.790,291.700,291.510,291.800,0,0
1526487420,291.610,291.620,291.610,291.740,0,0
1526487480,291.720,291.830,291.720,291.920,0,0
1526487540,291.800,291.800,291.800,291.800,0,0
1526487600,291.850,291.780,291.780,291.880,14100,493062
1526487720,291.590,291.560,291.560,291.680,0,0
1526487780,291.520,290.940,290.940,291.520,0,0
1526487840,290.730,290.740,290.700,290.760,0,0
1526487900,290.830,291.000,290.730,291.000,11067,507162
1526487960,290.860,290.220,290.220,290.860,0,0
1526488020,290.420,290.620,290.420,290.670,0,0
1526488140,290.540,290.470,290.470,290.540,0,0
1526488200,290.420,290.760,290.420,290.760,7092,518229
1526488260,291.210,291.210,291.210,291.210,0,0
1526488320,291.210,290.670,290.670,291.210,0,0
1526488380,290.560,290.760,290.560,290.760,0,0
1526488500,290.810,291.420,290.810,291.420,9437,525321
1526488560,291.200,291.000,291.000,291.220,0,0
1526488620,290.940,291.080,290.940,291.080,0,0
1526488680,291.300,291.300,291.300,291.300,0,0
1526488800,291.520,291.650,291.400,291.650,8279,534758
1526488860,291.570,291.450,291.450,291.680,0,0
1526488980,291.400,291.180,291.180,291.400,0,0
1526489040,290.990,291.170,290.990,291.170,0,0
1526489100,291.310,291.130,291.130,291.310,5769,543037
1526489160,291.140,291.050,291.050,291.140,0,0
1526489220,291.050,290.550,290.550,291.050,0,0
1526489280,290.610,290.610,290.610,290.610,0,0
1526489340,290.650,290.700,290.560,290.700,0,0
1526489400,290.630,290.710,290.630,290.710,5803,548806
1526489460,290.730,290.590,290.590,290.730,0,0
1526489520,290.670,290.790,290.670,290.800,0,0
1526489580,290.780,290.860,290.780,290.960,0,0
1526489640,290.860,290.460,290.460,290.860,0,0
1526489700,290.450,290.450,290.450,290.450,6458,554609
1526489760,290.570,290.570,290.570,290.570,0,0
1526489820,290.290,290.350,290.280,290.390,0,0
1526489880,290.370,290.370,290.370,290.370,0,0
1526489940,290.230,290.230,290.230,290.230,0,0
1526490000,290.180,289.820,289.680,290.180,10970,561067
1526490060,290.180,289.820,289.680,290.180,0,0
1526490120,289.790,289.700,289.700,289.790,0,0
1526490180,289.660,290.000,289.660,290.010,0,0
1526490300,290.090,289.850,289.850,290.090,2787,572037
1526490360,289.830,289.760,289.760,289.830,0,0
1526490540,289.810,289.810,289.810,289.810,0,0
1526490600,289.840,289.770,289.720,289.840,4935,574824
1526490660,289.760,289.580,289.580,289.760,0,0
1526490720,289.700,289.400,289.380,289.700,0,0
1526490840,289.250,289.250,289.250,289.250,0,0
1526490900,289.350,289.720,289.350,289.720,5444,579759
1526490960,289.350,289.720,289.350,289.720,0,0
1526491020,289.550,289.690,289.550,289.690,0,0
1526491140,289.600,289.250,289.240,289.600,0,0
1526491200,289.160,289.160,289.160,289.160,9041,585203
1526491260,289.150,289.230,289.110,289.230,0,0
1526491320,289.300,289.350,289.300,289.350,0,0
1526491380,289.080,289.080,289.080,289.080,0,0
1526491440,288.780,288.850,288.780,288.850,0,0
1526491500,288.850,288.770,288.770,288.850,7296,594244
1526491560,288.650,288.650,288.650,288.650,0,0
1526491620,288.650,288.580,288.580,288.790,0,0
1526491680,288.650,288.660,288.650,288.670,0,0
1526491740,288.700,288.880,288.700,288.920,0,0
1526491800,288.990,288.940,288.940,288.990,4316,601540
1526491860,288.740,288.730,288.630,288.940,0,0
1526491920,288.920,288.920,288.920,288.920,0,0
1526491980,289.010,289.010,289.010,289.010,0,0
1526492040,288.890,288.900,288.890,288.900,0,0
1526492100,288.900,288.710,288.710,288.900,6508,605856
1526492160,288.750,288.600,288.600,288.750,0,0
1526492220,288.730,288.600,288.600,288.730,0,0
1526492280,288.570,288.360,288.360,288.570,0,0
1526492340,288.550,288.700,288.550,288.700,0,0
1526492400,288.880,289.020,288.880,289.020,10548,612364
1526492460,289.260,289.260,289.260,289.260,0,0
1526492520,289.100,289.150,289.100,289.150,0,0
1526492580,289.430,289.510,289.380,289.510,0,0
1526492640,289.440,289.140,289.140,289.440,0,0
1526492700,288.810,288.810,288.810,288.810,8554,622912
1526492760,288.810,288.810,288.810,288.810,0,0
1526492820,288.550,288.470,288.470,288.860,0,0
1526492880,288.850,288.890,288.850,288.890,0,0
1526492940,288.950,288.950,288.950,288.950,0,0
1526493000,288.710,288.710,288.710,288.710,4942,631466
1526493060,288.900,288.520,288.520,288.900,0,0
1526493120,288.860,288.550,288.550,288.860,0,0
1526493180,288.840,288.840,288.840,288.840,0,0
1526493240,288.840,288.820,288.820,288.840,0,0
1526493300,288.740,288.590,288.590,288.740,3679,636408
1526493360,288.500,288.500,288.500,288.500,0,0
1526493420,288.530,288.530,288.530,288.530,0,0
1526493480,288.450,288.760,288.450,288.760,0,0
1526493540,288.630,288.630,288.630,288.630,0,0
1526493600,288.900,288.620,288.620,288.930,8676,640087
1526493720,289.080,289.110,289.000,289.110,0,0
1526493780,289.190,289.200,289.190,289.200,0,0
1526493840,289.110,289.300,289.110,289.300,0,0
1526493900,289.500,289.050,289.050,289.500,3914,648763
1526494020,289.270,289.270,289.270,289.270,0,0
1526494140,289.060,289.060,289.060,289.060,0,0
1526494200,289.120,289.120,289.120,289.120,1956,652677
1526494260,289.000,288.900,288.900,289.000,0,0
1526494320,288.830,288.970,288.830,288.970,0,0
1526494380,288.690,288.690,288.690,288.690,0,0
1526494440,288.590,288.590,288.590,288.590,0,0
1526494500,288.530,288.560,288.530,288.560,5225,654633
1526494560,288.760,288.820,288.760,288.820,0,0
1526494620,288.990,288.990,288.990,288.990,0,0
1526494680,289.290,289.290,289.290,289.290,0,0
1526494740,289.230,289.220,289.220,289.230,0,0
1526494800,289.000,289.000,289.000,289.000,10536,659858
1526494860,288.620,288.510,288.420,288.690,0,0
1526494920,288.700,288.570,288.570,288.870,0,0
1526495100,288.570,288.620,288.570,288.770,2294,670394
1526495160,288.570,288.620,288.570,288.770,0,0
1526495280,288.520,288.640,288.520,288.640,0,0
1526495400,288.750,288.530,288.530,288.750,4007,672688
1526495460,288.710,288.710,288.710,288.710,0,0
1526495520,288.870,288.870,288.870,288.870,0,0
1526495580,288.590,288.650,288.590,288.650,0,0
1526495700,288.510,288.510,288.510,288.510,2042,676695
1526495820,288.470,288.360,288.340,288.470,0,0
1526495940,288.410,288.320,288.320,288.410,0,0
1526496000,288.510,288.510,288.510,288.510,5857,678737
1526496060,288.640,288.640,288.640,288.640,0,0
1526496120,288.650,288.650,288.650,288.650,0,0
1526496180,288.730,288.530,288.530,288.730,0,0
1526496240,288.530,288.470,288.470,288.530,0,0
1526496300,288.420,288.350,288.350,288.420,6386,684594
1526496360,288.340,288.370,288.240,288.370,0,0
1526496420,288.240,288.270,288.240,288.390,0,0
1526496480,288.290,288.280,288.280,288.290,0,0
1526496600,288.420,288.280,288.280,288.420,6671,690980
1526496660,288.230,288.120,288.120,288.230,0,0
1526496720,288.160,288.000,288.000,288.160,0,0
1526496780,288.030,287.890,287.890,288.030,0,0
1526496840,288.110,288.000,288.000,288.110,0,0
1526496900,288.050,288.380,288.050,288.380,4920,697651
1526496960,288.050,288.380,288.050,288.380,0,0
1526497020,288.200,288.070,288.070,288.200,0,0
1526497080,288.050,288.050,288.050,288.050,0,0
1526497140,288.240,288.090,288.090,288.240,0,0
1526497200,288.090,287.890,287.870,288.090,8253,702571
1526497260,287.820,287.890,287.800,287.920,0,0
1526497320,287.880,287.980,287.880,287.980,0,0
1526497380,287.910,287.910,287.910,287.910,0,0
1526497440,287.820,287.920,287.820,288.040,0,0
1526497500,288.020,287.970,287.970,288.020,3606,710824
1526497560,288.020,287.970,287.970,288.020,0,0
1526497620,287.760,287.820,287.760,287.820,0,0
1526497680,287.900,288.060,287.900,288.060,0,0
1526497740,287.900,287.900,287.900,287.900,0,0
1526497800,287.740,287.740,287.740,287.740,5212,714430
1526497860,287.810,287.690,287.690,287.810,0,0
1526497920,287.650,287.650,287.650,287.650,0,0
1526497980,287.560,287.440,287.440,287.560,0,0
1526498040,287.300,287.300,287.300,287.300,0,0
1526498100,287.220,287.410,287.220,287.410,5969,719642
1526498160,287.450,287.300,287.300,287.450,0,0
1526498220,287.380,287.310,287.310,287.380,0,0
1526498280,287.310,287.310,287.310,287.310,0,0
1526498340,287.310,287.300,287.300,287.310,0,0
1526498400,287.230,287.260,287.230,287.260,6387,725611
1526498460,287.320,287.320,287.320,287.320,0,0
1526498520,287.590,287.510,287.490,287.600,0,0
1526498640,287.450,287.280,287.280,287.450,0,0
1526498700,287.320,287.290,287.290,287.320,6246,731998
1526498760,287.310,287.400,287.310,287.400,0,0
1526498820,287.330,287.240,287.230,287.330,0,0
1526498880,287.210,287.210,287.210,287.210,0,0
1526498940,287.250,287.150,287.150,287.250,0,0
1526499000,287.210,287.260,287.180,287.260,9981,738244
1526499060,287.270,287.400,287.270,287.400,0,0
1526499120,287.530,287.550,287.530,287.550,0,0
1526499180,287.500,287.480,287.480,287.500,0,0
1526499240,287.510,287.530,287.420,287.530,0,0
1526499300,287.670,287.570,287.570,287.670,12812,748225
1526499360,287.570,287.630,287.570,287.670,0,0
1526499420,287.660,287.580,287.580,287.680,0,0
1526499480,287.690,287.840,287.690,287.930,0,0
1526499540,287.800,287.810,287.800,287.810,0,0
1526499600,287.810,287.830,287.810,287.830,7861,761037
1526499660,287.830,287.850,287.830,287.850,0,0
1526499720,287.850,287.860,287.810,287.860,0,0
1526499780,287.920,287.870,287.870,287.920,0,0
1526499840,287.800,287.800,287.800,287.800,0,0
1526499900,287.810,287.450,287.450,287.810,14883,768898
1526499960,287.510,287.460,287.460,287.600,0,0
1526500020,287.490,287.480,287.480,287.490,0,0
1526500080,287.540,287.480,287.400,287.540,0,0
1526500140,287.460,287.500,287.460,287.500,0,0
1526500200,287.420,287.610,287.420,287.690,18613,783781
1526500260,287.590,287.520,287.520,287.590,0,0
1526500320,287.610,287.650,287.590,287.720,0,0
1526500380,287.580,287.600,287.580,287.600,0,0
1526500440,287.570,287.630,287.550,287.640,0,0
1526500500,287.730,287.570,287.550,287.730,76487,802394
1526500560,287.560,287.530,287.530,287.580,0,0
1526500620,287.550,287.630,287.550,287.630,0,0
1526500680,287.650,287.780,287.610,287.780,0,0
1526500740,287.780,287.960,287.780,288.120,0,0
1526563800,289.750,288.760,288.570,289.750,28628,0
1526563860,289.600,290.640,289.600,290.640,0,0
1526563920,289.850,289.580,289.580,290.060,0,0
1526563980,289.470,289.330,289.330,289.470,0,0
1526564040,289.810,290.740,289.810,290.740,0,0
1526564100,290.090,289.340,289.340,290.090,13533,28628
1526564160,290.040,290.100,290.040,290.100,0,0
1526564220,290.330,289.960,289.960,290.330,0,0
1526564280,290.060,290.000,290.000,290.480,0,0
1526564340,289.000,288.960,288.680,289.500,0,0
1526564400,289.220,289.060,288.760,289.220,8237,42161
1526564460,288.690,287.990,287.730,288.690,0,0
1526564520,288.390,289.160,288.390,289.160,0,0
1526564580,288.440,288.950,288.440,288.950,0,0
1526564640,288.950,288.650,288.650,288.950,0,0
1526564700,288.450,288.230,288.130,288.450,5172,50398
1526564760,288.450,288.230,288.130,288.450,0,0
1526564820,288.330,288.520,288.330,288.520,0,0
1526564880,288.290,288.800,288.290,288.800,0,0
1526565000,289.220,289.350,289.220,289.350,12829,55570
1526565060,289.500,289.700,289.500,290.400,0,0
1526565120,289.980,289.670,289.670,289.980,0,0
1526565180,289.910,289.650,289.630,289.910,0,0
1526565240,289.780,289.490,289.490,289.780,0,0
1526565300,289.570,289.570,289.570,289.570,3431,68399
1526565360,289.480,289.740,289.480,289.740,0,0
1526565420,289.450,289.460,289.450,289.460,0,0
1526565480,289.580,289.580,289.580,289.580,0,0
1526565540,289.690,289.610,289.600,289.690,0,0
1526565600,289.730,289.810,289.730,290.040,7560,71830
1526565720,290.040,290.040,290.040,290.040,0,0
1526565780,290.190,289.990,289.990,290.250,0,0
1526565840,290.170,290.460,290.170,290.460,0,0
1526565900,290.320,290.570,290.280,290.750,11876,79390
1526565960,290.620,290.500,290.500,290.620,0,0
1526566020,290.710,290.690,290.690,290.710,0,0
1526566080,290.680,290.540,290.540,290.680,0,0
1526566140,290.690,290.570,290.570,290.720,0,0
1526566200,290.390,290.380,290.370,290.420,11847,91266
1526566260,290.440,290.230,290.000,290.440,0,0
1526566320,289.950,289.970,289.950,289.980,0,0
1526566380,290.050,289.980,289.980,290.080,0,0
1526566440,290.040,290.130,290.040,290.130,0,0
1526566500,290.140,290.330,290.140,290.330,8688,103113
1526566560,290.330,290.340,290.330,290.340,0,0
1526566620,290.680,291.440,290.680,291.440,0,0
1526566680,291.290,291.500,291.280,291.500,0,0
1526566740,291.270,291.230,291.230,291.500,0,0
1526566800,291.350,291.480,291.290,291.540,13558,111801
1526566860,291.570,291.450,291.450,291.570,0,0
1526566920,291.620,291.880,291.620,291.880,0,0
1526566980,291.620,291.800,291.620,292.000,0,0
1526567040,291.790,291.720,291.500,291.790,0,0
1526567100,291.800,291.740,291.740,291.820,6164,125359
1526567160,291.380,291.390,291.380,291.480,0,0
1526567220,291.380,291.320,291.210,291.380,0,0
1526567280,291.330,291.330,291.330,291.330,0,0
1526567400,291.480,291.430,291.220,291.480,10136,131523
1526567460,291.220,291.220,291.220,291.220,0,0
1526567520,291.310,291.200,291.200,291.310,0,0
1526567580,291.080,291.070,291.070,291.080,0,0
1526567640,291.060,291.390,291.060,291.390,0,0
1526567700,291.310,291.380,291.310,291.380,8228,141659
1526567760,291.370,291.370,291.370,291.370,0,0
1526567820,291.520,291.520,291.520,291.520,0,0
1526567880,291.850,291.850,291.850,291.850,0,0
1526567940,292.000,291.770,291.770,292.000,0,0
1526568000,291.770,291.750,291.750,291.770,15014,149887
1526568060,291.740,291.810,291.590,292.000,0,0
1526568120,291.940,292.000,291.840,292.000,0,0
1526568180,292.000,291.750,291.750,292.000,0,0
1526568240,291.450,291.640,291.450,291.640,0,0
1526568300,291.540,291.580,291.540,291.580,2703,164901
1526568420,291.540,291.580,291.540,291.580,0,0
1526568480,291.380,291.460,291.380,291.460,0,0
1526568540,291.430,291.330,291.290,291.430,0,0
1526568600,291.440,291.430,291.430,291.500,17640,167604
1526568660,291.620,291.310,291.210,291.660,0,0
1526568720,291.440,291.440,291.440,291.440,0,0
1526568780,291.310,291.560,291.310,291.560,0,0
1526568840,291.610,291.500,291.440,291.620,0,0
1526568900,291.460,291.270,291.270,291.600,14443,185244
1526568960,291.420,291.290,291.290,291.420,0,0
1526569020,291.190,291.190,291.190,291.190,0,0
1526569080,290.710,291.040,290.710,291.040,0,0
1526569140,290.970,291.050,290.970,291.050,0,0
1526569200,291.040,290.970,290.970,291.040,4447,199687
1526569260,291.110,290.980,290.980,291.110,0,0
1526569380,291.120,291.000,291.000,291.120,0,0
1526569440,291.000,291.000,291.000,291.000,0,0
1526569500,291.000,291.050,291.000,291.050,3700,204134
1526569620,291.120,291.170,291.080,291.170,0,0
1526569680,291.360,291.730,291.360,291.730,0,0
1526569740,291.710,291.710,291.710,291.710,0,0
1526569800,291.630,292.460,291.630,292.460,21821,207834
1526569860,292.670,292.170,292.070,292.670,0,0
1526569920,292.350,292.170,292.170,292.350,0,0
1526569980,292.010,291.890,291.890,292.040,0,0
1526570100,291.690,291.850,291.690,291.850,16185,229655
1526570160,292.020,292.030,292.020,292.040,0,0
1526570220,292.580,292.900,292.580,292.900,0,0
1526570280,292.910,292.750,292.750,292.920,0,0
1526570340,292.750,293.190,292.750,293.300,0,0
1526570400,293.110,293.270,293.110,293.270,8185,245840
1526570460,293.300,293.160,293.000,293.320,0,0
1526570520,293.290,293.330,293.290,293.330,0,0
1526570580,293.640,293.560,293.500,293.670,0,0
1526570640,293.620,293.680,293.620,293.680,0,0
1526570700,293.890,294.170,293.580,294.170,17684,254025
1526570760,293.860,294.000,293.860,294.030,0,0
1526570820,294.130,294.140,293.930,294.200,0,0
1526570880,294.260,294.270,294.100,294.340,0,0
1526570940,294.180,294.130,294.120,294.300,0,0
1526571000,294.270,294.060,293.760,294.300,9501,271709
1526571060,293.710,293.170,293.170,293.750,0,0
1526571120,293.550,293.610,293.550,293.610,0,0
1526571180,293.560,293.450,293.440,293.620,0,0
1526571240,293.540,293.670,293.540,293.670,0,0
1526571300,293.790,293.750,293.750,293.790,9035,281210
1526571360,293.930,293.800,293.800,293.980,0,0
1526571420,293.840,293.720,293.720,293.840,0,0
1526571480,293.750,293.860,293.750,293.860,0,0
1526571540,294.080,294.190,294.050,294.190,0,0
1526571600,294.030,294.020,294.020,294.030,12354,290245
1526571660,294.230,294.200,294.070,294.290,0,0
1526571720,294.200,294.300,294.200,294.300,0,0
1526571780,294.340,293.850,293.850,294.340,0,0
1526571840,294.030,294.180,294.030,294.180,0,0
1526571900,294.080,293.810,293.810,294.080,9414,302599
1526571960,293.990,293.850,293.850,293.990,0,0
1526572020,293.840,293.890,293.840,293.890,0,0
1526572080,293.880,293.880,293.880,293.880,0,0
1526572140,293.950,293.990,293.850,293.990,0,0
1526572200,294.030,294.120,294.030,294.120,10290,312013
1526572260,294.040,293.890,293.890,294.310,0,0
1526572320,294.110,294.160,294.010,294.160,0,0
1526572380,294.120,293.900,293.900,294.120,0,0
1526572440,293.850,294.070,293.780,294.070,0,0
1526572500,294.170,294.300,294.170,294.300,11373,322303
1526572560,294.370,294.420,294.160,294.500,0,0
1526572620,294.470,294.600,294.470,294.600,0,0
1526572680,294.610,294.600,294.430,294.640,0,0
1526572740,294.560,294.520,294.390,294.580,0,0
1526572800,294.370,294.450,294.240,294.480,13053,333676
1526572860,294.340,294.300,294.240,294.470,0,0
1526572920,294.540,294.600,294.540,294.630,0,0
1526573040,294.780,294.780,294.780,294.780,0,0
1526573100,294.750,294.600,294.600,294.780,9961,346729
1526573160,294.580,294.500,294.460,294.580,0,0
1526573220,294.640,294.500,294.490,294.640,0,0
1526573280,294.460,294.520,294.420,294.520,0,0
1526573340,294.550,294.380,294.380,294.550,0,0
1526573400,294.270,294.400,294.270,294.400,12045,356690
1526573460,294.400,294.790,294.400,294.790,0,0
1526573580,294.710,294.620,294.620,294.710,0,0
1526573640,294.510,294.540,294.510,294.550,0,0
1526573700,294.560,294.560,294.560,294.560,2288,368735
1526573760,294.560,294.560,294.560,294.560,0,0
1526573880,294.390,294.390,294.390,294.390,0,0
1526573940,294.550,294.550,294.550,294.550,0,0
1526574000,294.610,294.620,294.610,294.620,8629,371023
1526574060,294.640,294.640,294.640,294.640,0,0
1526574120,294.620,294.230,294.230,294.620,0,0
1526574180,294.170,294.170,294.170,294.170,0,0
1526574240,293.870,293.860,293.860,293.870,0,0
1526574300,293.750,293.930,293.750,293.930,8371,379652
1526574360,293.660,293.660,293.660,293.660,0,0
1526574420,293.860,294.090,293.860,294.090,0,0
1526574540,294.270,294.270,294.270,294.270,0,0
1526574600,294.200,293.920,293.920,294.200,10698,388023
1526574720,294.480,294.630,294.480,294.640,0,0
1526574780,294.460,294.610,294.460,294.610,0,0
1526574840,294.320,294.300,294.290,294.320,0,0
1526574900,294.160,294.160,294.160,294.160,4727,398721
1526574960,293.900,293.900,293.900,293.900,0,0
1526575020,293.930,294.090,293.930,294.090,0,0
1526575080,294.190,294.190,294.190,294.190,0,0
1526575140,294.080,294.020,294.020,294.080,0,0
1526575200,293.810,293.500,293.420,293.810,11654,403448
1526575260,293.780,293.420,293.420,293.780,0,0
1526575320,293.230,293.560,293.230,293.560,0,0
1526575380,293.460,293.700,293.460,293.720,0,0
1526575500,293.770,293.770,293.770,293.770,14262,415102
1526575560,293.540,293.540,293.540,293.540,0,0
1526575680,293.540,293.390,292.870,293.540,0,0
1526575740,293.340,293.370,293.340,293.370,0,0
1526575800,293.340,293.130,293.130,293.340,7813,429364
1526575860,293.200,293.250,293.180,293.250,0,0
1526575920,293.170,293.370,293.170,293.370,0,0
1526575980,293.500,293.560,293.500,293.560,0,0
1526576040,293.560,293.560,293.560,293.560,0,0
1526576100,293.280,293.150,293.150,293.280,6973,437177
1526576160,292.840,292.840,292.840,292.840,0,0
1526576220,293.050,293.290,292.970,293.290,0,0
1526576280,293.470,293.470,293.470,293.470,0,0
1526576400,293.460,293.460,293.460,293.460,3523,444150
1526576460,293.470,293.470,293.470,293.470,0,0
1526576580,293.330,293.480,293.330,293.480,0,0
1526576640,293.480,293.480,293.480,293.480,0,0
1526576700,293.330,293.120,293.120,293.330,4889,447673
1526576880,293.330,293.120,293.120,293.330,0,0
1526576940,293.200,293.440,293.200,293.440,0,0
1526577000,293.470,293.290,293.290,293.470,1571,452562
1526577120,293.470,293.290,293.290,293.470,0,0
1526577300,293.480,293.480,293.480,293.480,2855,454133
1526577360,293.480,293.480,293.480,293.480,0,0
1526577480,293.590,293.540,293.540,293.590,0,0
1526577600,293.750,293.480,293.480,293.750,5442,456988
1526577660,293.750,293.480,293.480,293.750,0,0
1526577720,293.680,293.750,293.500,293.750,0,0
1526577780,293.750,293.640,293.640,293.750,0,0
1526577840,293.580,293.580,293.580,293.580,0,0
1526577900,293.670,293.640,293.530,293.670,7121,462430
1526577960,293.670,293.640,293.530,293.670,0,0
1526578020,293.440,293.440,293.440,293.440,0,0
1526578080,293.480,293.480,293.480,293.480,0,0
1526578140,293.690,293.670,293.670,293.690,0,0
1526578200,293.600,293.600,293.600,293.600,4020,469551
1526578320,293.600,293.600,293.600,293.600,0,0
1526578380,293.870,293.900,293.870,293.990,0,0
1526578440,294.200,294.110,294.110,294.200,0,0
1526578500,293.900,293.900,293.900,293.900,1063,473571
1526578560,293.900,293.900,293.900,293.900,0,0
1526578740,293.700,293.700,293.700,293.700,0,0
1526578800,293.750,293.750,293.750,293.750,4922,474634
1526578860,293.660,293.300,293.270,293.660,0,0
1526578920,293.400,293.350,293.300,293.400,0,0
1526578980,293.070,293.070,293.070,293.070,0,0
1526579040,292.850,292.760,292.760,292.870,0,0
1526579100,292.870,292.780,292.690,292.870,5424,479556
1526579160,292.700,292.660,292.660,292.700,0,0
1526579220,292.450,292.590,292.450,292.620,0,0
1526579400,292.640,292.480,292.480,292.640,7332,484980
1526579460,292.740,292.640,292.640,292.740,0,0
1526579520,292.860,292.860,292.860,292.860,0,0
1526579640,292.620,292.120,292.120,292.620,0,0
1526579700,292.370,292.150,292.020,292.410,9955,492312
1526579760,292.200,291.710,291.710,292.200,0,0
1526579820,291.770,292.280,291.770,292.280,0,0
1526579880,291.960,291.960,291.960,291.960,0,0
1526579940,292.040,292.200,291.960,292.200,0,0
1526580000,292.060,291.870,291.870,292.230,14089,502267
1526580060,291.810,292.040,291.600,292.040,0,0
1526580120,291.920,291.870,291.870,292.200,0,0
1526580180,291.720,291.540,291.540,291.720,0,0
1526580240,291.440,291.740,291.440,291.740,0,0
1526580300,291.560,291.840,291.560,291.840,6539,516356
1526580360,291.920,291.730,291.730,291.920,0,0
1526580420,291.920,292.070,291.920,292.070,0,0
1526580480,292.220,291.850,291.850,292.220,0,0
1526580540,291.890,292.050,291.890,292.050,0,0
1526580600,292.210,292.290,292.210,292.290,5919,522895
1526580660,292.210,292.290,292.210,292.290,0,0
1526580720,292.510,292.510,292.510,292.510,0,0
1526580780,292.590,292.390,292.390,292.610,0,0
1526580840,292.530,292.640,292.530,292.640,0,0
1526580900,292.730,292.810,292.620,292.810,5766,528814
1526580960,292.790,292.570,292.570,292.790,0,0
1526581020,292.600,292.800,292.600,292.800,0,0
1526581080,292.720,293.000,292.720,293.000,0,0
1526581140,293.050,293.110,293.050,293.110,0,0
1526581200,293.100,293.020,293.020,293.120,3209,534580
1526581320,292.940,292.890,292.890,292.940,0,0
1526581440,292.660,292.660,292.660,292.660,0,0
1526581500,292.450,292.450,292.450,292.450,4060,537789
1526581560,292.450,292.590,292.450,292.590,0,0
1526581620,292.610,292.870,292.580,292.870,0,0
1526581680,292.540,292.710,292.540,292.710,0,0
1526581740,292.700,292.690,292.610,292.840,0,0
1526581800,292.860,292.860,292.860,292.860,1546,541849
1526581980,293.260,293.260,293.260,293.260,0,0
1526582040,293.110,293.110,293.110,293.110,0,0
1526582100,293.000,293.000,293.000,293.000,4423,543395
1526582160,293.000,292.890,292.890,293.000,0,0
1526582220,292.970,292.860,292.720,292.970,0,0
1526582400,293.100,293.100,293.100,293.100,6241,547818
1526582460,293.350,293.460,293.350,293.470,0,0
1526582580,293.390,293.390,293.390,293.390,0,0
1526582640,293.050,293.320,293.050,293.320,0,0
1526582700,293.210,293.210,293.210,293.210,3528,554059
1526582820,293.110,293.270,293.110,293.270,0,0
1526582880,293.270,293.340,293.270,293.340,0,0
1526582940,293.260,293.260,293.260,293.260,0,0
1526583000,293.350,293.310,293.310,293.350,4395,557587
1526583060,293.090,293.090,293.090,293.090,0,0
1526583180,293.300,293.300,293.300,293.300,0,0
1526583240,293.380,293.390,293.290,293.390,0,0
1526583300,293.470,293.340,293.340,293.470,4998,561982
1526583420,293.530,293.530,293.530,293.530,0,0
1526583540,293.590,293.430,293.430,293.680,0,0
1526583600,293.470,293.510,293.470,293.520,10577,566980
1526583660,293.790,293.730,293.730,293.790,0,0
1526583780,293.990,293.920,293.920,294.080,0,0
1526583840,293.990,294.060,293.990,294.060,0,0
1526583900,293.890,293.890,293.890,293.890,5474,577557
1526583960,293.900,294.030,293.900,294.030,0,0
1526584020,293.900,293.900,293.900,293.900,0,0
1526584080,294.000,294.020,294.000,294.020,0,0
1526584140,294.020,293.770,293.770,294.080,0,0
1526584200,293.750,293.550,293.550,293.810,7565,583031
1526584260,293.340,293.250,293.180,293.340,0,0
1526584320,293.360,293.360,293.360,293.360,0,0
1526584380,293.550,293.400,293.400,293.550,0,0
1526584440,293.320,293.350,293.320,293.350,0,0
1526584500,293.250,292.980,292.980,293.250,15334,590596
1526584560,292.870,292.650,292.560,292.870,0,0
1526584620,292.510,292.790,292.510,292.790,0,0
1526584680,292.500,292.560,292.500,292.560,0,0
1526584740,292.590,292.650,292.510,292.650,0,0
1526584800,292.860,292.890,292.860,292.940,9194,605930
1526584860,292.750,292.950,292.750,292.950,0,0
1526584920,292.960,292.880,292.880,293.000,0,0
1526584980,292.860,292.860,292.860,292.860,0,0
1526585040,292.740,292.820,292.740,292.960,0,0
1526585100,292.960,292.850,292.850,292.960,7921,615124
1526585160,292.870,292.800,292.800,292.870,0,0
1526585220,292.750,292.810,292.750,292.810,0,0
1526585280,292.750,292.620,292.620,292.750,0,0
1526585340,292.590,292.180,292.180,292.590,0,0
1526585400,291.950,291.900,291.900,292.270,13438,623045
1526585460,292.100,292.330,292.100,292.330,0,0
1526585520,292.480,292.210,292.210,292.480,0,0
1526585580,292.420,292.560,292.330,292.560,0,0
1526585640,292.510,292.700,292.510,292.800,0,0
1526585700,292.650,292.660,292.650,292.850,16538,636483
1526585760,292.790,292.790,292.790,292.790,0,0
1526585820,292.810,292.870,292.750,292.900,0,0
1526585880,292.930,293.050,292.910,293.050,0,0
1526585940,292.960,292.950,292.950,293.200,0,0
1526586000,293.080,293.050,292.900,293.080,19746,653021
1526586060,293.140,293.100,293.100,293.140,0,0
1526586120,293.110,293.080,292.960,293.110,0,0
1526586180,293.060,292.920,292.920,293.150,0,0
1526586240,292.940,292.920,292.920,293.010,0,0
1526586300,292.950,292.920,292.760,292.950,24659,672767
1526586360,292.970,293.030,292.850,293.030,0,0
1526586420,293.050,293.190,293.050,293.200,0,0
1526586480,293.200,293.190,293.130,293.240,0,0
1526586540,293.280,293.310,293.210,293.310,0,0
1526586600,293.290,293.020,293.020,293.290,43092,697426
1526586660,293.010,292.900,292.900,293.010,0,0
1526586720,292.850,292.810,292.760,292.940,0,0
1526586780,292.870,292.650,292.620,292.870,0,0
1526586840,292.560,292.630,292.460,292.630,0,0
1526586900,292.490,292.700,292.490,292.700,84673,740518
1526586960,292.560,292.670,292.550,292.700,0,0
1526587020,292.680,292.620,292.610,292.730,0,0
1526587080,292.700,293.000,292.700,293.000,0,0
1526587140,293.020,292.720,292.690,293.020,0,0
1526650200,293.640,293.530,292.760,293.640,42090,0
1526650260,294.060,293.900,293.900,294.540,0,0
1526650320,294.570,294.960,294.570,295.000,0,0
1526650380,294.960,294.650,294.650,294.960,0,0
1526650440,294.350,293.650,293.650,294.350,0,0
1526650500,294.210,293.530,293.530,294.210,10069,42090
1526650560,293.240,293.700,293.240,293.700,0,0
1526650620,294.130,294.130,294.130,294.130,0,0
1526650680,294.500,294.310,294.310,294.540,0,0
1526650740,294.970,294.650,294.650,294.970,0,0
1526650800,294.600,294.600,294.600,294.600,10987,52159
1526650860,294.640,295.010,294.500,295.010,0,0
1526650920,295.380,294.970,294.780,295.380,0,0
1526650980,294.960,294.730,294.730,294.960,0,0
1526651040,295.020,294.660,294.660,295.020,0,0
1526651100,294.610,294.440,294.440,294.610,9984,63146
1526651160,294.610,294.340,294.340,294.610,0,0
1526651220,294.100,294.110,294.100,294.110,0,0
1526651280,294.640,294.910,294.500,295.160,0,0
1526651340,295.150,295.160,295.150,295.160,0,0
1526651400,295.040,295.210,295.020,295.210,11297,73130
1526651460,295.350,295.350,295.350,295.350,0,0
1526651520,295.400,295.500,295.400,295.500,0,0
1526651580,295.380,295.610,295.370,295.610,0,0
1526651640,295.880,295.490,295.490,295.880,0,0
1526651700,295.560,295.880,295.560,295.910,18488,84427
1526651760,295.880,295.680,295.680,295.880,0,0
1526651820,295.550,295.360,295.360,295.550,0,0
1526651880,295.100,294.870,294.680,295.100,0,0
1526651940,295.020,294.850,294.680,295.030,0,0
1526652000,294.880,294.880,294.880,294.880,6915,102915
1526652060,294.690,294.990,294.690,294.990,0,0
1526652120,294.590,294.310,294.310,294.690,0,0
1526652180,293.950,293.950,293.950,293.950,0,0
1526652240,294.230,294.330,294.230,294.330,0,0
1526652300,294.280,293.800,293.610,294.290,9410,109830
1526652360,293.690,293.690,293.690,293.690,0,0
1526652420,294.100,293.720,293.720,294.100,0,0
1526652480,294.150,294.140,294.140,294.150,0,0
1526652540,294.270,294.030,294.030,294.270,0,0
1526652600,294.030,294.150,294.030,294.150,12461,119240
1526652660,294.190,294.190,294.190,294.190,0,0
1526652720,294.370,294.230,294.230,294.370,0,0
1526652780,294.680,294.610,294.430,294.680,0,0
1526652840,294.810,294.970,294.810,294.970,0,0
1526652900,295.280,295.000,295.000,295.280,6377,131701
1526652960,295.240,295.230,295.230,295.240,0,0
1526653140,295.550,295.500,295.500,295.550,0,0
1526653200,295.700,295.960,295.700,295.960,20982,138078
1526653260,295.950,295.500,295.500,295.950,0,0
1526653320,295.690,296.020,295.330,296.020,0,0
1526653380,296.090,296.290,296.090,296.640,0,0
1526653440,296.220,296.140,296.140,296.220,0,0
1526653500,296.200,296.250,296.200,296.250,3416,159060
1526653560,296.200,296.250,296.200,296.250,0,0
1526653620,296.280,296.050,296.050,296.280,0,0
1526653680,295.930,295.930,295.930,295.930,0,0
1526653740,295.650,295.650,295.650,295.650,0,0
1526653800,295.500,295.350,295.080,295.500,9597,162476
1526653860,295.050,294.270,294.220,295.050,0,0
1526653920,294.430,294.650,294.430,294.650,0,0
1526654040,294.680,294.480,294.480,294.690,0,0
1526654100,294.440,294.350,294.000,294.440,7479,172073
1526654160,294.110,294.470,294.110,294.470,0,0
1526654280,294.420,294.090,294.090,294.420,0,0
1526654340,294.640,294.760,294.470,294.760,0,0
1526654400,294.350,293.100,293.100,294.350,8543,179552
1526654460,293.100,293.810,293.100,293.810,0,0
1526654520,293.500,294.080,293.500,294.080,0,0
1526654580,293.840,294.310,293.840,294.310,0,0
1526654640,294.580,294.320,294.320,294.580,0,0
1526654700,294.370,294.370,294.370,294.370,3227,188095
1526654760,294.810,294.590,294.540,294.810,0,0
1526654820,294.900,294.900,294.900,294.900,0,0
1526654940,294.770,294.530,294.530,294.770,0,0
1526655000,294.470,294.440,294.440,294.470,5905,191322
1526655060,294.640,294.640,294.640,294.640,0,0
1526655120,294.640,294.310,294.310,294.640,0,0
1526655180,294.320,294.460,294.290,294.460,0,0
1526655240,294.270,294.230,294.230,294.270,0,0
1526655300,294.450,294.250,294.190,294.450,5209,197227
1526655360,294.490,294.490,294.490,294.490,0,0
1526655420,294.520,294.520,294.520,294.520,0,0
1526655480,294.550,294.660,294.550,294.660,0,0
1526655540,294.800,294.800,294.800,294.800,0,0
1526655600,294.850,295.000,294.850,295.010,8729,202436
1526655660,295.000,295.250,295.000,295.250,0,0
1526655720,295.500,295.360,295.360,295.520,0,0
1526655840,295.410,295.610,295.350,295.610,0,0
1526655900,295.450,295.450,295.450,295.450,10212,211165
1526655960,295.210,294.990,294.990,295.260,0,0
1526656020,295.030,295.020,295.020,295.330,0,0
1526656080,295.120,295.120,295.120,295.120,0,0
1526656140,295.110,295.110,295.110,295.110,0,0
1526656200,295.050,295.170,295.050,295.170,5720,221377
1526656260,295.250,295.280,295.250,295.340,0,0
1526656320,295.490,295.550,295.490,295.630,0,0
1526656500,295.520,295.440,295.440,295.520,12876,227097
1526656560,295.480,295.430,295.430,295.480,0,0
1526656620,295.300,295.700,295.300,295.700,0,0
1526656680,295.790,295.580,295.510,295.790,0,0
1526656740,295.750,296.200,295.750,296.200,0,0
1526656800,296.490,296.670,296.490,296.670,10665,239973
1526656860,296.240,296.240,296.240,296.240,0,0
1526656920,296.350,296.290,296.150,296.350,0,0
1526657040,296.490,296.360,296.360,296.490,0,0
1526657100,296.480,296.260,296.210,296.480,6750,250638
1526657160,296.150,296.250,296.150,296.390,0,0
1526657220,296.390,296.190,296.190,296.390,0,0
1526657280,296.190,296.090,296.090,296.190,0,0
1526657340,296.250,296.260,296.250,296.260,0,0
1526657400,296.360,296.360,296.360,296.360,7478,257388
1526657460,296.430,296.530,296.410,296.530,0,0
1526657520,296.450,296.450,296.450,296.450,0,0
1526657580,296.480,296.480,296.480,296.480,0,0
1526657640,296.080,296.080,296.080,296.080,0,0
1526657700,295.990,296.010,295.990,296.010,3455,264866
1526657760,296.350,296.350,296.350,296.350,0,0
1526657940,296.570,296.610,296.570,296.610,0,0
1526658000,296.830,296.830,296.830,296.830,5674,268321
1526658060,296.620,296.910,296.600,296.910,0,0
1526658120,296.650,296.690,296.650,296.700,0,0
1526658180,296.770,296.770,296.770,296.770,0,0
1526658240,296.760,296.840,296.760,296.840,0,0
1526658300,296.730,296.960,296.730,296.960,3669,273995
1526658360,296.820,296.300,296.300,296.820,0,0
1526658420,296.850,296.850,296.850,296.850,0,0
1526658540,296.570,296.580,296.570,296.580,0,0
1526658600,296.830,296.740,296.740,296.830,7331,277664
1526658660,296.700,296.880,296.700,296.880,0,0
1526658720,296.900,296.900,296.900,296.900,0,0
1526658780,296.960,296.610,296.610,296.960,0,0
1526658840,296.860,296.500,296.500,296.860,0,0
1526658900,296.680,296.830,296.680,296.830,21810,284995
1526658960,296.880,296.880,296.880,296.880,0,0
1526659020,296.800,296.850,296.800,296.870,0,0
1526659080,296.830,296.850,296.830,296.850,0,0
1526659140,297.370,297.310,297.310,297.400,0,0
1526659200,297.390,297.140,297.140,297.390,5966,306805
1526659260,297.050,297.110,296.920,297.310,0,0
1526659320,296.930,297.100,296.930,297.100,0,0
1526659380,297.240,297.240,297.240,297.240,0,0
1526659440,297.110,296.810,296.810,297.140,0,0
1526659500,296.910,296.940,296.860,296.940,6337,312771
1526659560,296.850,296.910,296.850,296.910,0,0
1526659620,296.920,296.920,296.920,296.920,0,0
1526659680,297.340,297.140,297.140,297.340,0,0
1526659740,297.000,297.150,297.000,297.150,0,0
1526659800,296.950,297.210,296.950,297.210,4584,319108
1526659860,297.330,297.330,297.330,297.330,0,0
1526659980,297.170,297.320,297.170,297.320,0,0
1526660100,296.850,296.850,296.850,296.850,2828,323692
1526660220,296.850,296.850,296.850,296.850,0,0
1526660280,296.800,296.800,296.800,296.800,0,0
1526660400,296.960,296.900,296.900,296.960,3290,326520
1526660460,296.710,296.710,296.710,296.710,0,0
1526660580,296.880,296.860,296.860,296.880,0,0
1526660700,296.650,296.650,296.650,296.650,4332,329810
1526660760,296.750,296.830,296.750,296.830,0,0
1526660820,296.850,296.850,296.850,296.850,0,0
1526660880,296.750,296.750,296.750,296.750,0,0
1526660940,296.700,296.730,296.700,296.730,0,0
1526661000,296.690,296.690,296.690,296.690,4852,334142
1526661060,296.500,296.520,296.500,296.520,0,0
1526661120,296.590,296.590,296.590,296.590,0,0
1526661180,296.530,296.640,296.530,296.640,0,0
1526661240,296.850,296.850,296.850,296.850,0,0
1526661300,296.700,296.840,296.700,296.840,5866,338994
1526661360,296.670,296.560,296.560,296.810,0,0
1526661420,296.410,296.520,296.410,296.520,0,0
1526661480,296.130,296.320,296.130,296.320,0,0
1526661540,296.490,296.480,296.350,296.490,0,0
1526661600,296.470,296.470,296.470,296.470,5746,344860
1526661660,296.340,296.510,296.340,296.520,0,0
1526661720,296.570,296.570,296.570,296.570,0,0
1526661840,296.860,296.860,296.860,296.860,0,0
1526661900,296.780,296.960,296.780,296.960,9069,350606
1526661960,297.330,297.230,297.160,297.330,0,0
1526662140,297.590,297.470,297.470,297.700,0,0
1526662200,297.620,297.700,297.610,297.700,14244,359675
1526662260,297.700,297.500,297.490,297.700,0,0
1526662320,297.560,297.670,297.560,297.720,0,0
1526662380,297.640,297.630,297.630,297.700,0,0
1526662440,297.500,297.550,297.500,297.700,0,0
1526662500,297.540,297.350,297.350,297.540,24627,373919
1526662560,297.320,297.470,297.320,297.540,0,0
1526662620,297.690,297.850,297.690,297.850,0,0
1526662680,298.160,298.390,298.030,298.390,0,0
1526662740,298.260,298.280,298.260,298.280,0,0
1526662800,298.000,298.040,298.000,298.220,14232,398546
1526662860,298.000,298.070,298.000,298.070,0,0
1526662920,298.190,298.120,298.120,298.190,0,0
1526662980,297.830,298.030,297.800,298.030,0,0
1526663040,297.940,298.270,297.940,298.270,0,0
1526663100,298.270,297.850,297.850,298.270,8273,412778
1526663160,298.230,297.940,297.940,298.230,0,0
1526663220,298.110,298.010,297.950,298.110,0,0
1526663280,298.130,298.140,298.130,298.140,0,0
1526663340,297.960,297.960,297.960,297.960,0,0
1526663400,297.920,297.920,297.920,297.920,4738,421051
1526663460,297.770,298.030,297.770,298.250,0,0
1526663520,298.040,298.040,298.040,298.040,0,0
1526663640,298.070,297.930,297.930,298.180,0,0
1526663700,297.930,298.220,297.930,298.220,7676,425789
1526663760,298.280,298.480,298.260,298.480,0,0
1526663880,298.420,298.440,298.420,298.440,0,0
1526663940,298.440,298.140,298.140,298.440,0,0
1526664000,297.860,297.960,297.860,297.960,4134,433465
1526664060,297.860,297.960,297.860,297.960,0,0
1526664120,297.710,297.730,297.710,297.730,0,0
1526664180,297.670,297.920,297.670,297.920,0,0
1526664300,297.890,297.890,297.890,297.890,2998,437599
1526664420,297.780,297.790,297.780,297.790,0,0
1526664480,297.810,297.810,297.810,297.810,0,0
1526664540,298.010,297.820,297.820,298.010,0,0
1526664600,297.540,297.430,297.430,297.540,5814,440597
1526664660,297.540,297.430,297.430,297.540,0,0
1526664720,297.430,297.600,297.430,297.600,0,0
1526664780,297.400,297.400,297.400,297.400,0,0
1526664840,296.950,297.480,296.950,297.480,0,0
1526664900,297.650,297.830,297.650,297.830,7108,446411
1526665020,297.650,297.830,297.650,297.830,0,0
1526665140,297.900,298.130,297.700,298.130,0,0
1526665200,298.140,297.930,297.930,298.140,6017,453519
1526665260,297.690,297.780,297.690,297.780,0,0
1526665380,298.000,298.020,297.810,298.020,0,0
1526665440,297.990,297.990,297.990,297.990,0,0
1526665500,297.490,297.820,297.490,297.820,2880,459536
1526665560,298.060,297.880,297.880,298.060,0,0
1526665620,297.760,297.420,297.420,297.760,0,0
1526665740,297.840,297.840,297.840,297.840,0,0
1526665800,297.720,297.640,297.640,297.720,8381,462416
1526665860,297.620,297.910,297.620,298.000,0,0
1526665920,297.840,298.130,297.840,298.130,0,0
1526665980,298.170,298.140,298.130,298.300,0,0
1526666040,298.130,298.130,298.130,298.130,0,0
1526666100,298.090,298.220,298.090,298.220,3853,470797
1526666220,298.090,298.220,298.090,298.220,0,0
1526666280,298.200,298.300,298.200,298.300,0,0
1526666340,298.200,298.320,298.200,298.320,0,0
1526666400,298.140,297.990,297.990,298.140,4879,474650
1526666460,297.980,298.060,297.840,298.060,0,0
1526666520,297.870,297.870,297.870,297.870,0,0
1526666580,297.900,297.900,297.900,297.900,0,0
1526666640,297.790,298.110,297.790,298.110,0,0
1526666700,298.150,298.260,298.150,298.260,4837,479529
1526666760,298.260,298.260,298.260,298.260,0,0
1526666820,298.360,298.180,298.180,298.360,0,0
1526666880,298.240,298.240,298.240,298.240,0,0
1526667000,298.210,298.190,298.100,298.400,10468,484366
1526667060,298.210,298.190,298.100,298.400,0,0
1526667120,298.230,298.520,298.230,298.520,0,0
1526667180,298.420,298.320,298.320,298.420,0,0
1526667240,298.320,298.320,298.320,298.320,0,0
1526667300,298.250,298.420,298.250,298.440,21045,494834
1526667360,298.350,298.560,298.350,298.630,0,0
1526667420,298.600,298.840,298.600,299.000,0,0
1526667480,298.580,298.720,298.580,298.720,0,0
1526667540,298.580,298.740,298.580,298.740,0,0
1526667600,298.760,298.760,298.760,298.760,10318,515879
1526667660,298.800,298.730,298.730,298.800,0,0
1526667720,298.540,298.810,298.510,298.950,0,0
1526667780,298.880,298.760,298.760,298.880,0,0
1526667840,298.750,299.000,298.740,299.000,0,0
1526667900,298.870,299.140,298.870,299.250,21048,526197
1526667960,299.060,299.150,299.060,299.150,0,0
1526668020,299.160,299.220,299.040,299.270,0,0
1526668080,299.200,299.000,298.950,299.200,0,0
1526668140,298.880,299.000,298.880,299.000,0,0
1526668200,299.030,298.900,298.900,299.080,6612,547245
1526668260,299.150,299.150,299.150,299.150,0,0
1526668320,299.110,299.110,299.110,299.110,0,0
1526668380,299.100,299.100,299.100,299.100,0,0
1526668440,299.100,299.050,299.050,299.100,0,0
1526668500,299.050,299.050,299.050,299.050,10744,553857
1526668560,299.050,299.050,299.050,299.050,0,0
1526668620,299.080,299.080,299.080,299.080,0,0
1526668680,299.060,298.970,298.970,299.060,0,0
1526668740,299.180,299.400,299.160,299.400,0,0
1526668800,299.460,299.200,299.200,299.460,9006,564601
1526668860,299.150,299.300,299.150,299.300,0,0
1526668920,299.190,298.830,298.830,299.190,0,0
1526668980,298.610,298.770,298.610,298.830,0,0
1526669040,298.830,298.830,298.830,298.830,0,0
1526669100,298.620,298.480,298.480,298.620,6226,573607
1526669160,298.480,298.600,298.480,298.720,0,0
1526669220,298.810,298.820,298.810,298.820,0,0
1526669280,299.000,298.930,298.930,299.090,0,0
1526669400,299.070,299.070,299.070,299.070,4894,579833
1526669460,299.250,299.350,299.250,299.350,0,0
1526669580,299.110,299.000,299.000,299.110,0,0
1526669640,298.750,298.750,298.750,298.750,0,0
1526669700,299.010,299.150,299.010,299.150,6206,584727
1526669820,299.070,298.980,298.980,299.200,0,0
1526669880,298.630,298.820,298.630,298.820,0,0
1526670000,298.480,298.660,298.480,298.660,11203,590933
1526670060,298.580,298.470,298.470,298.580,0,0
1526670120,298.520,298.520,298.520,298.520,0,0
1526670180,298.410,298.500,298.410,298.500,0,0
1526670240,298.430,298.430,298.430,298.430,0,0
1526670300,298.400,298.460,298.400,298.530,14139,602136
1526670360,298.400,298.470,298.400,298.500,0,0
1526670420,298.510,298.540,298.440,298.680,0,0
1526670480,298.420,298.520,298.420,298.520,0,0
1526670540,298.430,298.480,298.430,298.490,0,0
1526670600,298.490,298.490,298.490,298.490,5560,616275
1526670660,298.490,298.490,298.490,298.490,0,0
1526670720,298.270,298.270,298.270,298.270,0,0
1526670780,298.300,298.100,298.070,298.320,0,0
1526670840,297.890,297.940,297.890,297.940,0,0
1526670900,297.890,297.640,297.500,297.890,6065,621835
1526670960,297.550,297.330,297.330,297.550,0,0
1526671080,297.350,297.530,297.350,297.530,0,0
1526671140,297.430,297.390,297.390,297.430,0,0
1526671200,297.580,297.600,297.570,297.600,11730,627900
1526671260,297.520,297.560,297.480,297.620,0,0
1526671320,297.590,297.590,297.590,297.590,0,0
1526671380,297.620,297.840,297.620,297.840,0,0
1526671440,297.840,297.740,297.730,297.840,0,0
1526671500,297.730,297.730,297.730,297.730,9045,639630
1526671560,297.390,297.550,297.250,297.550,0,0
1526671620,297.550,297.490,297.430,297.550,0,0
1526671680,297.390,297.360,297.360,297.390,0,0
1526671740,297.390,297.290,297.280,297.390,0,0
1526671800,297.170,297.220,297.120,297.220,18691,648675
1526671860,297.210,297.160,296.930,297.210,0,0
1526671920,296.990,297.320,296.990,297.330,0,0
1526671980,297.220,297.130,297.130,297.220,0,0
1526672040,297.140,297.180,297.090,297.180,0,0
1526672100,297.090,297.190,297.090,297.190,8823,667366
1526672160,297.130,297.440,297.130,297.440,0,0
1526672220,297.390,297.280,297.280,297.390,0,0
1526672340,297.280,297.250,297.060,297.280,0,0
1526672400,297.280,297.340,297.240,297.340,8315,676189
1526672460,297.280,297.340,297.240,297.340,0,0
1526672520,297.290,297.340,297.290,297.340,0,0
1526672580,297.370,297.460,297.370,297.460,0,0
1526672700,297.450,297.320,297.210,297.450,23730,684504
1526672760,297.310,297.330,297.200,297.340,0,0
1526672820,297.280,297.370,297.280,297.430,0,0
1526672880,297.460,297.700,297.460,297.710,0,0
1526672940,297.640,297.490,297.490,297.640,0,0
1526673000,297.450,297.360,297.350,297.530,27558,708234
1526673060,297.290,297.360,297.290,297.440,0,0
1526673120,297.300,297.360,297.300,297.410,0,0
1526673180,297.400,297.650,297.400,297.650,0,0
1526673240,297.600,297.390,297.390,297.600,0,0
1526673300,297.570,297.520,297.400,297.570,104353,735792
1526673360,297.480,297.590,297.450,297.590,0,0
1526673420,297.590,298.000,297.590,298.000,0,0
1526673480,298.000,298.010,298.000,298.110,0,0
1526673540,298.090,298.000,298.000,298.180,0,0
1526909400,299.800,299.600,299.500,300.000,66181,0
1526909460,300.420,301.380,300.420,302.310,0,0
1526909520,302.060,301.670,301.620,302.060,0,0
1526909580,301.570,301.400,301.270,301.990,0,0
1526909640,301.360,301.230,301.230,301.790,0,0
1526909700,301.850,301.710,301.500,301.850,16847,66181
1526909760,301.620,301.600,301.500,301.850,0,0
1526909820,301.650,301.270,301.270,301.650,0,0
1526909880,301.330,301.000,300.930,301.500,0,0
1526909940,300.670,300.690,300.580,300.690,0,0
1526910000,300.690,300.410,300.210,300.690,10450,83028
1526910060,300.680,300.830,300.290,300.830,0,0
1526910120,300.160,300.800,300.160,300.800,0,0
1526910180,301.440,301.030,301.030,301.440,0,0
1526910240,300.370,300.020,300.020,300.370,0,0
1526910300,300.450,300.400,300.000,300.460,11899,93478
1526910360,300.580,300.020,300.020,300.690,0,0
1526910420,300.280,300.500,300.280,300.500,0,0
1526910480,300.420,300.550,300.420,300.550,0,0
1526910540,300.560,300.480,300.480,300.560,0,0
1526910600,300.060,299.820,299.820,300.060,26712,105377
1526910660,299.860,299.860,299.860,299.860,0,0
1526910720,300.170,300.060,300.060,300.250,0,0
1526910780,300.060,300.680,300.060,300.680,0,0
1526910840,301.390,301.180,301.180,301.520,0,0
1526910900,300.990,301.150,300.970,301.150,23688,132089
1526910960,301.300,301.250,301.250,301.620,0,0
1526911020,301.100,301.100,301.100,301.100,0,0
1526911080,300.930,301.040,300.570,301.040,0,0
1526911140,301.180,301.200,301.170,301.550,0,0
1526911200,300.380,301.450,300.380,301.450,16364,155777
1526911260,301.300,301.450,301.300,301.450,0,0
1526911320,301.630,301.360,301.360,301.630,0,0
1526911380,301.140,301.320,301.110,301.320,0,0
1526911440,301.440,300.860,300.850,301.440,0,0
1526911500,300.850,300.070,300.070,300.850,9635,172141
1526911620,300.330,300.330,300.330,300.330,0,0
1526911680,300.330,300.490,300.330,300.490,0,0
1526911740,300.760,300.940,300.670,300.940,0,0
1526911800,301.130,300.790,300.790,301.130,4390,181776
1526911860,300.650,300.540,300.540,300.650,0,0
1526911920,300.780,300.560,300.560,300.780,0,0
1526912040,300.650,300.680,300.650,300.680,0,0
1526912100,300.900,300.990,300.900,300.990,13643,186166
1526912160,301.130,301.090,301.090,301.130,0,0
1526912220,300.930,301.690,300.930,301.690,0,0
1526912280,301.740,301.700,301.500,301.740,0,0
1526912340,301.310,301.720,301.310,301.720,0,0
1526912400,301.500,301.690,301.500,301.690,5484,199809
1526912460,301.500,301.690,301.500,301.690,0,0
1526912520,301.870,301.710,301.610,301.870,0,0
1526912580,301.600,301.690,301.360,301.690,0,0
1526912640,301.690,301.480,301.480,301.690,0,0
1526912700,301.740,301.750,301.740,301.750,11200,205293
1526912760,301.820,301.850,301.820,301.850,0,0
1526912820,301.870,301.870,301.870,301.870,0,0
1526912880,302.040,302.040,302.040,302.040,0,0
1526912940,302.500,302.580,302.440,302.790,0,0
1526913000,302.780,302.780,302.780,302.780,11391,216493
1526913060,302.560,302.420,302.420,302.700,0,0
1526913120,302.760,302.850,302.740,302.850,0,0
1526913180,302.900,302.740,302.740,302.900,0,0
1526913240,303.000,303.170,303.000,303.170,0,0
1526913300,303.050,302.880,302.870,303.050,5270,227884
1526913420,303.050,302.880,302.870,303.050,0,0
1526913480,302.910,303.180,302.800,303.180,0,0
1526913540,303.000,302.980,302.980,303.110,0,0
1526913600,302.700,302.700,302.700,302.700,8662,233154
1526913660,302.750,302.930,302.750,302.930,0,0
1526913720,303.060,303.070,303.060,303.070,0,0
1526913780,303.010,303.110,302.860,303.110,0,0
1526913840,302.910,303.180,302.910,303.180,0,0
1526913900,303.300,303.390,303.300,303.440,7440,241816
1526913960,303.090,303.090,303.090,303.090,0,0
1526914020,303.100,303.190,303.060,303.190,0,0
1526914080,303.260,303.140,303.140,303.260,0,0
1526914140,303.450,303.340,303.340,303.450,0,0
1526914200,303.630,303.810,303.630,304.000,18561,249256
1526914260,304.000,304.350,304.000,304.440,0,0
1526914320,304.460,304.380,304.380,304.590,0,0
1526914380,304.370,304.100,304.080,304.370,0,0
1526914440,304.110,304.260,304.100,304.420,0,0
1526914500,304.460,304.740,304.300,304.740,22286,267817
1526914560,304.710,304.790,304.710,304.990,0,0
1526914620,304.720,304.720,304.720,304.720,0,0
1526914680,304.730,304.670,304.670,304.760,0,0
1526914740,304.460,304.710,304.460,304.710,0,0
1526914800,304.660,304.620,304.620,304.680,8933,290103
1526914860,304.700,304.700,304.700,304.700,0,0
1526914920,304.550,304.490,304.490,304.550,0,0
1526914980,304.500,304.040,304.040,304.500,0,0
1526915040,304.110,304.110,304.110,304.110,0,0
1526915100,304.080,303.660,303.440,304.080,8580,299036
1526915160,304.080,303.660,303.440,304.080,0,0
1526915220,303.820,303.830,303.820,303.830,0,0
1526915280,304.020,303.910,303.910,304.260,0,0
1526915340,303.910,303.900,303.900,303.910,0,0
1526915400,303.790,303.790,303.790,303.790,6831,307616
1526915460,303.880,303.710,303.710,304.090,0,0
1526915520,303.540,303.210,303.210,303.540,0,0
1526915580,303.210,303.280,303.210,303.340,0,0
1526915640,303.250,303.000,302.840,303.250,0,0
1526915700,303.090,302.790,302.790,303.200,20489,314447
1526915760,302.930,303.100,302.930,303.100,0,0
1526915820,302.800,302.800,302.800,302.800,0,0
1526915880,302.700,302.650,302.630,302.700,0,0
1526915940,302.570,302.010,302.010,302.570,0,0
1526916000,302.170,302.630,302.170,302.630,14459,334936
1526916060,302.460,302.280,302.280,302.460,0,0
1526916120,302.160,302.260,302.160,302.260,0,0
1526916180,302.320,302.340,302.170,302.380,0,0
1526916240,302.160,302.000,301.930,302.160,0,0
1526916300,302.000,301.590,301.280,302.000,25745,349395
1526916360,301.100,301.310,300.750,301.310,0,0
1526916420,301.060,300.540,300.530,301.060,0,0
1526916480,300.950,300.820,300.790,300.950,0,0
1526916540,300.530,300.850,300.390,300.850,0,0
1526916600,300.520,300.800,300.520,300.890,9895,375140
1526916660,300.790,300.510,300.510,300.790,0,0
1526916720,300.780,300.720,300.580,300.820,0,0
1526916780,300.520,300.240,300.240,300.920,0,0
1526916840,300.240,300.180,300.180,300.450,0,0
1526916900,300.540,300.090,300.090,300.590,8064,385035
1526916960,300.450,300.700,300.450,300.700,0,0
1526917020,301.020,301.310,301.020,301.310,0,0
1526917080,301.180,300.980,300.980,301.180,0,0
1526917140,301.390,301.470,301.390,301.470,0,0
1526917200,301.330,301.630,301.330,301.630,5925,393099
1526917260,301.320,301.330,301.320,301.490,0,0
1526917320,301.470,301.340,301.340,301.470,0,0
1526917380,301.530,301.600,301.430,301.600,0,0
1526917440,301.600,301.610,301.600,301.790,0,0
1526917500,301.590,301.330,301.330,301.590,7157,399024
1526917560,301.620,301.870,301.580,301.870,0,0
1526917620,301.700,301.930,301.700,301.930,0,0
1526917680,301.850,301.850,301.850,301.850,0,0
1526917740,301.850,301.850,301.850,301.850,0,0
1526917800,301.800,301.760,301.760,301.970,4800,406181
1526917860,301.760,301.760,301.760,301.760,0,0
1526917920,301.970,301.840,301.840,301.970,0,0
1526918040,301.770,301.880,301.770,301.880,0,0
1526918100,301.890,301.960,301.790,301.960,14495,410981
1526918160,301.930,302.200,301.880,302.200,0,0
1526918220,302.200,302.050,301.990,302.200,0,0
1526918280,302.200,301.730,301.730,302.200,0,0
1526918340,301.830,301.830,301.830,301.830,0,0
1526918400,302.070,302.070,302.070,302.070,3220,425476
1526918460,301.800,301.640,301.640,301.800,0,0
1526918520,301.610,301.610,301.610,301.610,0,0
1526918580,301.640,301.780,301.640,301.780,0,0
1526918640,301.830,301.830,301.830,301.830,0,0
1526918700,301.740,301.550,301.510,301.840,5616,428696
1526918760,301.740,301.550,301.510,301.840,0,0
1526918820,301.680,301.680,301.680,301.680,0,0
1526918880,301.710,301.710,301.710,301.710,0,0
1526918940,301.800,301.780,301.780,301.800,0,0
1526919000,301.840,301.690,301.690,301.840,12508,434312
1526919120,302.000,301.860,301.860,302.000,0,0
1526919180,301.980,302.140,301.980,302.140,0,0
1526919240,302.150,302.150,302.150,302.150,0,0
1526919300,301.970,301.950,301.950,301.970,13698,446820
1526919360,302.120,302.260,302.120,302.260,0,0
1526919420,302.400,302.250,302.250,302.400,0,0
1526919480,302.240,302.560,302.240,302.560,0,0
1526919540,302.600,302.370,302.370,302.600,0,0
1526919600,302.360,302.260,302.260,302.360,14132,460518
1526919660,302.260,302.250,302.250,302.260,0,0
1526919720,302.350,302.350,302.350,302.350,0,0
1526919780,302.250,302.250,302.250,302.250,0,0
1526919840,302.140,302.140,302.140,302.140,0,0
1526919900,302.300,302.300,302.300,302.300,1768,474650
1526920080,302.300,302.300,302.300,302.300,0,0
1526920200,302.300,302.260,302.260,302.300,3760,476418
1526920260,302.260,301.910,301.910,302.260,0,0
1526920320,302.110,302.110,302.110,302.110,0,0
1526920380,302.190,302.190,302.190,302.190,0,0
1526920500,302.120,302.040,302.040,302.240,4887,480178
1526920560,301.910,301.850,301.840,302.010,0,0
1526920620,302.000,302.000,302.000,302.000,0,0
1526920680,301.950,301.950,301.950,301.950,0,0
1526920740,301.880,301.880,301.880,301.880,0,0
1526920800,301.860,301.860,301.860,301.860,5749,485065
1526920860,301.730,301.790,301.730,301.790,0,0
1526920920,301.730,301.950,301.730,301.970,0,0
1526920980,301.920,302.060,301.920,302.060,0,0
1526921100,302.000,301.980,301.980,302.000,10947,490814
1526921220,302.010,302.010,302.010,302.010,0,0
1526921280,301.890,301.740,301.740,301.890,0,0
1526921340,301.780,301.800,301.780,301.800,0,0
1526921400,301.820,301.900,301.820,301.910,11585,501761
1526921520,301.900,301.890,301.890,301.900,0,0
1526921580,301.890,302.040,301.890,302.040,0,0
1526921640,301.910,301.940,301.910,301.940,0,0
1526921700,302.250,302.300,302.130,302.300,7096,513346
1526921760,302.290,302.290,302.290,302.290,0,0
1526921820,302.870,302.810,302.810,302.870,0,0
1526921880,302.780,302.540,302.540,302.780,0,0
1526921940,302.400,302.200,302.200,302.400,0,0
1526922000,302.340,302.350,302.340,302.350,4201,520442
1526922060,302.480,302.480,302.480,302.480,0,0
1526922120,302.530,302.530,302.530,302.530,0,0
1526922240,302.500,302.500,302.500,302.500,0,0
1526922300,302.500,302.500,302.500,302.500,8496,524643
1526922360,302.500,302.500,302.500,302.500,0,0
1526922480,302.560,302.980,302.560,303.000,0,0
1526922540,303.220,303.000,303.000,303.220,0,0
1526922600,303.490,303.410,303.320,303.490,4067,533139
1526922660,303.200,303.200,303.200,303.200,0,0
1526922720,303.140,303.140,303.140,303.140,0,0
1526922780,303.590,303.550,303.550,303.590,0,0
1526922840,303.300,303.300,303.300,303.300,0,0
1526922900,303.380,303.370,303.370,303.380,8726,537206
1526922960,303.250,303.050,303.050,303.250,0,0
1526923020,303.050,303.040,303.040,303.050,0,0
1526923080,303.030,303.200,303.000,303.200,0,0
1526923140,303.210,303.210,303.210,303.210,0,0
1526923200,303.430,303.430,303.430,303.430,2667,545932
1526923320,303.050,303.050,303.050,303.050,0,0
1526923380,303.220,303.400,303.220,303.400,0,0
1526923440,303.390,303.170,303.170,303.390,0,0
1526923500,303.500,303.500,303.500,303.500,6264,548599
1526923620,303.500,303.350,303.350,303.500,0,0
1526923680,303.470,303.470,303.470,303.470,0,0
1526923740,303.490,303.480,303.480,303.490,0,0
1526923800,303.640,303.620,303.620,303.640,8470,554863
1526923860,303.640,303.620,303.620,303.640,0,0
1526923980,303.970,303.800,303.800,303.970,0,0
1526924040,303.990,303.810,303.550,303.990,0,0
1526924100,303.690,303.690,303.690,303.690,4109,563333
1526924160,303.850,303.850,303.850,303.850,0,0
1526924220,303.810,303.610,303.610,303.810,0,0
1526924280,303.530,303.530,303.530,303.530,0,0
1526924400,303.630,303.630,303.630,303.630,3585,567442
1526924520,303.900,303.830,303.830,303.900,0,0
1526924580,303.770,303.870,303.770,304.020,0,0
1526924640,303.900,303.990,303.900,303.990,0,0
1526924700,303.910,304.020,303.910,304.020,11179,571027
1526924760,303.900,303.950,303.870,303.950,0,0
1526924820,304.000,303.850,303.850,304.000,0,0
1526924880,303.870,303.820,303.750,303.870,0,0
1526924940,303.830,303.830,303.830,303.830,0,0
1526925000,303.810,303.810,303.810,303.810,5924,582206
1526925060,303.940,303.940,303.940,303.940,0,0
1526925180,303.810,303.400,303.400,303.930,0,0
1526925240,303.340,303.360,303.320,303.360,0,0
1526925300,303.530,303.530,303.530,303.530,8399,588130
1526925420,303.490,303.500,303.290,303.500,0,0
1526925480,303.490,303.560,303.490,303.670,0,0
1526925540,303.600,303.590,303.450,303.600,0,0
1526925600,303.380,303.210,303.210,303.530,5788,596529
1526925660,303.070,303.070,303.070,303.070,0,0
1526925720,303.140,303.000,303.000,303.140,0,0
1526925780,302.850,302.830,302.830,302.850,0,0
1526925840,302.840,302.910,302.840,302.910,0,0
1526925900,303.150,303.140,303.140,303.150,2890,602317
1526925960,303.010,303.010,303.010,303.010,0,0
1526926020,302.900,302.900,302.900,302.900,0,0
1526926080,303.080,303.250,303.080,303.250,0,0
1526926140,303.110,303.110,303.110,303.110,0,0
1526926200,303.110,303.250,303.110,303.250,6548,605207
1526926260,303.130,302.990,302.990,303.130,0,0
1526926320,302.910,302.640,302.640,302.910,0,0
1526926380,302.610,302.530,302.530,302.610,0,0
1526926440,302.450,302.450,302.450,302.450,0,0
1526926500,302.350,302.350,302.350,302.350,12246,611755
1526926560,302.540,302.540,302.540,302.540,0,0
1526926620,302.480,302.450,302.450,302.570,0,0
1526926680,302.370,302.420,302.300,302.440,0,0
1526926740,302.180,302.210,302.100,302.210,0,0
1526926800,302.100,302.000,301.970,302.100,6234,624001
1526926860,302.120,302.000,302.000,302.130,0,0
1526926920,302.120,301.850,301.850,302.120,0,0
1526927040,302.100,302.180,302.100,302.180,0,0
1526927100,302.130,302.050,302.050,302.130,5803,630235
1526927160,302.370,302.220,302.220,302.370,0,0
1526927220,302.100,302.260,302.100,302.260,0,0
1526927280,302.370,302.150,302.150,302.370,0,0
1526927340,302.050,302.100,302.050,302.260,0,0
1526927400,301.840,301.640,301.640,301.860,8916,636038
1526927460,301.750,301.750,301.750,301.750,0,0
1526927580,302.120,302.030,302.030,302.120,0,0
1526927640,301.900,301.980,301.900,301.980,0,0
1526927700,301.780,301.950,301.780,301.950,4118,644954
1526927760,301.780,301.950,301.780,301.950,0,0
1526927820,301.810,301.810,301.810,301.810,0,0
1526927880,302.210,302.090,302.090,302.210,0,0
1526927940,302.080,302.090,302.080,302.090,0,0
1526928000,302.040,302.040,302.040,302.040,4210,649072
1526928060,302.200,302.040,302.040,302.200,0,0
1526928120,301.900,301.900,301.900,301.900,0,0
1526928180,302.100,302.100,302.100,302.100,0,0
1526928300,302.000,302.080,302.000,302.130,11118,653282
1526928360,302.210,302.210,302.210,302.210,0,0
1526928420,302.080,302.210,302.080,302.210,0,0
1526928480,302.070,302.180,302.070,302.220,0,0
1526928540,302.180,302.010,302.010,302.180,0,0
1526928600,301.830,301.830,301.830,301.830,3309,664400
1526928660,301.850,301.850,301.850,301.850,0,0
1526928780,301.960,301.960,301.960,301.960,0,0
1526928840,302.110,302.100,302.100,302.110,0,0
1526928900,302.270,302.270,302.270,302.270,5344,667709
1526928960,302.270,302.270,302.270,302.270,0,0
1526929020,302.020,302.270,302.020,302.270,0,0
1526929080,302.060,302.060,302.060,302.060,0,0
1526929140,302.170,301.950,301.950,302.170,0,0
1526929200,301.920,301.670,301.620,301.920,4238,673053
1526929260,301.860,301.620,301.620,301.860,0,0
1526929320,301.860,301.860,301.860,301.860,0,0
1526929380,302.020,301.900,301.900,302.020,0,0
1526929440,301.830,301.830,301.830,301.830,0,0
1526929500,301.660,301.480,301.480,301.660,9197,677291
1526929560,301.300,301.300,301.300,301.300,0,0
1526929620,301.180,301.300,301.180,301.300,0,0
1526929680,301.150,301.010,301.010,301.200,0,0
1526929740,301.270,301.200,301.200,301.270,0,0
1526929800,301.020,301.200,301.020,301.200,8806,686488
1526929860,301.170,301.590,301.170,301.590,0,0
1526929920,301.460,301.460,301.460,301.460,0,0
1526929980,301.440,301.420,301.420,301.440,0,0
1526930040,301.460,301.460,301.460,301.460,0,0
1526930100,301.450,301.310,301.310,301.450,8266,695294
1526930160,301.410,301.360,301.360,301.410,0,0
1526930220,301.370,301.450,301.290,301.450,0,0
1526930280,301.280,301.060,301.060,301.280,0,0
1526930340,301.230,300.990,300.990,301.230,0,0
1526930400,301.230,301.120,301.120,301.230,5093,703560
1526930460,301.240,301.360,301.240,301.360,0,0
1526930520,301.260,301.260,301.260,301.260,0,0
1526930580,301.360,301.360,301.360,301.360,0,0
1526930640,301.280,301.320,301.280,301.320,0,0
1526930700,301.160,301.070,301.070,301.300,7392,708653
1526930760,301.250,301.030,301.030,301.250,0,0
1526930820,301.120,301.120,301.120,301.120,0,0
1526930880,301.230,301.150,301.150,301.360,0,0
1526930940,301.370,301.270,301.270,301.370,0,0
1526931000,301.360,301.480,301.360,301.480,15050,716045
1526931060,301.450,301.450,301.450,301.450,0,0
1526931120,301.340,301.270,301.270,301.360,0,0
1526931180,301.430,301.740,301.430,301.750,0,0
1526931240,301.740,301.680,301.680,301.740,0,0
1526931300,301.550,301.550,301.550,301.550,8298,731095
1526931360,301.500,301.500,301.500,301.500,0,0
1526931420,301.630,301.350,301.350,301.630,0,0
1526931480,301.530,301.350,301.350,301.530,0,0
1526931540,301.350,301.440,301.350,301.440,0,0
1526931600,301.490,301.500,301.490,301.630,11404,739393
1526931660,301.380,301.380,301.380,301.380,0,0
1526931720,301.530,301.480,301.350,301.530,0,0
1526931780,301.500,301.650,301.500,301.650,0,0
1526931840,301.660,301.540,301.540,301.660,0,0
1526931900,301.920,301.690,301.690,301.920,10002,750797
1526931960,301.810,301.900,301.710,301.920,0,0
1526932020,301.890,301.920,301.890,301.950,0,0
1526932080,301.990,302.080,301.990,302.080,0,0
1526932140,302.080,302.220,302.060,302.220,0,0
1526932200,302.410,302.590,302.410,302.640,20927,760799
1526932260,302.410,302.460,302.360,302.550,0,0
1526932320,302.370,302.560,302.370,302.560,0,0
1526932380,302.570,302.560,302.470,302.620,0,0
1526932440,302.730,302.690,302.690,302.810,0,0
1526932500,302.880,302.620,302.620,302.880,67861,781726
1526932560,302.550,302.460,302.460,302.550,0,0
1526932620,302.480,302.430,302.430,302.510,0,0
1526932680,302.470,302.410,302.410,302.470,0,0
1526932740,302.380,302.460,302.240,302.510,0,0
1526995800,306.110,305.250,305.010,306.110,53724,0
1526995860,305.130,304.440,304.260,305.130,0,0
1526995920,304.560,304.630,304.560,304.640,0,0
1526995980,304.900,305.500,304.900,305.500,0,0
1526996040,305.020,304.490,304.180,305.020,0,0
1526996100,304.000,304.080,303.820,304.180,31448,53724
1526996160,303.790,303.990,303.790,304.140,0,0
1526996220,303.550,301.400,301.060,303.550,0,0
1526996280,301.210,301.230,301.070,301.630,0,0
1526996340,301.550,302.040,301.530,302.040,0,0
1526996400,302.380,300.520,300.520,302.380,34170,85172
1526996460,300.940,299.750,299.750,300.940,0,0
1526996520,300.070,299.030,299.030,300.070,0,0
1526996580,299.380,299.150,299.150,299.450,0,0
1526996640,299.510,298.040,298.040,299.510,0,0
1526996700,298.900,298.340,298.130,299.200,24877,119342
1526996760,298.520,297.680,297.680,298.550,0,0
1526996820,298.000,298.010,297.690,298.010,0,0
1526996880,298.410,298.490,298.410,298.490,0,0
1526996940,298.250,298.100,298.100,298.250,0,0
1526997000,298.300,298.170,297.620,298.300,24657,144219
1526997060,298.090,297.540,296.490,298.090,0,0
1526997120,297.380,297.060,297.060,297.600,0,0
1526997180,296.990,297.670,296.750,297.710,0,0
1526997240,297.790,297.760,297.760,297.790,0,0
1526997300,298.000,297.630,297.630,298.100,21696,168876
1526997360,297.500,297.000,297.000,297.500,0,0
1526997420,296.600,296.790,296.600,296.980,0,0
1526997480,296.600,296.140,296.140,296.600,0,0
1526997540,296.160,295.610,295.490,296.160,0,0
1526997600,295.890,295.870,295.250,295.890,39678,190572
1526997660,295.940,295.220,295.220,296.110,0,0
1526997720,294.750,295.060,294.710,295.230,0,0
1526997780,295.180,294.760,294.700,295.180,0,0
1526997840,294.900,295.500,294.900,295.560,0,0
1526997900,295.680,295.970,295.580,295.970,27130,230250
1526997960,296.140,296.600,296.140,297.000,0,0
1526998020,296.110,296.570,296.110,296.830,0,0
1526998080,296.860,296.240,296.240,296.860,0,0
1526998140,296.430,296.160,296.160,296.500,0,0
1526998200,296.890,297.000,296.890,297.000,18301,257380
1526998260,296.860,296.740,296.740,297.120,0,0
1526998320,296.470,296.360,296.010,296.470,0,0
1526998380,296.170,296.650,296.170,296.650,0,0
1526998440,296.280,296.460,296.280,296.460,0,0
1526998500,295.670,295.210,295.210,295.670,35358,275681
1526998560,295.120,294.920,294.220,295.120,0,0
1526998620,294.310,294.420,294.150,294.530,0,0
1526998680,294.600,294.570,294.300,294.650,0,0
1526998740,294.450,294.270,294.170,294.610,0,0
1526998800,294.380,294.000,294.000,294.670,21499,311039
1526998860,294.700,294.490,294.490,294.720,0,0
1526998920,294.700,295.500,294.700,295.500,0,0
1526998980,295.250,295.070,295.070,295.250,0,0
1526999040,294.840,294.760,294.760,294.840,0,0
1526999100,294.760,294.490,294.490,294.760,6581,332538
1526999160,294.930,294.900,294.900,294.930,0,0
1526999220,294.510,294.870,294.510,294.870,0,0
1526999280,294.860,295.060,294.860,295.130,0,0
1526999340,295.000,295.010,295.000,295.010,0,0
1526999400,294.920,294.770,294.770,295.220,10196,339119
1526999460,294.820,295.230,294.820,295.410,0,0
1526999520,295.300,294.940,294.940,295.300,0,0
1526999580,294.820,295.150,294.820,295.150,0,0
1526999640,294.810,295.730,294.810,295.730,0,0
1526999700,296.120,295.360,295.320,296.120,13357,349315
1526999760,295.400,295.550,295.400,295.550,0,0
1526999820,295.560,295.610,295.560,295.610,0,0
1526999880,295.600,295.880,295.600,295.910,0,0
1526999940,296.110,296.480,295.930,296.480,0,0
1527000000,296.710,297.000,296.710,297.000,13811,362672
1527000060,297.180,296.930,296.800,297.180,0,0
1527000120,297.000,297.030,297.000,297.200,0,0
1527000180,297.060,297.000,297.000,297.090,0,0
1527000240,297.200,297.000,297.000,297.200,0,0
1527000300,297.200,297.150,297.150,297.200,7641,376483
1527000360,297.000,297.000,297.000,297.000,0,0
1527000420,296.980,297.040,296.980,297.040,0,0
1527000480,297.140,296.950,296.950,297.140,0,0
1527000540,297.210,297.450,297.210,297.550,0,0
1527000600,298.140,298.320,298.140,298.350,5910,384124
1527000660,298.310,298.130,298.060,298.500,0,0
1527000720,297.920,297.920,297.920,297.920,0,0
1527000780,297.780,297.740,297.740,297.810,0,0
1527000840,297.820,297.430,297.430,297.820,0,0
1527000900,297.370,297.480,297.270,297.480,12290,390034
1527000960,297.020,296.580,296.580,297.020,0,0
1527001020,296.990,296.770,296.770,297.040,0,0
1527001080,297.000,297.000,297.000,297.000,0,0
1527001140,296.770,296.770,296.770,296.770,0,0
1527001200,296.790,297.190,296.790,297.190,3528,402324
1527001260,297.090,297.090,297.090,297.090,0,0
1527001320,297.120,297.120,297.120,297.120,0,0
1527001380,297.180,297.180,297.180,297.180,0,0
1527001440,297.350,297.580,297.350,297.580,0,0
1527001500,297.740,297.950,297.540,297.950,7155,405852
1527001560,297.720,297.230,297.230,297.720,0,0
1527001620,297.440,297.450,297.440,297.450,0,0
1527001680,297.460,297.180,297.180,297.460,0,0
1527001740,296.990,297.000,296.990,297.000,0,0
1527001800,296.920,297.120,296.920,297.120,3997,413007
1527001860,297.240,297.240,297.240,297.240,0,0
1527001920,297.020,296.860,296.860,297.100,0,0
1527001980,297.120,297.200,297.120,297.200,0,0
1527002040,297.330,297.330,297.330,297.330,0,0
1527002100,297.350,297.260,297.250,297.350,14577,417004
1527002160,297.360,297.250,297.250,297.360,0,0
1527002220,297.400,297.340,297.190,297.400,0,0
1527002280,297.420,297.200,297.200,297.420,0,0
1527002340,297.060,297.150,296.930,297.190,0,0
1527002400,297.450,297.330,297.330,297.490,8119,431581
1527002460,297.440,297.190,297.190,297.440,0,0
1527002520,297.110,297.110,297.110,297.110,0,0
1527002580,297.250,297.050,297.050,297.250,0,0
1527002640,297.000,297.070,297.000,297.070,0,0
1527002700,297.200,296.920,296.920,297.200,11598,439700
1527002760,297.000,296.990,296.990,297.000,0,0
1527002820,296.750,296.850,296.740,296.850,0,0
1527002880,296.880,296.850,296.750,296.880,0,0
1527002940,297.170,296.950,296.950,297.170,0,0
1527003000,296.560,296.680,296.560,296.750,5211,451298
1527003060,296.560,296.680,296.560,296.750,0,0
1527003120,296.720,296.720,296.720,296.720,0,0
1527003180,296.720,296.710,296.710,296.720,0,0
1527003240,296.710,296.710,296.710,296.710,0,0
1527003300,296.810,296.870,296.810,296.870,10417,456509
1527003360,297.140,297.140,297.140,297.140,0,0
1527003420,296.990,297.250,296.990,297.250,0,0
1527003480,297.100,297.190,297.100,297.190,0,0
1527003540,297.330,297.200,297.200,297.330,0,0
1527003600,297.240,297.600,297.230,297.680,10619,466926
1527003660,297.610,297.430,297.430,297.900,0,0
1527003720,297.560,297.830,297.560,297.830,0,0
1527003840,297.750,297.860,297.600,297.910,0,0
1527003900,297.510,297.850,297.510,297.850,6596,477545
1527003960,297.300,297.300,297.300,297.300,0,0
1527004020,297.000,297.250,297.000,297.250,0,0
1527004080,297.000,297.000,297.000,297.000,0,0
1527004140,297.040,297.040,297.040,297.040,0,0
1527004200,297.140,297.140,297.140,297.140,5103,484141
1527004260,296.980,296.980,296.980,296.980,0,0
1527004320,297.040,297.040,297.040,297.040,0,0
1527004380,297.210,297.480,297.210,297.480,0,0
1527004440,297.260,297.320,297.260,297.480,0,0
1527004500,297.300,297.450,297.300,297.450,4717,489244
1527004560,297.340,297.710,297.340,297.710,0,0
1527004620,297.580,297.580,297.580,297.580,0,0
1527004680,297.480,297.580,297.480,297.580,0,0
1527004800,297.680,297.760,297.680,297.760,3819,493961
1527004980,297.850,297.850,297.850,297.850,0,0
1527005040,297.730,297.870,297.730,297.870,0,0
1527005100,297.850,298.270,297.850,298.290,8232,497780
1527005160,298.030,298.030,298.030,298.030,0,0
1527005280,298.210,298.210,298.210,298.210,0,0
1527005340,298.460,298.410,298.300,298.490,0,0
1527005400,298.490,298.250,298.230,298.490,2305,506012
1527005460,298.260,298.260,298.260,298.260,0,0
1527005520,298.200,298.200,298.200,298.200,0,0
1527005580,298.130,298.130,298.130,298.130,0,0
1527005700,298.200,297.990,297.990,298.200,6425,508317
1527005760,298.200,297.990,297.990,298.200,0,0
1527005880,298.000,297.870,297.870,298.000,0,0
1527005940,297.560,297.690,297.560,297.690,0,0
1527006000,297.490,296.980,296.980,297.490,3802,514742
1527006180,297.490,296.980,296.980,297.490,0,0
1527006240,296.970,297.050,296.970,297.050,0,0
1527006300,297.160,296.950,296.950,297.160,5162,518544
1527006360,296.980,296.920,296.920,296.980,0,0
1527006420,296.990,297.090,296.990,297.090,0,0
1527006480,297.010,296.770,296.770,297.010,0,0
1527006600,296.940,297.160,296.940,297.160,6102,523706
1527006720,296.700,296.780,296.690,296.780,0,0
1527006840,296.570,296.570,296.570,296.570,0,0
1527006900,296.790,296.790,296.790,296.790,2647,529808
1527006960,296.890,296.890,296.890,296.890,0,0
1527007020,297.090,297.090,297.090,297.090,0,0
1527007080,297.290,297.000,296.880,297.290,0,0
1527007200,297.010,296.850,296.770,297.010,6883,532455
1527007260,296.770,296.770,296.770,296.770,0,0
1527007320,297.080,297.080,297.080,297.080,0,0
1527007440,297.010,297.010,297.010,297.010,0,0
1527007500,297.200,297.120,297.120,297.230,3799,539338
1527007560,297.200,297.120,297.120,297.230,0,0
1527007620,297.120,297.120,297.120,297.120,0,0
1527007680,297.220,297.240,297.220,297.240,0,0
1527007800,296.940,296.940,296.940,296.940,2454,543137
1527007860,296.940,296.940,296.940,296.940,0,0
1527007920,296.850,296.850,296.850,296.850,0,0
1527007980,296.970,297.120,296.970,297.120,0,0
1527008040,297.320,297.220,297.220,297.320,0,0
1527008100,297.380,297.380,297.380,297.380,4537,545591
1527008280,297.360,297.260,297.160,297.360,0,0
1527008340,297.150,296.810,296.710,297.150,0,0
1527008400,297.020,297.010,297.010,297.020,3061,550128
1527008460,297.020,297.010,297.010,297.020,0,0
1527008700,296.950,296.770,296.770,296.950,1544,553189
1527008760,296.780,296.780,296.780,296.780,0,0
1527008940,296.840,296.840,296.840,296.840,0,0
1527009000,296.730,296.870,296.730,296.870,2266,554733
1527009120,296.850,296.850,296.850,296.850,0,0
1527009240,296.810,296.810,296.810,296.810,0,0
1527009300,296.730,296.810,296.730,296.830,3248,556999
1527009360,296.810,296.760,296.760,296.850,0,0
1527009420,296.930,296.930,296.930,296.930,0,0
1527009480,296.700,296.700,296.700,296.700,0,0
1527009600,296.720,296.630,296.630,296.720,3661,560247
1527009660,296.700,296.700,296.700,296.700,0,0
1527009840,296.720,296.720,296.720,296.720,0,0
1527009900,296.750,296.780,296.750,296.820,3300,563908
1527010020,296.900,296.880,296.880,296.900,0,0
1527010080,296.850,297.040,296.850,297.040,0,0
1527010200,297.270,297.140,297.140,297.270,3906,567208
1527010380,296.870,296.870,296.870,296.870,0,0
1527010440,296.870,296.870,296.870,296.870,0,0
1527010500,296.930,296.930,296.930,296.930,4195,571114
1527010680,296.930,296.930,296.930,296.930,0,0
1527010740,296.700,296.690,296.690,296.700,0,0
1527010800,296.900,296.900,296.900,296.900,2128,575309
1527010860,296.780,296.870,296.680,296.870,0,0
1527010980,296.690,296.690,296.690,296.690,0,0
1527011040,296.690,296.690,296.690,296.690,0,0
1527011100,296.550,296.550,296.550,296.550,3652,577437
1527011220,296.550,296.550,296.550,296.550,0,0
1527011280,296.670,296.670,296.670,296.670,0,0
1527011400,296.800,296.800,296.800,296.800,4393,581089
1527011460,296.890,296.890,296.890,296.890,0,0
1527011520,296.960,296.960,296.960,296.960,0,0
1527011580,297.000,297.000,297.000,297.000,0,0
1527011640,297.000,297.000,297.000,297.000,0,0
1527011700,297.000,297.000,297.000,297.000,11410,585482
1527011760,296.960,296.960,296.960,296.960,0,0
1527011820,296.810,296.810,296.810,296.810,0,0
1527011880,296.810,296.330,296.330,296.820,0,0
1527011940,296.150,295.870,295.700,296.170,0,0
1527012000,295.990,295.990,295.990,295.990,3541,596892
1527012060,295.970,295.970,295.970,295.970,0,0
1527012120,295.960,295.960,295.960,295.960,0,0
1527012180,296.090,296.250,296.090,296.250,0,0
1527012240,296.460,296.460,296.460,296.460,0,0
1527012300,296.440,296.500,296.440,296.500,3671,600433
1527012360,296.510,296.510,296.510,296.510,0,0
1527012420,296.500,296.420,296.420,296.620,0,0
1527012480,296.500,296.500,296.500,296.500,0,0
1527012540,296.400,296.450,296.400,296.450,0,0
1527012600,296.400,296.400,296.400,296.400,3185,604104
1527012720,296.350,296.390,296.350,296.390,0,0
1527012780,296.390,296.260,296.260,296.390,0,0
1527012840,295.910,295.910,295.910,295.910,0,0
1527012900,295.950,295.950,295.950,295.950,5891,607289
1527012960,295.840,295.880,295.840,295.960,0,0
1527013020,296.000,296.360,296.000,296.360,0,0
1527013080,296.180,296.300,296.180,296.300,0,0
1527013140,296.350,296.350,296.350,296.350,0,0
1527013500,296.440,296.320,296.320,296.520,8156,613180
1527013560,296.440,296.320,296.320,296.520,0,0
1527013620,296.330,296.560,296.330,296.560,0,0
1527013680,296.610,296.340,296.340,296.610,0,0
1527013740,296.470,296.400,296.400,296.470,0,0
1527013800,296.350,296.350,296.350,296.350,6486,621336
1527013920,296.320,296.520,296.320,296.520,0,0
1527013980,296.580,296.730,296.580,296.730,0,0
1527014040,296.740,296.990,296.740,296.990,0,0
1527014100,297.300,297.330,297.300,297.330,5596,627822
1527014160,297.070,297.070,297.070,297.070,0,0
1527014220,296.930,296.900,296.900,296.930,0,0
1527014280,296.790,296.790,296.790,296.790,0,0
1527014400,296.990,296.990,296.990,296.990,3194,633418
1527014460,297.030,297.030,297.030,297.030,0,0
1527014520,297.000,297.170,297.000,297.170,0,0
1527014700,297.110,297.110,297.110,297.110,2840,636612
1527014760,297.110,297.110,297.110,297.110,0,0
1527014820,297.130,297.130,297.130,297.130,0,0
1527015000,297.250,297.100,297.100,297.250,6633,639452
1527015120,297.290,297.070,297.070,297.290,0,0
1527015180,297.010,297.010,297.010,297.010,0,0
1527015240,297.040,297.100,297.040,297.180,0,0
1527015300,297.010,297.100,296.990,297.100,15264,646085
1527015360,296.750,296.830,296.700,296.830,0,0
1527015420,296.610,296.690,296.610,296.710,0,0
1527015480,296.810,296.990,296.810,296.990,0,0
1527015600,296.930,296.960,296.930,296.960,5207,661349
1527015660,297.170,297.030,297.030,297.170,0,0
1527015720,297.130,297.130,297.130,297.130,0,0
1527015780,297.150,296.970,296.970,297.150,0,0
1527015840,296.930,296.880,296.880,296.930,0,0
1527015900,296.750,296.750,296.750,296.750,4999,666556
1527016020,296.940,296.940,296.940,296.940,0,0
1527016140,297.120,296.750,296.750,297.120,0,0
1527016200,296.750,296.680,296.680,296.750,3879,671555
1527016320,296.910,296.910,296.910,296.910,0,0
1527016380,296.890,297.270,296.890,297.270,0,0
1527016440,297.420,297.390,297.390,297.470,0,0
1527016500,297.460,297.320,297.320,297.460,11043,675434
1527016560,297.300,297.600,297.300,297.600,0,0
1527016620,297.600,297.540,297.540,297.600,0,0
1527016680,297.430,297.600,297.380,297.600,0,0
1527016740,297.540,297.650,297.500,297.780,0,0
1527016800,297.490,297.620,297.490,297.620,10031,686477
1527016860,297.520,297.410,297.410,297.520,0,0
1527016920,297.610,297.380,297.380,297.610,0,0
1527016980,297.700,297.630,297.630,297.700,0,0
1527017040,297.760,297.490,297.490,297.760,0,0
1527017100,297.380,297.600,297.380,297.600,4533,696508
1527017160,297.700,297.700,297.700,297.700,0,0
1527017280,297.660,297.660,297.660,297.660,0,0
1527017340,297.520,297.560,297.520,297.560,0,0
1527017400,297.000,296.950,296.920,297.190,9456,701041
1527017460,296.960,297.110,296.960,297.110,0,0
1527017640,296.980,297.000,296.980,297.090,0,0
1527017700,297.150,297.150,297.150,297.150,6467,710497
1527017760,297.010,297.200,297.010,297.200,0,0
1527017820,297.290,297.200,297.200,297.290,0,0
1527017940,297.350,297.190,297.190,297.350,0,0
1527018000,297.240,297.430,297.220,297.430,9873,716964
1527018060,297.490,297.570,297.490,297.570,0,0
1527018120,297.630,297.520,297.520,297.630,0,0
1527018240,297.530,297.710,297.530,297.710,0,0
1527018300,297.580,297.350,297.350,297.580,11762,726837
1527018360,297.500,297.410,297.400,297.500,0,0
1527018420,297.410,297.490,297.400,297.500,0,0
1527018480,297.380,297.380,297.380,297.380,0,0
1527018540,297.370,297.370,297.370,297.370,0,0
1527018600,297.280,297.430,297.280,297.480,21743,738599
1527018660,297.380,297.250,297.210,297.380,0,0
1527018720,297.310,297.190,297.140,297.310,0,0
1527018780,297.280,297.230,297.100,297.280,0,0
1527018840,297.260,297.510,297.250,297.590,0,0
1527018900,297.590,297.630,297.580,297.630,90169,760342
1527018960,297.660,297.540,297.540,297.710,0,0
1527019020,297.670,297.480,297.390,297.670,0,0
1527019080,297.460,297.990,297.460,297.990,0,0
1527019140,298.040,297.860,297.860,298.340,0,0
1527082200,297.540,298.600,297.540,298.600,61072,0
1527082260,297.210,297.960,297.210,298.420,0,0
1527082320,298.360,299.920,298.360,299.920,0,0
1527082380,299.620,299.080,299.080,299.940,0,0
1527082440,299.960,299.460,299.190,299.960,0,0
1527082500,299.890,299.810,299.320,299.890,38359,61072
1527082560,300.110,300.600,300.110,300.600,0,0
1527082620,300.600,299.700,299.580,300.900,0,0
1527082680,299.620,300.860,299.620,300.950,0,0
1527082740,301.120,302.170,300.880,302.460,0,0
1527082800,302.010,300.890,300.880,302.250,33709,99431
1527082860,300.610,300.110,300.000,300.850,0,0
1527082920,300.660,299.950,299.950,300.660,0,0
1527082980,300.380,300.380,300.380,300.380,0,0
1527083040,300.170,300.510,300.000,300.630,0,0
1527083100,300.580,300.560,300.330,301.150,18149,133140
1527083160,300.170,300.370,300.170,300.370,0,0
1527083220,300.150,299.560,299.560,300.400,0,0
1527083280,299.860,299.910,299.860,299.910,0,0
1527083340,299.760,299.660,299.570,299.760,0,0
1527083400,300.060,300.260,300.060,300.260,24086,151289
1527083460,300.230,300.520,300.230,300.520,0,0
1527083520,301.000,301.930,301.000,301.930,0,0
1527083580,301.660,301.340,301.340,301.800,0,0
1527083640,301.800,302.500,301.580,302.750,0,0
1527083700,302.560,302.590,301.980,302.590,15384,175375
1527083760,302.340,302.500,302.250,302.500,0,0
1527083820,302.260,302.260,302.260,302.260,0,0
1527083880,302.430,302.460,302.430,302.580,0,0
1527083940,302.540,302.400,302.400,302.540,0,0
1527084000,302.280,302.380,302.280,302.380,28421,190759
1527084060,302.450,302.700,302.450,303.420,0,0
1527084120,302.670,302.510,302.170,302.840,0,0
1527084180,302.660,302.380,302.220,302.660,0,0
1527084240,302.240,301.590,301.590,302.240,0,0
1527084300,301.800,302.040,301.650,302.040,20112,219180
1527084360,302.000,302.340,302.000,302.340,0,0
1527084420,302.790,302.820,302.770,302.820,0,0
1527084480,302.900,303.470,302.900,303.470,0,0
1527084540,303.590,303.650,303.590,303.790,0,0
1527084600,303.640,303.640,303.640,303.640,19232,239292
1527084660,303.640,303.630,303.630,303.720,0,0
1527084720,303.760,303.940,303.760,303.940,0,0
1527084780,303.930,304.820,303.930,304.820,0,0
1527084840,304.800,304.490,304.240,304.800,0,0
1527084900,304.560,304.990,304.560,305.000,30489,258524
1527084960,304.690,304.670,304.670,305.000,0,0
1527085020,304.610,304.620,304.610,305.000,0,0
1527085080,304.710,304.860,304.710,305.000,0,0
1527085140,304.860,305.000,304.850,305.000,0,0
1527085200,305.020,305.000,305.000,305.020,16090,289013
1527085260,304.960,304.950,304.950,304.960,0,0
1527085320,305.050,305.060,305.030,305.060,0,0
1527085380,305.150,305.380,305.030,305.380,0,0
1527085440,305.440,305.190,305.190,305.490,0,0
1527085500,305.440,305.540,305.440,305.540,23172,305103
1527085560,305.020,305.170,305.020,305.430,0,0
1527085620,305.270,305.020,304.880,305.270,0,0
1527085680,304.500,304.280,304.000,304.500,0,0
1527085740,304.620,305.060,304.620,305.060,0,0
1527085800,305.150,304.450,304.450,305.150,15937,328275
1527085860,304.690,304.690,304.690,304.690,0,0
1527085920,304.570,303.950,303.950,304.570,0,0
1527085980,303.860,303.550,303.340,303.860,0,0
1527086040,303.780,303.750,303.750,304.060,0,0
1527086100,303.960,304.330,303.960,304.330,7951,344212
1527086160,304.540,304.320,304.320,304.540,0,0
1527086220,304.360,304.360,304.360,304.360,0,0
1527086280,304.260,304.350,304.150,304.350,0,0
1527086340,304.510,304.540,304.510,304.540,0,0
1527086400,304.760,304.520,304.520,304.760,7578,352163
1527086460,304.120,304.330,303.880,304.330,0,0
1527086520,304.110,304.110,304.110,304.110,0,0
1527086580,304.280,304.200,303.950,304.280,0,0
1527086640,304.380,304.380,304.380,304.380,0,0
1527086700,304.680,304.730,304.680,304.730,12238,359741
1527086760,304.680,304.730,304.680,304.730,0,0
1527086820,304.900,305.070,304.730,305.070,0,0
1527086880,305.010,305.010,305.010,305.010,0,0
1527086940,305.200,305.250,305.170,305.290,0,0
1527087000,305.230,304.750,304.750,305.230,19058,371979
1527087060,305.000,304.650,304.650,305.000,0,0
1527087120,304.420,304.470,304.270,304.470,0,0
1527087180,304.500,304.850,304.500,304.850,0,0
1527087240,304.440,304.370,304.370,304.610,0,0
1527087300,304.490,304.460,304.240,304.490,10136,391037
1527087360,304.490,304.460,304.240,304.490,0,0
1527087420,304.320,304.400,304.320,304.400,0,0
1527087480,304.330,304.500,304.330,304.500,0,0
1527087540,304.500,304.500,304.500,304.500,0,0
1527087600,304.320,304.270,304.090,304.320,19207,401173
1527087660,304.350,304.040,304.040,304.350,0,0
1527087720,304.050,304.340,304.050,304.340,0,0
1527087780,304.290,304.420,304.290,304.520,0,0
1527087840,304.430,304.740,304.430,304.740,0,0
1527087900,304.410,304.110,304.110,304.410,11922,420380
1527087960,304.540,304.310,304.310,304.540,0,0
1527088080,304.580,304.680,304.580,304.770,0,0
1527088140,304.680,304.830,304.680,304.830,0,0
1527088200,304.730,304.730,304.730,304.730,6899,432302
1527088260,304.930,304.650,304.650,304.930,0,0
1527088380,304.570,304.780,304.440,304.780,0,0
1527088440,304.440,304.580,304.440,304.580,0,0
1527088500,304.560,304.760,304.560,304.760,9833,439201
1527088620,305.000,304.910,304.910,305.000,0,0
1527088680,304.960,304.910,304.910,304.960,0,0
1527088740,305.000,304.930,304.700,305.000,0,0
1527088800,304.970,305.000,304.970,305.110,32108,449034
1527088860,305.000,304.990,304.940,305.000,0,0
1527088920,304.990,305.360,304.990,305.550,0,0
1527088980,305.540,305.670,305.360,305.730,0,0
1527089040,305.530,305.540,305.530,305.540,0,0
1527089100,305.700,306.470,305.700,306.470,21876,481142
1527089160,306.750,306.170,306.060,306.750,0,0
1527089220,306.150,305.500,305.500,306.150,0,0
1527089280,305.640,305.640,305.640,305.640,0,0
1527089340,305.420,305.360,305.360,305.420,0,0
1527089400,305.540,304.940,304.940,305.540,8499,503018
1527089460,305.310,305.310,305.310,305.310,0,0
1527089580,305.140,305.150,305.140,305.280,0,0
1527089640,305.350,305.470,305.350,305.710,0,0
1527089700,305.560,306.090,305.560,306.090,12553,511517
1527089760,306.020,305.680,305.680,306.020,0,0
1527089820,305.290,305.290,305.290,305.290,0,0
1527089880,305.520,305.250,305.250,305.520,0,0
1527089940,305.240,305.560,305.230,305.560,0,0
1527090000,305.440,305.440,305.440,305.440,5505,524070
1527090060,305.580,305.870,305.580,305.870,0,0
1527090120,305.670,305.260,305.260,305.670,0,0
1527090240,305.760,306.140,305.760,306.140,0,0
1527090300,305.810,305.810,305.810,305.810,9384,529575
1527090360,305.870,305.870,305.870,305.870,0,0
1527090420,305.770,306.080,305.770,306.080,0,0
1527090480,306.390,305.710,305.710,306.390,0,0
1527090540,305.840,305.840,305.840,305.840,0,0
1527090600,306.390,306.080,306.080,306.460,5296,538959
1527090660,305.920,305.920,305.920,305.920,0,0
1527090720,305.870,305.930,305.870,305.930,0,0
1527090840,305.930,306.100,305.930,306.130,0,0
1527090900,305.840,305.840,305.840,305.840,10601,544255
1527090960,305.630,305.840,305.600,305.840,0,0
1527091080,305.640,305.480,305.480,305.850,0,0
1527091140,304.690,304.520,304.520,304.890,0,0
1527091200,304.290,304.380,304.190,304.380,8379,554856
1527091260,304.290,304.380,304.190,304.380,0,0
1527091320,304.500,304.420,304.420,304.600,0,0
1527091380,304.000,304.000,304.000,304.000,0,0
1527091440,303.660,303.660,303.660,303.660,0,0
1527091500,303.650,304.450,303.650,304.450,6633,563235
1527091560,304.340,304.340,304.340,304.340,0,0
1527091620,304.300,304.300,304.300,304.300,0,0
1527091680,304.480,304.480,304.480,304.480,0,0
1527091740,304.350,304.350,304.350,304.350,0,0
1527091800,304.660,304.470,304.190,304.660,9520,569868
1527091860,304.440,304.440,304.440,304.440,0,0
1527091980,304.270,304.200,304.200,304.270,0,0
1527092040,304.340,304.340,304.340,304.340,0,0
1527092100,304.320,304.350,304.320,304.350,4309,579388
1527092160,304.290,304.290,304.290,304.290,0,0
1527092220,304.430,304.230,304.230,304.430,0,0
1527092280,304.350,304.250,304.250,304.350,0,0
1527092340,304.250,304.270,304.250,304.270,0,0
1527092400,304.150,304.000,304.000,304.150,8160,583697
1527092520,303.570,303.560,303.560,303.570,0,0
1527092580,303.370,303.360,303.360,303.370,0,0
1527092640,303.180,303.160,303.160,303.300,0,0
1527092700,303.160,303.300,303.160,303.300,9120,591857
1527092760,303.380,303.530,303.380,303.530,0,0
1527092820,303.510,303.460,303.460,303.510,0,0
1527092880,303.470,303.500,303.470,303.630,0,0
1527092940,303.340,303.340,303.340,303.340,0,0
1527093000,303.440,303.440,303.440,303.440,2429,600977
1527093120,303.450,303.440,303.440,303.450,0,0
1527093180,303.550,303.550,303.550,303.550,0,0
1527093300,303.470,303.620,303.470,303.620,12930,603406
1527093360,303.730,303.860,303.730,303.860,0,0
1527093420,303.920,304.000,303.920,304.000,0,0
1527093480,303.940,304.170,303.940,304.170,0,0
1527093540,304.220,304.190,304.030,304.220,0,0
1527093600,304.440,304.620,304.440,304.620,8032,616336
1527093660,304.460,304.460,304.460,304.460,0,0
1527093720,304.450,304.450,304.450,304.450,0,0
1527093780,304.560,304.560,304.560,304.560,0,0
1527093840,305.350,305.050,305.050,305.350,0,0
1527093900,305.070,305.350,305.020,305.350,4515,624368
1527093960,305.350,305.360,305.350,305.360,0,0
1527094020,305.200,305.190,305.190,305.200,0,0
1527094080,305.260,305.220,305.100,305.260,0,0
1527094140,305.270,305.270,305.270,305.270,0,0
1527094200,305.340,305.370,305.340,305.370,11758,628883
1527094260,305.540,305.580,305.540,305.580,0,0
1527094320,305.560,305.570,305.560,305.570,0,0
1527094380,305.370,305.140,305.140,305.600,0,0
1527094440,305.350,305.480,305.350,305.480,0,0
1527094500,305.360,305.340,305.340,305.360,5379,640641
1527094560,305.360,305.340,305.340,305.360,0,0
1527094620,305.470,305.470,305.470,305.470,0,0
1527094680,305.640,305.900,305.640,305.970,0,0
1527094740,305.500,305.500,305.500,305.500,0,0
1527094800,305.730,305.730,305.730,305.730,2800,646020
1527094860,305.490,305.490,305.490,305.490,0,0
1527094920,305.390,305.280,305.280,305.390,0,0
1527095040,305.240,305.740,305.040,305.740,0,0
1527095100,305.370,305.570,305.370,305.570,5960,648820
1527095160,305.370,305.570,305.370,305.570,0,0
1527095220,305.580,305.350,305.350,305.600,0,0
1527095280,305.310,305.160,305.160,305.310,0,0
1527095400,304.720,304.540,304.540,305.010,3018,654780
1527095520,304.620,304.440,304.440,304.620,0,0
1527095580,304.660,304.650,304.650,304.660,0,0
1527095700,304.370,304.510,304.350,304.510,7447,657798
1527095760,304.690,304.590,304.590,304.690,0,0
1527095820,304.550,304.590,304.550,304.590,0,0
1527095940,304.920,304.610,304.610,304.920,0,0
1527096000,304.670,304.700,304.670,304.700,7830,665245
1527096060,304.770,304.780,304.630,304.780,0,0
1527096120,304.990,304.990,304.990,304.990,0,0
1527096180,304.750,304.500,304.500,304.750,0,0
1527096240,304.540,304.540,304.540,304.540,0,0
1527096300,304.330,304.150,304.150,304.330,9538,673075
1527096360,304.500,304.500,304.500,304.500,0,0
1527096420,304.200,303.970,303.910,304.220,0,0
1527096480,304.230,304.390,304.230,304.400,0,0
1527096540,304.230,304.380,304.210,304.380,0,0
1527096600,304.090,304.090,304.090,304.090,2068,682613
1527096660,304.350,304.150,304.150,304.350,0,0
1527096720,304.460,304.460,304.460,304.460,0,0
1527096840,304.460,304.450,304.450,304.460,0,0
1527096900,304.350,304.350,304.350,304.350,7335,684681
1527096960,304.350,304.350,304.350,304.350,0,0
1527097020,304.350,304.360,304.220,304.380,0,0
1527097080,304.170,304.420,304.080,304.420,0,0
1527097200,304.450,304.260,304.260,304.450,5497,692016
1527097260,304.870,304.870,304.870,304.870,0,0
1527097320,304.950,305.000,304.950,305.000,0,0
1527097380,304.900,304.920,304.900,304.920,0,0
1527097500,304.580,304.580,304.580,304.580,2379,697513
1527097560,304.840,304.840,304.840,304.840,0,0
1527097680,305.230,305.240,305.230,305.240,0,0
1527097800,304.900,304.800,304.800,305.060,7297,699892
1527097860,305.020,304.910,304.780,305.020,0,0
1527097920,304.910,305.450,304.910,305.450,0,0
1527097980,305.270,305.270,305.270,305.270,0,0
1527098100,305.130,305.260,305.130,305.260,2920,707189
1527098160,305.130,305.260,305.130,305.260,0,0
1527098280,305.200,305.360,305.200,305.360,0,0
1527098340,305.130,305.130,305.130,305.130,0,0
1527098400,304.500,304.820,304.500,304.820,6697,710109
1527098460,305.130,305.130,305.130,305.130,0,0
1527098520,305.060,305.060,305.060,305.060,0,0
1527098580,305.220,304.950,304.950,305.220,0,0
1527098640,304.940,304.940,304.940,304.940,0,0
1527098700,304.880,305.160,304.880,305.160,6864,716806
1527098760,305.840,306.130,305.840,306.240,0,0
1527098820,305.990,306.260,305.990,306.260,0,0
1527098880,306.460,306.450,306.450,306.460,0,0
1527098940,306.620,306.680,306.620,306.680,0,0
1527099000,306.530,306.500,306.440,306.600,14923,723670
1527099060,306.360,306.460,306.150,306.460,0,0
1527099180,306.410,306.200,306.200,306.460,0,0
1527099240,306.410,306.500,306.410,306.740,0,0
1527099300,306.710,306.470,306.470,306.750,12629,738593
1527099360,306.740,306.970,306.740,307.330,0,0
1527099420,306.800,306.780,306.780,307.000,0,0
1527099480,306.960,306.550,306.550,306.960,0,0
1527099540,306.480,306.780,306.480,306.780,0,0
1527099600,306.500,306.630,306.500,306.630,4598,751222
1527099660,306.100,306.100,306.100,306.100,0,0
1527099720,306.100,306.100,306.100,306.100,0,0
1527099840,306.520,306.520,306.520,306.520,0,0
1527099900,306.410,306.410,306.410,306.410,4031,755820
1527099960,306.600,306.570,306.490,306.600,0,0
1527100020,306.530,306.220,306.220,306.530,0,0
1527100080,306.440,306.220,306.220,306.440,0,0
1527100200,306.000,306.000,306.000,306.000,4242,759851
1527100260,306.040,306.040,306.040,306.040,0,0
1527100380,306.010,306.190,306.010,306.190,0,0
1527100440,305.850,305.680,305.680,305.850,0,0
1527100500,305.500,305.510,305.500,305.720,3408,764093
1527100560,305.810,305.810,305.810,305.810,0,0
1527100620,305.700,305.100,305.100,305.700,0,0
1527100680,305.260,305.260,305.260,305.260,0,0
1527100740,305.270,305.270,305.270,305.270,0,0
1527100800,305.270,305.470,305.270,305.470,7155,767501
1527100860,305.420,305.420,305.420,305.420,0,0
1527100920,305.440,305.420,305.300,305.440,0,0
1527100980,305.410,305.330,305.330,305.410,0,0
1527101040,305.450,305.450,305.450,305.450,0,0
1527101100,305.460,305.460,305.460,305.460,6981,774656
1527101160,305.420,305.480,305.370,305.480,0,0
1527101220,305.500,305.460,305.460,305.620,0,0
1527101280,305.380,305.380,305.380,305.380,0,0
1527101340,305.350,305.590,305.350,305.590,0,0
1527101400,305.520,305.620,305.440,305.620,6931,781637
1527101460,305.560,305.600,305.560,305.690,0,0
1527101520,305.640,305.770,305.640,305.770,0,0
1527101580,305.760,305.770,305.760,305.770,0,0
1527101640,305.820,305.820,305.820,305.820,0,0
1527101700,305.710,305.620,305.620,305.710,6413,788568
1527101760,305.720,305.730,305.720,305.830,0,0
1527101820,305.870,306.000,305.870,306.000,0,0
1527101880,306.140,306.080,306.010,306.160,0,0
1527101940,306.290,306.290,306.290,306.290,0,0
1527102000,306.350,306.450,306.350,306.450,15800,794981
1527102060,306.410,306.740,306.410,306.740,0,0
1527102120,306.990,306.980,306.980,306.990,0,0
1527102180,306.940,307.010,306.940,307.150,0,0
1527102240,307.000,307.000,307.000,307.000,0,0
1527102300,306.880,307.260,306.880,307.260,12105,810781
1527102360,306.940,307.010,306.940,307.030,0,0
1527102420,306.960,307.020,306.960,307.020,0,0
1527102480,306.980,306.740,306.740,306.980,0,0
1527102540,306.740,306.640,306.640,306.940,0,0
1527102600,306.650,306.800,306.640,306.830,22315,822886
1527102660,306.880,306.770,306.770,306.960,0,0
1527102720,306.850,306.670,306.380,306.850,0,0
1527102780,306.750,306.970,306.750,306.970,0,0
1527102840,306.750,306.810,306.750,306.810,0,0
1527102900,306.750,306.840,306.750,306.960,18761,845201
1527102960,306.830,306.860,306.830,306.930,0,0
1527103020,307.110,307.200,307.110,307.200,0,0
1527103080,307.180,307.350,307.180,307.410,0,0
1527103140,307.350,307.540,307.350,307.540,0,0
1527103200,307.440,307.470,307.380,307.500,22267,863962
1527103260,307.430,307.190,307.080,307.430,0,0
1527103320,306.540,306.840,306.540,306.840,0,0
1527103380,306.940,307.110,306.940,307.110,0,0
1527103440,306.930,306.910,306.910,306.930,0,0
1527103500,306.810,306.790,306.710,306.880,23132,886229
1527103560,306.800,307.260,306.800,307.260,0,0
1527103620,307.190,307.630,307.190,307.630,0,0
1527103680,307.560,307.320,307.320,307.560,0,0
1527103740,307.280,307.300,307.220,307.310,0,0
1527103800,307.150,306.890,306.890,307.200,25242,909361
1527103860,307.000,307.040,307.000,307.040,0,0
1527103920,306.910,307.200,306.910,307.200,0,0
1527103980,307.340,307.830,307.250,307.830,0,0
1527104040,307.340,307.540,306.920,307.540,0,0
1527104100,307.270,307.540,307.200,307.600,45156,934603
1527104160,307.690,308.080,307.570,308.080,0,0
1527104220,308.110,307.880,307.540,308.110,0,0
1527104280,307.760,308.000,307.690,308.000,0,0
1527104340,307.960,308.030,307.700,308.030,0,0
1527104400,307.850,307.940,307.850,308.060,41923,979759
1527104460,307.830,307.970,307.830,307.970,0,0
1527104520,308.010,307.980,307.850,308.010,0,0
1527104580,308.010,307.940,307.860,308.030,0,0
1527104640,307.880,307.770,307.770,307.890,0,0
1527104700,307.690,307.410,307.320,307.690,43860,1021682
1527104760,307.380,307.310,307.310,307.700,0,0
1527104820,307.310,307.010,307.010,307.310,0,0
1527104880,306.970,307.100,306.850,307.100,0,0
1527104940,306.970,306.980,306.880,306.980,0,0
1527105000,307.450,307.690,307.450,307.930,28176,1065542
1527105060,307.650,307.890,307.500,307.890,0,0
1527105120,307.880,307.930,307.880,307.990,0,0
1527105180,307.810,307.800,307.800,307.930,0,0
1527105240,307.780,307.890,307.780,307.950,0,0
1527105300,308.090,308.230,308.090,308.230,132049,1093718
1527105360,308.320,308.500,308.230,308.500,0,0
1527105420,308.570,308.360,308.360,308.570,0,0
1527105480,308.380,308.150,308.150,308.380,0,0
1527105540,308.090,308.200,307.930,308.320,0,0
1527168600,310.140,311.310,310.140,311.310,76420,0
1527168660,312.660,313.090,312.660,313.560,0,0
1527168720,313.970,315.320,313.970,315.320,0,0
1527168780,315.660,314.520,314.070,315.660,0,0
1527168840,314.250,315.450,313.980,315.450,0,0
1527168900,315.020,313.930,313.930,315.250,38912,76420
1527168960,313.220,311.860,311.520,313.220,0,0
1527169020,312.250,312.980,311.850,313.300,0,0
1527169080,312.490,312.320,312.310,312.490,0,0
1527169140,312.320,312.190,311.340,312.350,0,0
1527169200,312.330,311.490,311.490,312.330,33702,115332
1527169260,311.750,311.070,311.070,312.070,0,0
1527169320,311.040,311.830,311.040,311.830,0,0
1527169380,312.030,311.210,311.210,312.170,0,0
1527169440,311.410,310.560,310.500,311.410,0,0
1527169500,310.790,309.500,309.480,310.790,29300,149034
1527169560,309.610,308.940,308.750,309.610,0,0
1527169620,309.110,309.930,309.110,309.930,0,0
1527169680,309.560,309.470,309.080,309.690,0,0
1527169740,309.760,308.590,308.500,309.760,0,0
1527169800,308.610,308.460,308.180,308.860,23837,178334
1527169860,308.330,308.650,308.330,308.790,0,0
1527169920,308.810,308.850,308.440,308.850,0,0
1527169980,309.090,309.010,308.730,309.090,0,0
1527170040,309.220,309.340,309.000,309.420,0,0
1527170100,309.440,309.080,309.080,309.440,21567,202171
1527170160,309.390,310.000,309.390,310.000,0,0
1527170220,309.740,309.450,309.100,309.990,0,0
1527170280,309.460,309.520,309.460,309.670,0,0
1527170340,309.110,309.970,309.110,309.970,0,0
1527170400,309.610,309.500,309.120,309.610,18092,223738
1527170460,309.920,309.520,309.390,309.920,0,0
1527170520,309.680,309.130,308.960,309.680,0,0
1527170580,309.130,309.370,309.130,309.370,0,0
1527170640,309.570,309.450,309.400,309.570,0,0
1527170700,309.680,310.660,309.680,310.660,19778,241830
1527170760,310.350,310.280,310.280,310.650,0,0
1527170820,310.370,310.490,310.100,310.490,0,0
1527170880,310.520,310.650,310.510,310.650,0,0
1527170940,310.370,310.370,310.370,310.370,0,0
1527171000,310.670,310.380,310.380,310.670,13110,261608
1527171060,310.390,310.340,310.340,310.460,0,0
1527171120,310.360,310.540,310.360,310.540,0,0
1527171180,310.660,310.520,310.520,310.990,0,0
1527171240,310.240,310.320,310.210,310.510,0,0
1527171300,309.930,309.910,309.910,310.200,7546,274718
1527171360,310.100,310.260,310.100,310.260,0,0
1527171420,310.400,310.400,310.400,310.400,0,0
1527171480,310.560,310.320,310.320,310.600,0,0
1527171540,310.320,309.630,309.630,310.320,0,0
1527171600,309.670,310.040,309.560,310.040,12531,282264
1527171660,309.990,309.940,309.940,310.210,0,0
1527171720,309.970,310.400,309.970,310.400,0,0
1527171840,310.410,309.970,309.970,310.410,0,0
1527171900,309.990,309.550,309.250,309.990,10103,294795
1527171960,309.470,309.260,309.260,309.470,0,0
1527172020,309.260,309.190,309.040,309.310,0,0
1527172080,309.330,309.480,309.330,309.480,0,0
1527172140,309.320,310.090,309.320,310.090,0,0
1527172200,309.790,310.110,309.790,310.110,8447,304898
1527172260,310.240,310.240,310.240,310.240,0,0
1527172320,309.930,309.640,309.640,309.930,0,0
1527172380,309.560,309.710,309.490,309.710,0,0
1527172440,309.720,309.600,309.600,309.720,0,0
1527172500,309.980,310.110,309.900,310.110,15722,313345
1527172560,310.130,310.060,310.060,310.130,0,0
1527172620,310.230,310.370,310.230,310.570,0,0
1527172680,310.460,310.830,310.460,310.830,0,0
1527172740,310.980,311.280,310.980,311.360,0,0
1527172800,311.390,311.350,311.350,311.390,17554,329067
1527172860,311.420,311.720,311.350,311.720,0,0
1527172920,311.870,311.870,311.870,311.870,0,0
1527172980,311.650,311.500,311.500,311.650,0,0
1527173040,311.220,311.120,311.050,311.220,0,0
1527173100,310.260,310.260,310.260,310.260,19150,346621
1527173160,310.960,310.510,310.510,310.960,0,0
1527173220,310.010,309.760,309.760,310.010,0,0
1527173280,309.750,309.530,309.530,309.750,0,0
1527173340,309.910,309.950,309.910,309.950,0,0
1527173400,309.890,309.890,309.890,309.890,11090,365771
1527173460,309.900,309.820,309.820,309.900,0,0
1527173520,310.090,310.040,310.040,310.090,0,0
1527173580,309.940,309.960,309.940,310.140,0,0
1527173640,309.890,309.830,309.830,309.890,0,0
1527173700,309.690,309.030,308.990,309.690,17976,376861
1527173760,308.990,308.810,308.810,309.400,0,0
1527173820,308.870,309.210,308.840,309.210,0,0
1527173880,309.100,309.080,309.040,309.270,0,0
1527173940,309.080,308.700,308.700,309.080,0,0
1527174000,308.960,309.280,308.900,309.320,25230,394837
1527174060,308.970,309.530,308.970,309.530,0,0
1527174120,309.600,309.460,309.450,309.600,0,0
1527174180,309.310,309.670,309.310,309.670,0,0
1527174240,309.600,309.780,309.600,310.000,0,0
1527174300,309.980,309.850,309.590,309.980,15787,420067
1527174360,309.980,309.850,309.590,309.980,0,0
1527174420,309.760,309.600,309.600,309.760,0,0
1527174480,309.870,309.950,309.870,310.000,0,0
1527174540,310.100,310.060,309.960,310.160,0,0
1527174600,310.170,310.160,310.160,310.230,5580,435854
1527174660,310.200,310.320,310.150,310.320,0,0
1527174720,310.290,310.290,310.290,310.290,0,0
1527174840,310.420,310.440,310.420,310.440,0,0
1527174900,310.440,310.320,310.320,310.480,8403,441434
1527174960,310.390,311.080,310.390,311.080,0,0
1527175020,311.240,311.000,311.000,311.240,0,0
1527175080,311.240,311.210,311.210,311.250,0,0
1527175140,311.200,311.200,311.200,311.200,0,0
1527175200,310.940,310.930,310.930,310.990,4295,449837
1527175260,310.980,310.980,310.980,310.980,0,0
1527175320,310.810,310.810,310.810,310.810,0,0
1527175380,310.990,311.070,310.950,311.080,0,0
1527175440,310.890,310.890,310.890,310.890,0,0
1527175500,310.960,310.960,310.960,310.960,4796,454132
1527175560,310.830,311.060,310.830,311.060,0,0
1527175620,311.000,311.040,311.000,311.040,0,0
1527175680,311.020,310.990,310.990,311.020,0,0
1527175740,310.950,311.480,310.950,311.480,0,0
1527175800,311.390,311.580,311.390,311.630,16183,458928
1527175860,311.460,311.580,311.360,311.580,0,0
1527175920,311.610,311.440,311.410,311.610,0,0
1527175980,311.360,311.220,311.220,311.360,0,0
1527176040,311.180,311.210,311.180,311.210,0,0
1527176100,311.270,311.270,311.270,311.270,7732,475111
1527176160,311.330,311.190,311.190,311.330,0,0
1527176220,311.110,311.190,311.110,311.240,0,0
1527176280,311.180,311.000,311.000,311.180,0,0
1527176340,311.020,310.900,310.900,311.020,0,0
1527176400,311.000,311.000,311.000,311.000,10683,482843
1527176520,311.100,311.560,311.100,311.560,0,0
1527176580,311.590,311.700,311.590,311.700,0,0
1527176640,311.810,311.820,311.810,311.830,0,0
1527176700,311.690,311.600,311.600,311.690,4854,493526
1527176760,311.380,311.350,311.350,311.380,0,0
1527176880,311.650,311.630,311.380,311.650,0,0
1527177000,311.350,311.320,311.320,311.350,4103,498380
1527177060,311.450,311.550,311.290,311.550,0,0
1527177180,311.600,311.880,311.600,311.880,0,0
1527177300,311.890,311.740,311.740,311.890,9153,502483
1527177420,311.910,311.910,311.910,311.910,0,0
1527177480,311.750,311.750,311.750,311.750,0,0
1527177540,311.820,312.440,311.820,312.490,0,0
1527177600,312.670,312.640,312.520,312.670,8156,511636
1527177720,313.000,312.910,312.800,313.000,0,0
1527177780,312.940,313.240,312.880,313.240,0,0
1527177840,313.190,313.380,313.190,313.380,0,0
1527177900,312.900,312.900,312.900,312.900,11145,519792
1527177960,312.920,312.990,312.820,313.020,0,0
1527178020,312.900,312.910,312.890,312.910,0,0
1527178080,312.970,313.290,312.900,313.290,0,0
1527178140,313.300,313.280,313.280,313.450,0,0
1527178200,313.500,313.320,313.230,313.500,10089,530937
1527178260,313.250,313.430,313.170,313.430,0,0
1527178320,313.290,313.500,313.230,313.500,0,0
1527178380,313.500,313.720,313.500,313.820,0,0
1527178440,313.920,313.910,313.700,313.920,0,0
1527178500,313.920,313.980,313.770,313.980,8472,541026
1527178560,313.720,313.610,313.610,313.720,0,0
1527178620,313.800,313.790,313.790,313.800,0,0
1527178680,313.790,313.530,313.530,313.790,0,0
1527178740,313.380,313.380,313.380,313.380,0,0
1527178800,313.150,313.260,313.150,313.360,13097,549498
1527178860,313.380,313.400,313.250,313.400,0,0
1527178920,313.360,313.250,313.240,313.370,0,0
1527178980,313.380,313.370,313.290,313.460,0,0
1527179040,313.510,313.300,313.300,313.510,0,0
1527179100,313.380,313.480,313.380,313.480,2808,562595
1527179160,313.380,313.480,313.380,313.480,0,0
1527179220,313.460,313.590,313.460,313.590,0,0
1527179340,313.580,313.420,313.290,313.580,0,0
1527179400,313.590,313.880,313.590,313.880,11541,565403
1527179460,313.880,314.000,313.880,314.000,0,0
1527179520,313.920,313.860,313.860,313.930,0,0
1527179580,313.950,313.990,313.950,313.990,0,0
1527179640,313.920,313.920,313.920,313.920,0,0
1527179700,313.860,313.820,313.800,313.860,8199,576944
1527179760,313.800,313.800,313.800,313.800,0,0
1527179820,313.810,313.220,313.220,313.810,0,0
1527179880,313.380,313.370,313.220,313.380,0,0
1527179940,313.380,313.380,313.380,313.380,0,0
1527180000,313.310,313.310,313.310,313.310,3873,585143
1527180060,313.450,313.580,313.450,313.590,0,0
1527180120,313.580,313.540,313.540,313.580,0,0
1527180180,313.400,313.430,313.400,313.430,0,0
1527180240,313.390,313.390,313.390,313.390,0,0
1527180300,313.520,313.270,313.270,313.520,5879,589016
1527180360,313.540,313.500,313.500,313.570,0,0
1527180420,313.610,313.710,313.560,313.710,0,0
1527180480,313.860,313.860,313.860,313.860,0,0
1527180600,314.070,313.680,313.680,314.070,9194,594895
1527180660,313.770,313.770,313.770,313.770,0,0
1527180720,313.780,313.800,313.780,313.880,0,0
1527180780,313.940,314.010,313.880,314.010,0,0
1527180840,313.880,313.820,313.760,313.920,0,0
1527180900,313.780,313.920,313.780,313.990,8275,604089
1527180960,314.000,313.940,313.940,314.000,0,0
1527181020,314.130,314.110,313.940,314.130,0,0
1527181080,314.080,314.260,314.080,314.260,0,0
1527181200,314.190,314.050,314.050,314.190,11668,612364
1527181260,314.210,314.360,314.210,314.360,0,0
1527181320,314.570,314.560,314.420,314.570,0,0
1527181440,314.550,314.470,314.360,314.550,0,0
1527181500,314.590,314.590,314.590,314.590,16398,624032
1527181560,314.310,314.650,314.250,314.770,0,0
1527181620,314.770,314.770,314.770,314.770,0,0
1527181680,314.770,315.110,314.770,315.160,0,0
1527181740,315.250,315.080,315.080,315.250,0,0
1527181800,315.120,315.180,315.120,315.180,14665,640430
1527181860,315.090,315.160,315.000,315.160,0,0
1527181920,315.130,315.060,315.060,315.130,0,0
1527181980,315.200,315.200,315.200,315.200,0,0
1527182040,315.110,315.270,314.980,315.270,0,0
1527182100,315.250,315.380,315.250,315.380,7353,655095
1527182160,315.440,315.530,315.260,315.530,0,0
1527182220,315.620,315.450,315.450,315.620,0,0
1527182280,315.400,315.400,315.400,315.400,0,0
1527182340,315.310,315.000,315.000,315.310,0,0
1527182400,314.980,315.040,314.980,315.170,8769,662448
1527182460,315.040,314.850,314.850,315.040,0,0
1527182520,314.990,314.860,314.810,314.990,0,0
1527182580,315.140,315.140,315.140,315.140,0,0
1527182640,315.220,315.280,315.220,315.280,0,0
1527182700,315.100,315.100,315.100,315.100,7103,671217
1527182760,314.970,315.170,314.970,315.170,0,0
1527182880,315.150,315.190,315.150,315.250,0,0
1527182940,315.200,315.000,315.000,315.200,0,0
1527183000,315.110,315.210,315.110,315.310,20550,678320
1527183060,315.240,315.180,315.170,315.240,0,0
1527183120,315.150,315.290,315.130,315.290,0,0
1527183180,315.350,315.200,315.070,315.350,0,0
1527183240,315.230,315.400,315.230,315.400,0,0
1527183300,315.360,315.330,315.250,315.360,7241,698870
1527183360,315.240,315.340,315.200,315.340,0,0
1527183420,315.230,315.250,315.180,315.260,0,0
1527183480,315.150,315.320,315.150,315.320,0,0
1527183600,315.150,315.140,315.000,315.150,9205,706111
1527183660,315.240,315.150,315.120,315.240,0,0
1527183720,315.110,315.010,315.010,315.110,0,0
1527183780,314.900,315.000,314.900,315.000,0,0
1527183840,315.110,315.110,315.110,315.110,0,0
1527183900,315.010,315.100,314.990,315.100,12148,715316
1527184020,315.010,315.100,314.990,315.100,0,0
1527184080,315.250,315.220,315.220,315.390,0,0
1527184140,315.380,315.180,315.180,315.380,0,0
1527184200,315.300,315.300,315.300,315.300,2045,727464
1527184260,315.370,315.380,315.370,315.380,0,0
1527184380,315.240,315.240,315.240,315.240,0,0
1527184440,315.240,315.240,315.240,315.240,0,0
1527184500,315.200,315.150,315.150,315.200,17087,729509
1527184560,314.940,315.000,314.940,315.020,0,0
1527184620,314.940,315.000,314.930,315.000,0,0
1527184680,315.190,315.090,315.090,315.190,0,0
1527184800,315.300,314.930,314.930,315.300,7368,746596
1527184860,315.150,315.140,315.140,315.150,0,0
1527184980,315.310,315.140,315.140,315.310,0,0
1527185040,315.320,315.320,315.320,315.320,0,0
1527185100,315.340,315.170,315.170,315.340,5462,753964
1527185160,315.340,315.170,315.170,315.340,0,0
1527185220,315.310,315.310,315.310,315.310,0,0
1527185280,315.500,315.500,315.500,315.500,0,0
1527185340,315.380,315.270,315.270,315.430,0,0
1527185400,315.250,315.190,315.190,315.250,5783,759426
1527185460,315.250,315.270,315.250,315.270,0,0
1527185520,315.270,315.340,315.270,315.350,0,0
1527185580,315.360,315.240,315.200,315.360,0,0
1527185700,315.230,315.200,315.200,315.230,12717,765209
1527185760,315.020,315.300,315.000,315.300,0,0
1527185820,315.270,315.500,315.270,315.500,0,0
1527185880,315.470,315.440,315.440,315.470,0,0
1527185940,315.480,315.480,315.480,315.480,0,0
1527186000,315.430,315.270,315.270,315.430,6932,777926
1527186060,315.310,315.450,315.310,315.450,0,0
1527186120,315.470,315.470,315.470,315.470,0,0
1527186180,315.420,315.390,315.390,315.420,0,0
1527186240,315.390,315.460,315.390,315.520,0,0
1527186300,315.500,315.800,315.500,315.800,6985,784858
1527186360,315.810,315.800,315.750,315.920,0,0
1527186420,315.820,315.670,315.670,315.820,0,0
1527186540,315.670,315.830,315.630,315.830,0,0
1527186600,315.780,315.740,315.740,315.780,3600,791843
1527186660,315.520,315.520,315.520,315.520,0,0
1527186720,315.610,315.640,315.600,315.640,0,0
1527186840,315.750,315.830,315.750,315.830,0,0
1527186900,315.790,315.790,315.790,315.790,12239,795443
1527186960,315.610,315.820,315.610,315.820,0,0
1527187020,316.000,316.150,316.000,316.150,0,0
1527187080,316.180,316.130,316.130,316.180,0,0
1527187140,316.200,316.410,316.200,316.410,0,0
1527187200,316.220,316.410,316.220,316.410,19105,807682
1527187260,316.490,316.460,316.460,316.530,0,0
1527187320,316.550,316.650,316.550,316.660,0,0
1527187380,316.620,316.200,316.000,316.620,0,0
1527187440,315.980,316.220,315.980,316.220,0,0
1527187500,316.160,316.240,316.160,316.250,22801,826787
1527187560,316.070,316.240,316.070,316.240,0,0
1527187620,316.210,316.100,316.100,316.210,0,0
1527187680,316.140,316.350,316.030,316.350,0,0
1527187740,316.290,316.150,316.150,316.290,0,0
1527187800,316.130,316.140,316.080,316.140,24811,849588
1527187860,316.130,316.180,316.130,316.270,0,0
1527187920,316.330,316.510,316.330,316.510,0,0
1527187980,316.420,316.590,316.370,316.590,0,0
1527188040,316.650,316.360,316.320,316.650,0,0
1527188100,316.330,316.350,316.290,316.430,23006,874399
1527188160,316.150,316.210,316.060,316.210,0,0
1527188220,316.230,316.300,316.230,316.480,0,0
1527188280,316.520,316.500,316.330,316.550,0,0
1527188340,316.510,316.460,316.420,316.510,0,0
1527188400,316.600,316.380,316.360,316.630,16070,897405
1527188460,316.420,316.660,316.420,316.660,0,0
1527188520,316.560,316.550,316.550,316.650,0,0
1527188580,316.640,316.650,316.640,316.650,0,0
1527188640,316.570,316.590,316.250,316.590,0,0
1527188700,316.520,316.650,316.520,316.650,23469,913475
1527188760,316.500,316.470,316.320,316.500,0,0
1527188820,316.570,316.340,316.340,316.570,0,0
1527188880,316.370,316.420,316.340,316.430,0,0
1527188940,316.340,316.830,316.340,316.830,0,0
1527189000,316.690,316.670,316.670,316.690,10302,936944
1527189060,316.640,316.690,316.640,316.700,0,0
1527189120,316.650,316.830,316.650,316.830,0,0
1527189180,316.730,316.720,316.720,316.730,0,0
1527189240,316.870,316.870,316.870,316.870,0,0
1527189300,316.900,317.110,316.900,317.110,28374,947246
1527189360,317.080,317.200,317.080,317.210,0,0
1527189420,317.260,317.290,317.260,317.290,0,0
1527189480,317.270,317.400,317.230,317.400,0,0
1527189540,317.380,317.800,317.380,317.800,0,0
1527189600,317.520,317.950,317.520,317.950,28404,975620
1527189660,317.870,317.910,317.870,317.910,0,0
1527189720,318.010,318.060,318.010,318.150,0,0
1527189780,318.060,318.150,318.000,318.180,0,0
1527189840,318.270,318.210,318.210,318.270,0,0
1527189900,318.310,318.380,318.310,318.590,38797,1004024
1527189960,318.310,318.100,318.100,318.500,0,0
1527190020,318.100,318.120,317.880,318.130,0,0
1527190080,317.960,317.900,317.570,317.960,0,0
1527190140,317.710,317.770,317.710,317.830,0,0
1527190200,318.010,317.860,317.860,318.010,29527,1042821
1527190260,317.870,317.910,317.870,317.980,0,0
1527190320,317.860,317.870,317.780,317.900,0,0
1527190380,317.910,317.530,317.510,317.910,0,0
1527190440,317.350,317.390,317.300,317.550,0,0
1527190500,317.560,317.760,317.560,317.800,26584,1072348
1527190560,317.780,317.510,317.510,317.790,0,0
1527190620,317.510,317.780,317.510,317.810,0,0
1527190680,317.650,317.540,317.500,317.650,0,0
1527190740,317.400,317.350,317.350,317.470,0,0
1527190800,317.270,317.100,316.950,317.270,33491,1098932
1527190860,317.350,317.100,317.090,317.350,0,0
1527190920,317.080,316.930,316.840,317.080,0,0
1527190980,316.920,316.670,316.670,316.920,0,0
1527191040,316.670,316.690,316.650,316.810,0,0
1527191100,316.510,316.490,316.370,316.510,50097,1132423
1527191160,316.590,316.800,316.590,316.890,0,0
1527191220,316.600,316.770,316.600,316.860,0,0
1527191280,316.730,316.970,316.730,317.080,0,0
1527191340,316.960,317.050,316.960,317.130,0,0
1527191400,316.970,316.830,316.810,316.970,35340,1182520
1527191460,316.880,317.080,316.880,317.080,0,0
1527191520,316.920,317.000,316.900,317.050,0,0
1527191580,317.030,316.920,316.920,317.080,0,0
1527191640,316.920,316.890,316.890,316.930,0,0
1527191700,316.860,317.300,316.860,317.310,128425,1217860
1527191760,317.220,317.120,317.070,317.220,0,0
1527191820,317.120,316.930,316.930,317.150,0,0
1527191880,316.990,317.000,316.950,317.090,0,0
1527191940,316.960,317.040,316.930,317.200,0,0
1527255000,318.080,319.840,317.910,319.840,59671,0
1527255060,319.800,319.460,319.460,319.800,0,0
1527255120,319.680,319.730,319.680,320.000,0,0
1527255180,319.620,320.100,319.610,320.100,0,0
1527255240,320.330,319.960,319.840,320.580,0,0
1527255300,320.050,319.570,319.410,320.300,56975,59671
1527255360,320.200,320.140,319.940,320.410,0,0
1527255420,320.030,321.720,320.030,321.720,0,0
1527255480,321.770,320.510,320.510,321.770,0,0
1527255540,320.410,320.950,319.810,320.950,0,0
1527255600,320.720,320.110,319.820,320.720,36168,116646
1527255660,319.760,319.770,319.760,319.940,0,0
1527255720,319.930,319.180,319.180,320.250,0,0
1527255780,319.050,318.800,318.610,319.230,0,0
1527255840,318.650,317.760,317.470,318.650,0,0
1527255900,317.690,317.810,317.500,318.010,21589,152814
1527255960,317.890,318.800,317.890,318.800,0,0
1527256020,318.810,318.770,318.770,318.830,0,0
1527256080,318.810,318.770,318.510,318.870,0,0
1527256140,319.100,319.650,319.100,319.650,0,0
1527256200,319.970,319.000,319.000,319.970,15431,174403
1527256260,318.860,318.490,318.490,318.860,0,0
1527256320,318.250,318.370,318.200,318.370,0,0
1527256380,318.190,318.170,318.170,318.190,0,0
1527256440,318.490,318.550,318.490,318.550,0,0
1527256500,318.840,318.910,318.840,318.910,10966,189834
1527256560,318.860,319.520,318.860,319.520,0,0
1527256620,319.610,319.610,319.610,319.610,0,0
1527256680,320.210,319.690,319.690,320.210,0,0
1527256740,319.390,319.570,319.390,319.570,0,0
1527256800,319.250,319.140,319.140,319.480,13432,200800
1527256860,319.400,319.360,319.360,319.520,0,0
1527256920,319.380,319.360,319.340,319.380,0,0
1527256980,319.600,319.780,319.440,319.780,0,0
1527257040,319.960,319.970,319.680,320.030,0,0
1527257100,320.160,320.310,319.960,320.310,17896,214232
1527257160,320.190,320.370,320.190,320.370,0,0
1527257220,320.440,320.970,320.440,321.000,0,0
1527257280,321.060,321.160,321.060,321.160,0,0
1527257340,321.120,321.380,321.120,321.380,0,0
1527257400,321.430,321.790,321.430,321.880,32672,232128
1527257460,321.930,322.170,321.790,322.180,0,0
1527257520,322.240,322.200,322.200,322.670,0,0
1527257580,322.120,322.440,322.120,322.650,0,0
1527257640,322.310,322.120,321.850,322.310,0,0
1527257700,322.010,321.980,321.790,322.140,15946,264800
1527257760,321.710,321.610,321.610,322.130,0,0
1527257820,321.760,321.890,321.760,321.890,0,0
1527257880,322.040,321.880,321.780,322.070,0,0
1527257940,322.130,322.220,322.010,322.380,0,0
1527258000,321.780,321.760,321.540,321.900,20388,280746
1527258060,321.660,321.170,321.170,321.660,0,0
1527258120,321.180,320.550,320.550,321.180,0,0
1527258180,320.750,320.470,320.020,320.750,0,0
1527258240,320.600,320.890,320.550,320.890,0,0
1527258300,320.910,321.070,320.910,321.580,16430,301134
1527258360,321.040,321.710,321.040,322.150,0,0
1527258420,321.460,321.070,321.070,321.570,0,0
1527258480,321.210,321.360,321.210,321.780,0,0
1527258540,321.380,320.890,320.720,321.380,0,0
1527258600,321.090,321.090,321.090,321.090,21101,317564
1527258660,321.460,321.580,321.460,321.610,0,0
1527258720,321.570,321.870,321.570,321.870,0,0
1527258780,321.540,321.560,321.540,321.560,0,0
1527258840,321.100,320.910,320.900,321.420,0,0
1527258900,320.940,320.900,320.860,320.940,19157,338665
1527258960,321.120,321.100,321.100,321.120,0,0
1527259020,321.400,320.870,320.870,321.400,0,0
1527259080,320.680,320.610,320.610,320.860,0,0
1527259140,320.830,319.900,319.830,321.010,0,0
1527259200,319.830,319.820,319.780,320.060,16669,357822
1527259260,319.930,319.930,319.930,319.930,0,0
1527259320,319.600,319.270,319.270,319.600,0,0
1527259380,319.030,319.260,318.970,319.420,0,0
1527259440,319.280,319.410,319.120,319.410,0,0
1527259500,319.390,319.150,319.150,319.390,12229,374491
1527259560,319.290,319.180,319.180,319.400,0,0
1527259620,319.250,319.390,319.250,319.390,0,0
1527259680,319.400,319.390,319.390,319.400,0,0
1527259740,319.060,318.920,318.910,319.060,0,0
1527259800,318.910,318.630,318.630,318.910,42364,386720
1527259860,318.470,318.600,318.430,318.660,0,0
1527259920,318.400,318.220,318.160,318.400,0,0
1527259980,318.190,317.860,317.840,318.190,0,0
1527260040,317.850,317.450,317.360,317.890,0,0
1527260100,317.250,317.690,317.250,317.690,33752,429084
1527260160,317.530,317.850,317.530,317.850,0,0
1527260220,318.450,318.450,318.450,318.450,0,0
1527260280,318.220,318.460,318.220,318.480,0,0
1527260340,318.470,318.500,318.470,318.500,0,0
1527260400,318.650,318.200,318.200,318.650,9589,462836
1527260460,318.220,318.450,318.200,318.450,0,0
1527260520,318.500,318.460,318.460,318.530,0,0
1527260580,318.570,318.360,318.360,318.570,0,0
1527260640,318.170,318.380,318.170,318.380,0,0
1527260700,318.230,318.000,318.000,318.230,10423,472425
1527260760,317.850,317.850,317.850,317.850,0,0
1527260820,317.720,317.940,317.650,317.940,0,0
1527260880,317.730,317.620,317.620,317.730,0,0
1527260940,317.440,317.430,317.430,317.440,0,0
1527261000,317.510,317.500,317.500,317.710,10129,482848
1527261060,317.430,317.600,317.430,317.600,0,0
1527261120,317.510,317.440,317.440,317.520,0,0
1527261180,317.400,317.510,317.320,317.750,0,0
1527261240,317.520,317.460,317.310,317.520,0,0
1527261300,317.310,317.570,317.310,317.570,10686,492977
1527261360,317.900,317.650,317.650,317.930,0,0
1527261420,317.660,317.660,317.660,317.660,0,0
1527261480,317.450,317.630,317.450,317.630,0,0
1527261540,317.370,317.280,317.280,317.450,0,0
1527261600,317.490,317.320,317.320,317.490,9997,503663
1527261660,317.430,317.580,317.290,317.580,0,0
1527261720,317.380,317.580,317.380,317.720,0,0
1527261780,317.650,317.680,317.500,317.680,0,0
1527261840,317.510,317.740,317.510,317.740,0,0
1527261900,317.930,317.920,317.830,317.940,12319,513660
1527261960,318.170,318.170,318.170,318.170,0,0
1527262020,317.820,318.120,317.820,318.150,0,0
1527262080,318.130,317.990,317.990,318.150,0,0
1527262140,317.970,317.970,317.970,317.970,0,0
1527262200,317.740,317.770,317.740,317.770,10868,525979
1527262260,317.950,318.020,317.950,318.160,0,0
1527262320,318.150,318.170,318.150,318.170,0,0
1527262380,318.360,318.360,318.360,318.360,0,0
1527262440,318.390,318.610,318.290,318.610,0,0
1527262500,318.570,318.270,318.270,318.570,9483,536847
1527262620,318.190,318.370,318.190,318.370,0,0
1527262680,318.350,318.350,318.350,318.350,0,0
1527262740,318.260,318.330,318.260,318.330,0,0
1527262800,318.560,318.880,318.490,318.880,8897,546330
1527262860,318.710,318.400,318.370,318.710,0,0
1527262980,318.560,318.100,318.100,318.560,0,0
1527263040,318.040,318.220,318.040,318.220,0,0
1527263100,318.290,318.500,318.290,318.620,14221,555227
1527263160,318.340,318.400,318.340,318.550,0,0
1527263220,318.380,318.380,318.380,318.380,0,0
1527263280,318.300,318.500,318.300,318.570,0,0
1527263340,318.500,319.240,318.360,319.240,0,0
1527263400,319.230,318.560,318.560,319.230,19438,569448
1527263460,318.430,318.480,318.390,318.590,0,0
1527263520,318.590,318.780,318.460,318.780,0,0
1527263580,318.920,318.860,318.700,318.920,0,0
1527263640,318.990,318.930,318.930,319.250,0,0
1527263700,318.980,319.150,318.980,319.250,24481,588886
1527263760,319.210,319.270,319.210,319.390,0,0
1527263820,319.020,319.430,319.020,319.430,0,0
1527263880,319.460,319.010,319.010,319.460,0,0
1527263940,318.940,318.680,318.680,319.020,0,0
1527264000,318.590,318.410,318.410,318.590,25764,613367
1527264060,318.270,318.500,318.270,318.500,0,0
1527264120,318.460,318.450,318.450,318.680,0,0
1527264180,318.370,318.310,318.240,318.380,0,0
1527264240,318.210,317.940,317.940,318.240,0,0
1527264300,318.120,317.930,317.760,318.120,16278,639131
1527264360,317.960,317.910,317.910,317.960,0,0
1527264420,318.060,318.060,318.060,318.060,0,0
1527264480,318.270,317.790,317.790,318.270,0,0
1527264540,317.830,317.580,317.580,317.830,0,0
1527264600,317.840,317.600,317.260,317.840,21981,655409
1527264660,317.290,317.290,317.290,317.290,0,0
1527264720,317.390,317.290,317.290,317.390,0,0
1527264780,317.400,317.530,317.400,317.530,0,0
1527264840,317.420,317.190,317.190,317.420,0,0
1527264900,317.150,317.150,317.150,317.150,14709,677390
1527264960,317.080,317.370,317.080,317.370,0,0
1527265020,317.450,317.160,317.160,317.450,0,0
1527265080,317.370,317.190,317.190,317.370,0,0
1527265140,316.900,316.660,316.630,316.980,0,0
1527265200,316.660,316.690,316.380,316.690,15610,692099
1527265260,316.720,317.230,316.720,317.230,0,0
1527265320,317.090,317.500,317.090,317.500,0,0
1527265380,317.610,317.210,317.210,317.630,0,0
1527265440,317.270,317.290,317.270,317.290,0,0
1527265500,317.420,317.380,317.380,317.420,9581,707709
1527265560,317.980,317.850,317.830,317.980,0,0
1527265620,317.730,317.400,317.400,317.730,0,0
1527265680,317.390,317.540,317.280,317.540,0,0
1527265740,317.800,317.810,317.680,317.810,0,0
1527265800,317.740,317.620,317.620,317.740,8402,717290
1527265860,317.590,317.580,317.570,317.680,0,0
1527265920,317.700,317.750,317.700,317.790,0,0
1527265980,317.750,317.600,317.600,317.750,0,0
1527266100,317.950,318.030,317.950,318.030,7891,725692
1527266160,318.200,318.200,318.200,318.200,0,0
1527266220,317.940,317.940,317.940,317.940,0,0
1527266280,318.160,318.040,318.040,318.160,0,0
1527266340,318.020,317.940,317.940,318.020,0,0
1527266400,318.150,318.190,318.150,318.190,6311,733583
1527266460,318.000,318.000,318.000,318.000,0,0
1527266520,317.920,317.860,317.840,317.920,0,0
1527266580,317.970,317.970,317.970,317.970,0,0
1527266640,318.100,318.100,318.100,318.100,0,0
1527266700,318.090,318.090,318.090,318.090,15718,739894
1527266760,318.050,318.050,318.050,318.050,0,0
1527266820,318.310,318.310,318.310,318.310,0,0
1527266880,318.420,318.240,318.110,318.420,0,0
1527266940,318.260,318.260,318.260,318.260,0,0
1527267000,318.470,318.460,318.410,318.620,11374,755612
1527267060,318.370,318.330,318.190,318.370,0,0
1527267120,318.240,318.010,318.010,318.240,0,0
1527267180,317.960,318.010,317.800,318.100,0,0
1527267240,318.050,318.030,318.030,318.190,0,0
1527267300,318.110,318.000,318.000,318.110,15575,766986
1527267360,318.330,318.050,318.000,318.430,0,0
1527267420,318.110,317.970,317.970,318.110,0,0
1527267480,317.870,317.960,317.870,318.070,0,0
1527267540,318.000,317.790,317.790,318.000,0,0
1527267600,317.970,317.810,317.650,317.970,6431,782561
1527267660,317.650,317.650,317.650,317.650,0,0
1527267720,317.700,317.800,317.700,317.800,0,0
1527267780,317.620,317.620,317.620,317.620,0,0
1527267840,317.570,317.540,317.540,317.600,0,0
1527267900,317.770,317.770,317.770,317.770,1578,788992
1527267960,317.780,317.780,317.780,317.780,0,0
1527268020,317.790,317.790,317.790,317.790,0,0
1527268080,317.770,318.000,317.770,318.000,0,0
1527268200,318.300,318.300,318.300,318.300,3926,790570
1527268260,318.300,318.300,318.300,318.300,0,0
1527268320,318.260,318.080,318.080,318.260,0,0
1527268440,317.950,317.340,317.340,317.950,0,0
1527268500,317.840,317.890,317.840,317.890,6074,794496
1527268560,317.840,317.890,317.840,317.890,0,0
1527268620,318.330,318.070,318.070,318.330,0,0
1527268680,318.210,317.980,317.980,318.210,0,0
1527268740,317.920,318.020,317.920,318.020,0,0
1527268800,318.080,318.350,318.080,318.350,4452,800570
1527268860,318.310,318.280,318.280,318.310,0,0
1527268980,318.160,317.970,317.970,318.160,0,0
1527269100,317.840,317.840,317.840,317.840,2220,805022
1527269160,317.880,317.880,317.880,317.880,0,0
1527269220,317.920,317.920,317.920,317.920,0,0
1527269280,317.990,317.810,317.810,317.990,0,0
1527269400,317.750,317.580,317.580,317.750,3856,807242
1527269460,317.530,317.580,317.530,317.580,0,0
1527269520,317.540,317.840,317.540,317.840,0,0
1527269700,317.790,317.830,317.790,317.830,8698,811098
1527269820,317.500,317.300,317.090,317.500,0,0
1527269880,317.100,317.210,317.100,317.400,0,0
1527269940,317.280,317.300,317.090,317.300,0,0
1527270000,317.090,317.360,317.090,317.360,5048,819796
1527270060,317.400,317.400,317.400,317.400,0,0
1527270120,317.260,317.260,317.260,317.260,0,0
1527270180,317.250,317.250,317.250,317.250,0,0
1527270240,317.240,317.230,317.120,317.240,0,0
1527270300,317.240,317.230,317.200,317.240,32443,824844
1527270360,317.260,317.190,317.190,317.260,0,0
1527270420,317.150,317.300,317.120,317.360,0,0
1527270540,317.400,317.400,317.400,317.400,0,0
1527270600,317.570,317.460,317.460,317.570,3214,857287
1527270660,317.500,317.330,317.330,317.500,0,0
1527270720,317.360,317.360,317.360,317.360,0,0
1527270780,317.590,317.800,317.590,317.800,0,0
1527270840,317.610,317.610,317.610,317.610,0,0
1527270900,317.850,317.800,317.800,317.850,5328,860501
1527270960,317.830,317.880,317.830,317.880,0,0
1527271020,317.790,317.580,317.580,317.790,0,0
1527271140,317.700,317.900,317.700,317.900,0,0
1527271200,317.800,317.800,317.800,317.800,4837,865829
1527271260,317.800,317.800,317.800,317.800,0,0
1527271320,317.810,317.660,317.660,317.840,0,0
1527271380,317.960,318.270,317.960,318.270,0,0
1527271440,318.200,318.200,318.200,318.200,0,0
1527271500,318.010,318.320,318.010,318.320,6778,870666
1527271560,318.330,318.330,318.330,318.330,0,0
1527271620,318.230,318.430,318.230,318.430,0,0
1527271680,318.270,318.460,318.270,318.460,0,0
1527271740,318.480,318.370,318.370,318.480,0,0
1527271800,318.320,318.470,318.320,318.470,3310,877444
1527271860,318.400,318.800,318.400,318.800,0,0
1527271920,318.660,318.660,318.660,318.660,0,0
1527272040,318.640,318.640,318.640,318.640,0,0
1527272100,318.740,318.740,318.740,318.740,3923,880754
1527272160,318.750,318.690,318.690,318.750,0,0
1527272220,318.860,318.860,318.860,318.860,0,0
1527272340,318.780,318.820,318.690,318.820,0,0
1527272400,318.980,319.100,318.980,319.100,9309,884677
1527272460,318.940,318.940,318.940,318.940,0,0
1527272520,319.040,319.040,319.040,319.040,0,0
1527272580,319.040,319.100,319.040,319.100,0,0
1527272640,319.260,319.020,319.020,319.260,0,0
1527272700,319.310,318.640,318.640,319.310,10495,893986
1527272760,319.000,318.980,318.980,319.000,0,0
1527272820,318.620,318.670,318.540,318.670,0,0
1527272880,318.840,318.930,318.840,318.930,0,0
1527272940,319.010,319.010,319.010,319.010,0,0
1527273000,319.020,319.020,319.020,319.020,12045,904481
1527273060,319.040,319.040,319.040,319.040,0,0
1527273120,318.930,318.930,318.930,318.930,0,0
1527273180,318.990,318.710,318.380,318.990,0,0
1527273240,318.710,318.600,318.600,318.710,0,0
1527273300,318.560,318.380,318.380,318.560,3037,916526
1527273360,318.550,318.550,318.550,318.550,0,0
1527273420,318.650,318.730,318.650,318.730,0,0
1527273540,318.650,318.650,318.650,318.650,0,0
1527273600,318.500,318.220,318.220,318.500,6803,919563
1527273660,318.300,318.280,318.280,318.300,0,0
1527273720,318.010,317.870,317.870,318.010,0,0
1527273780,317.750,317.520,317.520,317.750,0,0
1527273840,317.430,317.590,317.430,317.590,0,0
1527273900,317.770,317.630,317.630,317.770,11806,926366
1527273960,317.430,317.460,317.410,317.460,0,0
1527274020,317.710,317.710,317.710,317.710,0,0
1527274080,317.700,317.600,317.600,317.700,0,0
1527274140,317.570,317.620,317.570,317.700,0,0
1527274200,317.830,318.060,317.830,318.060,6111,938172
1527274260,317.830,318.060,317.830,318.060,0,0
1527274320,317.980,317.910,317.910,317.980,0,0
1527274380,317.880,318.170,317.880,318.170,0,0
1527274500,318.380,318.380,318.380,318.380,3586,944283
1527274560,318.380,318.380,318.380,318.380,0,0
1527274620,318.220,318.340,318.220,318.340,0,0
1527274680,318.330,318.370,318.230,318.370,0,0
1527274740,318.250,318.250,318.250,318.250,0,0
1527274800,317.900,317.900,317.900,317.900,8777,947869
1527274860,318.110,318.270,318.110,318.300,0,0
1527274920,318.230,318.590,318.230,318.590,0,0
1527275040,318.490,318.760,318.490,318.760,0,0
1527275100,318.880,318.740,318.740,318.880,3391,956646
1527275280,318.880,318.740,318.740,318.880,0,0
1527275340,318.860,318.920,318.860,318.920,0,0
1527275400,318.810,318.700,318.700,318.810,7501,960037
1527275460,318.800,318.960,318.800,318.960,0,0
1527275520,318.740,318.770,318.600,318.770,0,0
1527275580,318.770,318.770,318.770,318.770,0,0
1527275640,318.910,319.180,318.910,319.180,0,0
1527275700,319.200,319.210,319.200,319.240,9434,967538
1527275760,319.050,319.050,319.050,319.050,0,0
1527275820,318.880,319.180,318.800,319.180,0,0
1527275880,319.060,318.880,318.880,319.060,0,0
1527275940,318.590,318.770,318.590,318.770,0,0
1527276000,318.960,318.960,318.960,318.960,6635,976972
1527276060,318.900,318.990,318.900,318.990,0,0
1527276120,318.870,318.770,318.770,318.870,0,0
1527276180,318.780,319.000,318.780,319.000,0,0
1527276240,318.850,318.850,318.850,318.850,0,0
1527276300,318.780,318.890,318.770,318.890,8363,983607
1527276360,318.780,318.890,318.770,318.890,0,0
1527276420,319.020,318.910,318.910,319.170,0,0
1527276480,318.910,318.910,318.910,318.910,0,0
1527276540,318.820,319.170,318.810,319.170,0,0
1527276600,319.370,319.000,319.000,319.370,18241,991970
1527276660,318.920,319.140,318.710,319.140,0,0
1527276720,319.040,318.980,318.980,319.160,0,0
1527276780,318.890,318.860,318.860,318.930,0,0
1527276840,318.920,318.620,318.620,318.920,0,0
1527276900,318.710,318.920,318.710,318.920,16432,1010211
1527276960,319.000,318.820,318.820,319.070,0,0
1527277020,318.750,319.010,318.750,319.010,0,0
1527277080,319.000,318.830,318.830,319.000,0,0
1527277140,318.750,318.510,318.500,318.750,0,0
1527277200,318.490,318.490,318.490,318.490,11567,1026643
1527277260,318.480,318.480,318.480,318.480,0,0
1527277320,318.450,318.470,318.450,318.470,0,0
1527277380,318.420,318.440,318.380,318.440,0,0
1527277440,318.430,318.530,318.400,318.530,0,0
1527277500,318.560,318.610,318.530,318.680,14385,1038210
1527277560,318.570,318.650,318.570,318.650,0,0
1527277620,318.570,318.500,318.500,318.640,0,0
1527277680,318.610,318.420,318.350,318.610,0,0
1527277740,318.380,318.210,318.210,318.380,0,0
1527277800,318.470,318.500,318.460,318.610,36500,1052595
1527277860,318.490,318.740,318.490,318.740,0,0
1527277920,318.600,318.650,318.570,318.800,0,0
1527277980,318.620,318.650,318.620,318.810,0,0
1527278040,318.630,318.650,318.630,318.710,0,0
1527278100,318.580,318.630,318.540,318.630,155139,1089095
1527278160,318.600,318.500,318.450,318.600,0,0
1527278220,318.510,318.520,318.460,318.540,0,0
1527278280,318.500,318.530,318.460,318.610,0,0
1527278340,318.500,318.540,318.490,318.660,0,0
1527600600,318.000,318.140,317.860,318.140,45115,0
1527600660,318.150,320.790,318.150,321.090,0,0
1527600720,320.870,319.280,319.280,321.210,0,0
1527600780,319.480,319.500,319.110,319.730,0,0
1527600840,319.060,318.780,318.780,319.060,0,0
1527600900,318.660,319.310,318.660,319.310,18730,45115
1527600960,319.140,319.050,318.430,319.140,0,0
1527601020,318.200,318.700,318.200,318.700,0,0
1527601080,318.890,318.630,318.590,318.990,0,0
1527601140,319.340,319.110,318.990,319.420,0,0
1527601200,319.000,318.680,318.680,319.350,26737,63845
1527601260,318.570,318.750,318.570,318.840,0,0
1527601320,319.120,319.320,318.730,319.320,0,0
1527601380,319.300,320.230,319.300,320.230,0,0
1527601440,320.020,319.950,319.680,320.190,0,0
1527601500,320.150,320.190,319.960,320.190,15261,90582
1527601560,320.640,319.840,319.840,320.770,0,0
1527601620,319.900,319.700,319.700,319.900,0,0
1527601680,319.890,320.410,319.890,320.410,0,0
1527601740,320.540,320.420,320.420,320.540,0,0
1527601800,320.440,320.860,320.440,321.100,19121,105843
1527601860,320.970,320.970,320.970,320.970,0,0
1527601920,321.360,321.340,321.230,321.370,0,0
1527601980,321.080,320.830,320.310,321.080,0,0
1527602040,320.900,321.080,320.900,321.210,0,0
1527602100,321.240,321.450,321.190,321.450,17657,124964
1527602160,321.320,321.500,321.260,321.580,0,0
1527602220,321.570,321.400,321.340,321.740,0,0
1527602280,321.870,321.960,321.850,321.960,0,0
1527602340,321.840,321.990,321.840,322.130,0,0
1527602400,321.880,321.670,321.670,322.000,16709,142621
1527602460,321.760,321.640,321.290,321.890,0,0
1527602520,321.980,321.930,321.930,321.980,0,0
1527602580,321.990,321.800,321.800,321.990,0,0
1527602640,321.870,321.310,321.310,321.870,0,0
1527602700,321.740,321.920,321.520,321.920,45682,159330
1527602760,321.720,321.340,321.340,321.880,0,0
1527602820,321.440,322.020,321.440,322.020,0,0
1527602880,322.010,322.280,322.010,322.340,0,0
1527602940,322.330,322.510,322.330,322.510,0,0
1527603000,322.500,321.960,321.960,322.500,18241,205012
1527603060,321.800,321.770,321.770,321.930,0,0
1527603120,321.680,321.500,321.500,321.760,0,0
1527603180,321.230,321.510,321.230,321.530,0,0
1527603240,321.730,321.610,321.500,321.730,0,0
1527603300,321.730,321.700,321.540,321.730,12579,223253
1527603360,321.750,321.810,321.750,321.840,0,0
1527603420,321.390,321.240,321.170,321.390,0,0
1527603480,321.110,321.310,321.110,321.310,0,0
1527603540,321.270,321.620,321.270,321.660,0,0
1527603600,321.680,321.700,321.680,321.840,13043,235832
1527603660,321.940,321.820,321.370,321.940,0,0
1527603720,321.110,321.390,321.110,321.390,0,0
1527603780,321.260,321.640,321.100,321.640,0,0
1527603840,321.920,322.060,321.920,322.130,0,0
1527603900,322.180,322.200,321.910,322.260,13919,248875
1527603960,322.350,322.790,322.350,322.800,0,0
1527604020,322.830,322.490,322.490,322.830,0,0
1527604080,322.670,322.240,321.740,322.670,0,0
1527604140,322.120,322.170,321.930,322.250,0,0
1527604200,321.820,321.720,321.490,321.870,19725,262794
1527604260,321.770,321.770,321.770,321.770,0,0
1527604320,322.250,322.090,322.010,322.250,0,0
1527604380,322.270,322.180,322.070,322.270,0,0
1527604440,322.440,322.800,322.440,322.800,0,0
1527604500,322.700,322.710,322.700,322.710,12807,282519
1527604560,322.840,322.650,322.650,322.840,0,0
1527604620,322.520,322.160,322.160,322.520,0,0
1527604680,322.430,322.210,322.030,322.430,0,0
1527604800,322.820,322.550,322.550,322.820,17251,295326
1527604860,322.760,322.640,322.640,322.890,0,0
1527604920,322.850,323.110,322.540,323.110,0,0
1527604980,323.240,322.970,322.970,323.370,0,0
1527605040,323.090,323.240,323.090,323.270,0,0
1527605100,323.340,323.650,323.340,324.180,21656,312577
1527605160,324.580,323.980,323.980,324.580,0,0
1527605220,323.900,323.520,323.500,323.930,0,0
1527605280,323.730,323.440,323.200,323.730,0,0
1527605340,323.220,323.700,323.220,323.700,0,0
1527605400,323.270,323.270,323.270,323.270,14301,334233
1527605460,323.640,323.520,323.520,323.930,0,0
1527605520,323.760,323.340,323.340,323.760,0,0
1527605580,323.280,323.590,323.280,323.590,0,0
1527605640,323.370,323.440,323.370,323.570,0,0
1527605700,323.320,323.080,323.080,323.320,10366,348534
1527605760,322.770,322.810,322.770,322.810,0,0
1527605820,322.650,322.890,322.210,322.890,0,0
1527605880,323.170,322.820,322.820,323.170,0,0
1527605940,323.200,323.250,323.200,323.250,0,0
1527606000,322.830,322.130,322.130,322.830,9818,358900
1527606060,322.090,321.890,321.830,322.090,0,0
1527606120,321.580,321.770,321.580,321.770,0,0
1527606180,321.600,321.710,321.600,321.710,0,0
1527606240,321.600,321.540,321.540,321.600,0,0
1527606300,321.270,322.020,321.270,322.020,10273,368718
1527606360,321.790,321.790,321.790,321.790,0,0
1527606420,321.870,322.050,321.870,322.050,0,0
1527606480,322.010,322.000,322.000,322.080,0,0
1527606540,321.810,322.070,321.790,322.070,0,0
1527606600,322.100,322.300,322.100,322.420,6948,378991
1527606660,322.520,322.700,322.520,322.940,0,0
1527606720,322.310,322.310,322.310,322.310,0,0
1527606780,322.370,322.380,322.370,322.380,0,0
1527606840,322.790,322.730,322.560,322.790,0,0
1527606900,322.500,322.920,322.460,322.920,7428,385939
1527606960,322.770,322.710,322.430,322.770,0,0
1527607020,322.740,322.630,322.570,322.740,0,0
1527607080,322.540,322.400,322.270,322.540,0,0
1527607140,322.690,322.710,322.690,322.710,0,0
1527607200,322.720,323.120,322.720,323.120,11272,393367
1527607260,323.570,323.920,323.480,323.920,0,0
1527607320,323.940,323.540,323.540,323.940,0,0
1527607380,323.790,323.710,323.710,323.790,0,0
1527607440,324.000,324.040,324.000,324.040,0,0
1527607500,323.860,324.120,323.710,324.130,13929,404639
1527607560,324.250,324.360,324.110,324.360,0,0
1527607620,323.790,323.990,323.750,324.100,0,0
1527607680,323.670,323.670,323.670,323.670,0,0
1527607740,323.710,323.790,323.710,324.000,0,0
1527607800,323.810,323.810,323.810,323.810,3764,418568
1527607860,323.960,323.980,323.960,323.980,0,0
1527607920,324.150,324.150,324.150,324.150,0,0
1527607980,323.960,324.200,323.900,324.200,0,0
1527608040,324.220,324.220,324.220,324.220,0,0
1527608100,324.120,323.830,323.830,324.120,7000,422332
1527608160,324.140,324.090,324.090,324.140,0,0
1527608220,324.070,323.880,323.880,324.210,0,0
1527608280,324.050,324.050,324.050,324.050,0,0
1527608340,323.860,323.900,323.860,323.900,0,0
1527608400,323.610,323.670,323.610,323.670,11316,429332
1527608460,323.300,323.190,323.190,323.300,0,0
1527608520,323.190,323.310,323.190,323.310,0,0
1527608580,322.900,322.990,322.690,322.990,0,0
1527608640,322.990,322.500,322.500,322.990,0,0
1527608700,322.050,321.840,321.840,322.130,9532,440648
1527608760,322.000,322.300,321.980,322.300,0,0
1527608820,322.320,322.320,322.320,322.320,0,0
1527608880,322.470,322.470,322.470,322.470,0,0
1527608940,322.840,323.170,322.840,323.170,0,0
1527609000,323.160,323.140,323.140,323.160,32088,450180
1527609060,323.240,323.440,323.240,323.990,0,0
1527609120,323.560,325.190,323.430,325.190,0,0
1527609180,325.220,324.760,324.540,325.220,0,0
1527609240,325.280,324.760,324.760,325.280,0,0
1527609300,324.730,324.730,324.730,324.730,9079,482268
1527609360,324.730,324.730,324.730,324.730,0,0
1527609420,324.950,325.190,324.710,325.190,0,0
1527609480,324.950,324.580,324.580,324.950,0,0
1527609540,324.180,323.850,323.850,324.200,0,0
1527609600,323.700,323.750,323.700,323.750,15238,491347
1527609660,323.270,323.250,323.250,323.270,0,0
1527609720,322.910,322.630,322.630,322.910,0,0
1527609780,322.630,322.630,322.630,322.630,0,0
1527609840,322.550,322.630,322.550,322.920,0,0
1527609900,322.630,322.890,322.630,322.890,11048,506585
1527609960,322.690,322.540,322.540,322.690,0,0
1527610020,322.400,322.400,322.400,322.400,0,0
1527610140,322.570,322.400,322.270,322.760,0,0
1527610200,322.480,322.820,322.480,322.820,6884,517633
1527610260,322.890,322.920,322.620,322.920,0,0
1527610320,322.960,323.100,322.960,323.100,0,0
1527610380,322.590,322.590,322.590,322.590,0,0
1527610440,322.360,322.280,322.280,322.370,0,0
1527610500,322.100,322.650,322.070,322.650,6404,524517
1527610560,322.570,322.570,322.570,322.570,0,0
1527610620,322.660,322.660,322.660,322.660,0,0
1527610680,322.780,322.850,322.610,322.850,0,0
1527610740,322.770,322.770,322.770,322.770,0,0
1527610800,323.000,323.170,323.000,323.170,6854,530921
1527610980,323.510,323.440,323.440,323.510,0,0
1527611040,323.580,323.400,323.400,323.580,0,0
1527611100,323.640,323.640,323.640,323.640,4987,537775
1527611160,323.970,323.760,323.760,323.970,0,0
1527611220,323.770,323.640,323.640,323.770,0,0
1527611280,323.500,323.890,323.500,323.890,0,0
1527611340,323.810,323.680,323.680,323.810,0,0
1527611400,323.830,324.050,323.760,324.050,12568,542762
1527611460,324.060,323.950,323.950,324.060,0,0
1527611520,323.910,324.200,323.910,324.200,0,0
1527611640,324.390,324.160,324.160,324.600,0,0
1527611700,324.510,324.510,324.510,324.510,12887,555330
1527611760,324.290,324.310,324.290,324.310,0,0
1527611820,324.050,324.280,324.050,324.590,0,0
1527611880,324.350,324.350,324.350,324.350,0,0
1527611940,324.650,324.620,324.620,324.650,0,0
1527612000,324.820,324.710,324.710,324.820,10118,568217
1527612060,324.490,324.700,324.490,324.840,0,0
1527612120,324.690,324.690,324.690,324.690,0,0
1527612180,324.050,324.240,324.050,324.240,0,0
1527612300,323.950,323.950,323.950,323.950,6353,578335
1527612360,323.970,324.040,323.970,324.040,0,0
1527612480,323.780,324.090,323.730,324.090,0,0
1527612540,323.890,323.900,323.890,323.900,0,0
1527612600,324.320,324.320,324.320,324.320,8256,584688
1527612660,324.270,323.850,323.850,324.270,0,0
1527612780,323.690,323.690,323.690,323.690,0,0
1527612840,323.650,323.720,323.650,323.730,0,0
1527612900,324.140,324.140,324.140,324.140,5841,592944
1527612960,323.540,323.540,323.540,323.540,0,0
1527613020,323.270,323.260,323.260,323.270,0,0
1527613080,323.100,323.450,323.060,323.450,0,0
1527613140,323.610,323.610,323.610,323.610,0,0
1527613200,323.770,323.770,323.770,323.770,7609,598785
1527613260,324.110,324.110,324.110,324.110,0,0
1527613380,323.980,323.970,323.970,324.190,0,0
1527613440,324.200,324.190,324.190,324.200,0,0
1527613500,324.150,323.840,323.760,324.150,14421,606394
1527613560,323.660,323.570,323.570,323.830,0,0
1527613620,323.610,323.430,323.430,323.610,0,0
1527613680,323.250,323.240,323.240,323.640,0,0
1527613800,323.120,323.120,323.120,323.120,2362,620815
1527613980,323.120,323.120,323.120,323.120,0,0
1527614040,323.260,323.330,323.260,323.330,0,0
1527614100,323.250,323.120,323.080,323.250,13669,623177
1527614160,323.230,323.320,323.230,323.370,0,0
1527614220,323.310,323.430,323.310,323.500,0,0
1527614280,323.420,323.340,323.340,323.420,0,0
1527614340,323.390,323.700,323.390,323.700,0,0
1527614400,323.600,323.600,323.600,323.600,4455,636846
1527614460,323.470,323.750,323.470,323.750,0,0
1527614520,323.680,323.680,323.680,323.680,0,0
1527614580,323.680,323.630,323.630,323.680,0,0
1527614640,323.870,323.870,323.870,323.870,0,0
1527614700,323.820,323.800,323.800,323.950,4174,641301
1527614880,324.190,324.210,324.190,324.210,0,0
1527614940,324.020,323.850,323.850,324.020,0,0
1527615000,324.000,323.990,323.750,324.000,5383,645475
1527615060,323.740,323.670,323.670,323.740,0,0
1527615180,323.430,323.430,323.430,323.430,0,0
1527615240,323.530,323.470,323.470,323.530,0,0
1527615300,323.640,323.640,323.640,323.640,6901,650858
1527615360,323.710,323.710,323.710,323.710,0,0
1527615420,323.550,323.500,323.400,323.550,0,0
1527615480,323.520,323.490,323.490,323.640,0,0
1527615540,323.440,323.270,323.270,323.440,0,0
1527615600,323.220,323.430,323.220,323.430,10681,657759
1527615660,323.430,323.430,323.430,323.430,0,0
1527615720,323.100,323.470,323.100,323.470,0,0
1527615780,323.410,323.220,323.210,323.410,0,0
1527615840,323.220,323.370,323.180,323.370,0,0
1527615900,323.450,323.450,323.450,323.450,6649,668440
1527616020,323.780,323.800,323.650,323.820,0,0
1527616080,323.990,323.990,323.990,323.990,0,0
1527616140,324.050,324.060,324.050,324.060,0,0
1527616200,324.050,324.050,324.050,324.050,5493,675089
1527616260,324.210,324.210,324.210,324.210,0,0
1527616320,324.050,323.830,323.830,324.050,0,0
1527616380,323.750,323.750,323.750,323.750,0,0
1527616440,323.590,323.900,323.590,323.950,0,0
1527616500,324.100,324.100,324.100,324.100,2685,680582
1527616560,323.830,323.830,323.830,323.830,0,0
1527616620,324.050,324.120,324.050,324.120,0,0
1527616740,324.090,324.090,324.090,324.090,0,0
1527616800,323.810,323.810,323.810,323.810,11217,683267
1527616860,323.740,323.900,323.740,323.900,0,0
1527616920,324.080,323.520,323.520,324.080,0,0
1527616980,323.460,322.890,322.870,323.460,0,0
1527617040,322.820,322.730,322.720,322.820,0,0
1527617100,322.740,322.730,322.730,322.740,9644,694484
1527617160,322.710,322.550,322.550,322.710,0,0
1527617220,322.720,322.680,322.680,322.720,0,0
1527617280,322.780,322.700,322.700,322.780,0,0
1527617340,322.810,323.520,322.810,323.710,0,0
1527617400,323.510,323.230,323.230,323.510,5950,704128
1527617460,323.360,323.700,323.360,323.700,0,0
1527617520,323.560,323.640,323.560,323.640,0,0
1527617580,323.670,323.990,323.670,323.990,0,0
1527617640,324.060,324.060,324.060,324.060,0,0
1527617700,324.210,323.850,323.850,324.210,6759,710078
1527617760,323.810,323.900,323.800,323.900,0,0
1527617820,323.990,324.020,323.990,324.020,0,0
1527617880,323.890,324.100,323.890,324.100,0,0
1527617940,324.240,324.420,324.240,324.420,0,0
1527618000,324.170,324.020,323.950,324.170,7125,716837
1527618060,324.040,324.030,324.030,324.040,0,0
1527618120,323.990,323.860,323.860,324.150,0,0
1527618180,324.000,324.000,324.000,324.000,0,0
1527618240,324.630,324.520,324.330,324.630,0,0
1527618300,324.090,324.090,324.090,324.090,6707,723962
1527618360,323.980,323.980,323.980,323.980,0,0
1527618420,323.940,323.940,323.940,323.940,0,0
1527618480,324.170,324.120,324.120,324.170,0,0
1527618540,324.130,324.250,324.130,324.500,0,0
1527618600,324.400,324.640,324.400,324.640,6378,730669
1527618660,324.400,324.640,324.400,324.640,0,0
1527618720,324.510,324.640,324.460,324.640,0,0
1527618780,324.660,324.790,324.550,324.790,0,0
1527618840,324.570,324.570,324.570,324.570,0,0
1527618900,324.990,324.650,324.650,324.990,7832,737047
1527618960,324.990,324.650,324.650,324.990,0,0
1527619020,324.820,324.820,324.820,324.820,0,0
1527619080,324.300,324.000,324.000,324.300,0,0
1527619140,324.420,324.420,324.420,324.420,0,0
1527619200,324.110,324.290,324.110,324.290,7128,744879
1527619320,324.530,324.230,324.110,324.530,0,0
1527619380,324.230,323.400,323.400,324.230,0,0
1527619440,323.780,323.480,323.420,323.780,0,0
1527619500,323.670,323.770,323.670,323.770,5494,752007
1527619560,324.040,324.240,324.040,324.240,0,0
1527619680,323.810,324.050,323.810,324.050,0,0
1527619740,323.920,323.920,323.920,323.920,0,0
1527619800,323.820,323.750,323.700,323.820,7975,757501
1527619860,323.640,323.790,323.630,323.870,0,0
1527619920,323.740,323.740,323.740,323.740,0,0
1527619980,324.070,324.330,324.070,324.330,0,0
1527620040,324.100,324.260,324.100,324.260,0,0
1527620100,324.030,324.220,324.030,324.220,8108,765476
1527620160,324.060,323.930,323.810,324.060,0,0
1527620280,323.950,323.960,323.950,323.960,0,0
1527620340,324.120,323.830,323.830,324.180,0,0
1527620400,323.790,323.950,323.790,323.950,5439,773584
1527620460,324.320,324.100,324.100,324.320,0,0
1527620520,323.900,323.900,323.900,323.900,0,0
1527620640,323.840,323.760,323.760,323.890,0,0
1527620700,323.720,323.840,323.670,323.840,6609,779023
1527620760,324.070,324.200,324.070,324.200,0,0
1527620820,324.080,324.030,324.030,324.080,0,0
1527620880,324.020,324.090,324.020,324.160,0,0
1527620940,324.100,324.100,324.100,324.100,0,0
1527621000,324.080,323.970,323.970,324.270,5467,785632
1527621060,324.080,323.970,323.970,324.270,0,0
1527621120,324.070,324.070,324.070,324.070,0,0
1527621180,324.070,324.080,323.870,324.080,0,0
1527621300,324.010,324.070,324.010,324.270,10247,791099
1527621360,323.880,323.880,323.880,323.880,0,0
1527621420,323.920,323.890,323.890,323.920,0,0
1527621480,323.910,323.500,323.500,323.910,0,0
1527621540,323.500,323.590,323.500,323.590,0,0
1527621600,323.410,323.430,323.410,323.430,8676,801346
1527621660,323.440,323.430,323.430,323.440,0,0
1527621720,323.410,323.100,323.100,323.440,0,0
1527621780,323.090,323.430,323.090,323.430,0,0
1527621840,323.450,323.450,323.450,323.450,0,0
1527621900,323.580,323.760,323.580,323.800,11791,810022
1527621960,323.920,323.800,323.750,323.920,0,0
1527622020,323.720,323.640,323.640,323.740,0,0
1527622080,323.540,323.760,323.540,323.800,0,0
1527622140,323.890,324.040,323.890,324.040,0,0
1527622200,323.960,323.990,323.960,323.990,11568,821813
1527622260,324.140,323.880,323.860,324.170,0,0
1527622320,323.900,324.010,323.880,324.010,0,0
1527622380,324.250,324.710,324.080,324.710,0,0
1527622440,324.450,324.490,324.450,324.580,0,0
1527622500,324.500,324.760,324.500,324.760,14265,833381
1527622560,324.950,325.220,324.950,325.220,0,0
1527622620,325.200,325.120,325.120,325.240,0,0
1527622680,325.110,325.250,325.110,325.250,0,0
1527622740,325.160,325.130,325.100,325.160,0,0
1527622800,325.240,325.360,325.240,325.360,11337,847646
1527622860,325.310,325.210,325.210,325.380,0,0
1527622920,325.350,325.190,325.190,325.360,0,0
1527622980,325.250,325.500,325.240,325.500,0,0
1527623040,325.410,325.440,325.280,325.440,0,0
1527623100,326.000,325.880,325.580,326.030,23998,858983
1527623160,325.840,325.850,325.800,325.920,0,0
1527623220,325.800,325.880,325.800,325.880,0,0
1527623280,325.810,325.720,325.720,325.870,0,0
1527623340,325.600,325.760,325.600,325.760,0,0
1527623400,325.990,326.170,325.950,326.370,38061,882981
1527623460,326.120,326.240,326.120,326.240,0,0
1527623520,326.370,326.530,326.080,326.530,0,0
1527623580,326.680,326.610,326.540,326.680,0,0
1527623640,326.600,326.500,326.480,326.630,0,0
1527623700,326.500,326.470,326.430,326.510,98963,921042
1527623760,326.410,326.470,326.400,326.470,0,0
1527623820,326.400,326.440,326.400,326.600,0,0
1527623880,326.580,326.690,326.450,326.690,0,0
1527623940,326.620,326.180,326.130,326.640,0,0
1527687000,327.920,327.750,327.750,328.080,55256,0
1527687060,328.360,329.320,328.360,329.320,0,0
1527687120,329.880,329.750,329.620,330.400,0,0
1527687180,329.620,329.970,329.620,329.980,0,0
1527687240,329.930,330.770,329.930,330.900,0,0
1527687300,330.830,329.760,329.760,331.010,32748,55256
1527687360,330.040,330.280,330.040,330.450,0,0
1527687420,330.020,329.470,329.470,330.300,0,0
1527687480,329.340,328.790,328.730,329.500,0,0
1527687540,328.940,328.840,328.430,328.940,0,0
1527687600,329.050,327.510,327.510,329.050,19953,88004
1527687660,327.900,327.790,327.640,328.000,0,0
1527687720,327.390,327.330,327.230,327.600,0,0
1527687780,327.410,328.930,327.410,328.930,0,0
1527687840,328.410,329.400,328.410,329.400,0,0
1527687900,328.510,328.670,328.460,328.670,18635,107957
1527687960,328.990,328.990,328.990,328.990,0,0
1527688020,329.370,329.410,329.370,329.770,0,0
1527688080,329.260,329.090,329.090,329.260,0,0
1527688140,328.780,329.100,328.730,329.100,0,0
1527688200,329.360,329.300,329.300,329.360,22369,126592
1527688260,329.550,329.580,329.550,329.690,0,0
1527688320,329.540,329.470,329.470,329.790,0,0
1527688380,329.630,328.860,328.860,329.630,0,0
1527688440,329.210,328.580,328.510,329.210,0,0
1527688500,328.380,328.010,328.000,328.380,15036,148961
1527688560,328.190,328.300,328.190,328.300,0,0
1527688620,328.000,328.040,327.980,328.040,0,0
1527688680,328.330,328.450,328.330,328.450,0,0
1527688740,328.650,329.080,328.650,329.080,0,0
1527688800,328.930,329.190,328.930,329.360,16364,163997
1527688860,328.990,328.930,328.930,328.990,0,0
1527688920,328.750,327.880,327.880,328.750,0,0
1527688980,328.000,328.180,328.000,328.570,0,0
1527689040,328.260,328.260,328.260,328.260,0,0
1527689100,328.380,328.900,328.380,328.900,17074,180361
1527689160,328.620,328.340,328.340,328.670,0,0
1527689220,328.560,328.000,328.000,328.560,0,0
1527689280,327.870,327.910,327.870,327.910,0,0
1527689340,328.110,327.860,327.860,328.110,0,0
1527689400,327.610,327.610,327.610,327.610,10429,197435
1527689460,327.800,327.840,327.730,327.920,0,0
1527689520,327.940,327.890,327.890,328.000,0,0
1527689580,328.100,328.400,328.100,328.400,0,0
1527689640,328.600,328.580,328.580,328.600,0,0
1527689700,328.310,328.320,328.310,328.320,8420,207864
1527689760,328.120,328.210,328.120,328.220,0,0
1527689820,328.250,328.250,328.250,328.250,0,0
1527689880,328.230,328.230,328.230,328.230,0,0
1527689940,328.300,328.000,328.000,328.300,0,0
1527690000,327.770,327.610,327.610,327.770,5289,216284
1527690060,327.770,327.610,327.610,327.770,0,0
1527690120,327.500,327.630,327.500,327.640,0,0
1527690180,327.580,327.580,327.580,327.580,0,0
1527690240,327.750,327.570,327.570,327.750,0,0
1527690300,327.610,327.580,327.580,327.610,3755,221573
1527690360,327.750,327.900,327.710,327.900,0,0
1527690540,327.990,328.240,327.990,328.330,0,0
1527690600,328.570,328.580,328.570,328.740,6001,225328
1527690660,328.490,328.490,328.490,328.490,0,0
1527690720,328.450,328.490,328.360,328.490,0,0
1527690780,328.500,328.800,328.500,328.930,0,0
1527690840,328.960,328.960,328.960,328.960,0,0
1527690900,329.440,329.390,329.280,329.440,6327,231329
1527690960,329.230,329.230,329.230,329.230,0,0
1527691020,329.350,329.130,329.130,329.350,0,0
1527691080,329.080,329.080,329.080,329.080,0,0
1527691140,329.410,329.220,329.170,329.410,0,0
1527691200,329.160,329.330,329.160,329.330,9561,237656
1527691260,329.150,329.150,329.150,329.150,0,0
1527691320,329.830,329.900,329.830,329.900,0,0
1527691380,330.350,330.520,330.350,330.520,0,0
1527691440,330.400,330.470,330.370,330.470,0,0
1527691500,330.600,330.600,330.600,330.600,6434,247217
1527691560,330.320,330.330,330.320,330.430,0,0
1527691620,330.460,330.200,330.200,330.460,0,0
1527691680,330.200,330.120,330.120,330.270,0,0
1527691740,330.250,330.470,330.250,330.470,0,0
1527691800,330.600,330.600,330.600,330.600,12527,253651
1527691860,330.800,330.800,330.800,330.800,0,0
1527691920,330.800,330.900,330.800,330.900,0,0
1527691980,330.830,331.150,330.830,331.150,0,0
1527692040,331.280,331.000,331.000,331.280,0,0
1527692100,331.140,331.350,331.140,331.410,9719,266178
1527692160,331.390,331.380,331.320,331.460,0,0
1527692220,331.380,331.530,331.380,331.530,0,0
1527692280,331.610,331.610,331.610,331.610,0,0
1527692340,331.730,331.940,331.730,331.940,0,0
1527692400,332.250,332.190,332.160,332.560,19202,275897
1527692460,332.130,331.750,331.750,332.130,0,0
1527692520,331.750,331.460,331.460,331.880,0,0
1527692580,331.490,331.530,331.490,331.530,0,0
1527692640,331.530,331.360,331.360,331.530,0,0
1527692700,331.200,330.860,330.860,331.200,9238,295099
1527692760,330.740,330.890,330.740,330.890,0,0
1527692820,331.040,330.990,330.830,331.040,0,0
1527692880,331.270,331.100,331.100,331.270,0,0
1527692940,331.250,331.250,331.250,331.250,0,0
1527693000,331.500,331.520,331.500,331.520,7966,304337
1527693060,331.560,331.760,331.560,331.760,0,0
1527693120,331.570,331.900,331.570,331.900,0,0
1527693180,331.860,331.990,331.860,331.990,0,0
1527693240,331.980,331.980,331.980,331.980,0,0
1527693300,331.750,331.750,331.750,331.750,6749,312303
1527693360,331.800,331.810,331.800,331.810,0,0
1527693420,331.810,331.710,331.680,331.810,0,0
1527693480,331.780,331.530,331.530,331.780,0,0
1527693540,331.380,331.250,331.250,331.380,0,0
1527693600,331.150,331.250,331.150,331.250,12368,319052
1527693660,331.190,331.430,331.190,331.430,0,0
1527693720,331.480,331.520,331.470,331.520,0,0
1527693780,331.620,331.380,331.380,331.620,0,0
1527693840,331.280,331.170,331.130,331.280,0,0
1527693900,331.170,331.460,331.170,331.540,8639,331420
1527693960,331.170,331.460,331.170,331.540,0,0
1527694020,331.490,331.410,331.410,331.490,0,0
1527694080,331.470,331.680,331.330,331.680,0,0
1527694140,331.450,331.100,331.100,331.550,0,0
1527694200,331.020,331.240,331.020,331.240,5716,340059
1527694260,331.350,331.380,331.350,331.380,0,0
1527694320,331.380,331.380,331.380,331.380,0,0
1527694380,331.410,331.480,331.410,331.550,0,0
1527694440,331.460,331.460,331.460,331.460,0,0
1527694500,331.390,331.560,331.390,331.560,12264,345775
1527694560,331.640,331.690,331.500,331.690,0,0
1527694620,331.540,331.300,331.300,331.540,0,0
1527694680,331.400,330.840,330.840,331.400,0,0
1527694740,330.660,330.700,330.650,330.700,0,0
1527694800,330.660,330.670,330.660,330.670,14696,358039
1527694860,330.710,330.450,330.450,330.710,0,0
1527694920,330.480,330.100,330.100,330.480,0,0
1527694980,330.260,329.870,329.800,330.310,0,0
1527695040,329.990,329.780,329.780,330.000,0,0
1527695100,329.760,329.860,329.760,329.860,7702,372735
1527695160,329.640,329.570,329.550,329.670,0,0
1527695280,329.970,329.940,329.940,330.030,0,0
1527695340,330.020,329.910,329.910,330.020,0,0
1527695400,330.080,330.080,330.080,330.080,18577,380437
1527695460,330.070,329.980,329.980,330.070,0,0
1527695520,330.060,330.180,330.060,330.180,0,0
1527695580,330.060,330.060,330.060,330.060,0,0
1527695640,330.190,331.090,330.190,331.200,0,0
1527695700,331.070,330.940,330.940,331.070,10150,399014
1527695760,331.110,331.110,331.110,331.110,0,0
1527695820,331.090,331.310,331.090,331.310,0,0
1527695880,331.490,331.880,331.490,331.880,0,0
1527695940,331.880,331.530,331.530,331.880,0,0
1527696000,331.500,331.750,331.500,331.750,14106,409164
1527696060,331.780,331.640,331.640,331.840,0,0
1527696180,331.640,331.550,331.360,331.640,0,0
1527696240,331.360,331.290,331.290,331.360,0,0
1527696300,331.450,331.450,331.450,331.450,5517,423270
1527696360,331.450,331.450,331.450,331.450,0,0
1527696420,331.440,331.350,331.350,331.450,0,0
1527696480,331.420,331.640,331.420,331.670,0,0
1527696540,331.440,331.440,331.440,331.440,0,0
1527696600,331.480,331.580,331.480,331.580,5282,428787
1527696660,331.710,331.740,331.710,331.740,0,0
1527696720,331.740,331.740,331.740,331.740,0,0
1527696780,331.660,331.660,331.660,331.660,0,0
1527696840,332.000,331.970,331.970,332.030,0,0
1527696900,331.980,331.830,331.830,331.980,2395,434069
1527696960,331.980,331.830,331.830,331.980,0,0
1527697020,331.980,331.950,331.850,331.980,0,0
1527697080,332.050,332.050,332.050,332.050,0,0
1527697200,332.010,332.220,331.980,332.220,10171,436464
1527697260,332.240,332.310,332.240,332.530,0,0
1527697320,332.040,332.390,332.040,332.390,0,0
1527697440,331.820,331.820,331.820,331.820,0,0
1527697500,332.000,331.690,331.690,332.000,5641,446635
1527697560,331.960,331.960,331.960,331.960,0,0
1527697620,332.200,332.310,332.200,332.310,0,0
1527697740,332.240,332.200,332.050,332.240,0,0
1527697800,332.160,332.020,331.960,332.160,5485,452276
1527697860,332.000,332.000,332.000,332.000,0,0
1527697920,331.850,331.870,331.850,331.870,0,0
1527697980,331.760,331.760,331.760,331.760,0,0
1527698040,331.750,331.750,331.750,331.750,0,0
1527698100,331.750,331.710,331.710,331.750,9504,457761
1527698160,331.700,331.700,331.700,331.700,0,0
1527698220,331.590,331.450,331.450,331.590,0,0
1527698280,331.670,331.380,331.380,331.670,0,0
1527698340,331.260,330.530,330.530,331.260,0,0
1527698400,330.620,330.620,330.620,330.620,5509,467265
1527698460,330.710,330.710,330.710,330.710,0,0
1527698520,330.980,330.980,330.980,330.980,0,0
1527698580,331.210,331.060,331.060,331.210,0,0
1527698700,330.850,331.170,330.750,331.170,6342,472774
1527698940,331.340,331.580,331.340,331.580,0,0
1527699000,331.540,331.530,331.530,331.540,4507,479116
1527699060,331.740,331.790,331.740,331.790,0,0
1527699120,331.800,331.500,331.500,331.800,0,0
1527699180,331.620,331.720,331.590,331.720,0,0
1527699300,331.700,331.700,331.700,331.700,3388,483623
1527699360,331.490,331.490,331.490,331.490,0,0
1527699420,331.560,331.410,331.410,331.560,0,0
1527699480,331.620,331.560,331.360,331.620,0,0
1527699540,331.370,331.520,331.370,331.680,0,0
1527699600,331.520,331.520,331.520,331.520,4934,487011
1527699660,331.340,331.170,331.170,331.390,0,0
1527699720,330.870,330.790,330.790,330.870,0,0
1527699780,330.810,331.140,330.810,331.140,0,0
1527699840,331.080,331.080,331.080,331.080,0,0
1527699900,331.390,331.390,331.390,331.390,3613,491945
1527699960,331.520,331.430,331.430,331.630,0,0
1527700080,331.590,331.790,331.590,331.790,0,0
1527700140,331.680,331.680,331.680,331.680,0,0
1527700200,331.510,331.740,331.510,331.750,4726,495558
1527700260,331.750,331.750,331.750,331.750,0,0
1527700320,331.430,331.430,331.430,331.430,0,0
1527700380,331.490,331.490,331.490,331.490,0,0
1527700440,331.590,331.790,331.570,331.790,0,0
1527700500,331.790,331.790,331.790,331.790,3358,500284
1527700560,332.000,332.140,331.980,332.140,0,0
1527700620,332.170,332.180,332.170,332.180,0,0
1527700680,332.200,332.200,332.200,332.200,0,0
1527700740,332.380,332.380,332.380,332.380,0,0
1527700800,332.350,332.450,332.210,332.500,19080,503642
1527700860,332.350,332.790,332.350,332.790,0,0
1527700920,332.840,332.610,332.480,332.840,0,0
1527700980,332.420,332.560,332.420,332.560,0,0
1527701040,332.490,332.480,332.480,332.510,0,0
1527701100,332.580,333.000,332.570,333.000,14462,522722
1527701160,333.070,332.790,332.790,333.070,0,0
1527701220,332.960,333.300,332.960,333.300,0,0
1527701280,333.340,333.050,333.050,333.340,0,0
1527701340,333.140,332.850,332.780,333.140,0,0
1527701400,332.850,332.910,332.840,332.910,2948,537184
1527701460,332.910,332.790,332.790,332.910,0,0
1527701520,332.790,332.790,332.790,332.790,0,0
1527701580,332.800,332.800,332.800,332.800,0,0
1527701700,332.780,332.560,332.560,332.780,3371,540132
1527701760,332.550,332.550,332.550,332.550,0,0
1527701820,332.690,332.340,332.340,332.690,0,0
1527701880,332.360,332.360,332.360,332.360,0,0
1527701940,332.290,332.190,332.190,332.290,0,0
1527702000,332.310,332.210,332.210,332.310,7648,543503
1527702060,332.310,332.210,332.210,332.310,0,0
1527702120,332.190,331.800,331.800,332.190,0,0
1527702180,332.050,331.940,331.940,332.060,0,0
1527702240,331.820,331.800,331.800,331.820,0,0
1527702300,331.750,331.750,331.750,331.750,3334,551151
1527702360,331.750,331.750,331.750,331.750,0,0
1527702420,331.760,331.760,331.760,331.760,0,0
1527702480,331.760,331.810,331.760,331.810,0,0
1527702540,331.770,331.770,331.770,331.770,0,0
1527702600,331.780,331.970,331.780,332.130,6466,554485
1527702660,331.950,331.870,331.870,332.100,0,0
1527702720,331.850,331.740,331.740,331.850,0,0
1527702780,331.620,331.560,331.540,331.620,0,0
1527702840,331.480,331.480,331.480,331.480,0,0
1527702900,331.350,331.310,331.310,331.350,5825,560951
1527702960,331.370,331.370,331.370,331.370,0,0
1527703080,331.210,331.180,331.180,331.210,0,0
1527703140,331.080,331.090,331.080,331.090,0,0
1527703200,331.100,331.180,331.100,331.180,9295,566776
1527703320,331.200,331.200,331.200,331.200,0,0
1527703380,331.340,331.240,331.240,331.390,0,0
1527703440,331.170,331.330,331.170,331.330,0,0
1527703500,331.250,331.140,331.140,331.250,5019,576071
1527703560,331.270,331.260,331.260,331.270,0,0
1527703620,331.240,331.240,331.240,331.240,0,0
1527703680,331.210,331.250,331.210,331.250,0,0
1527703740,331.250,331.250,331.250,331.250,0,0
1527703800,331.240,331.240,331.240,331.240,3903,581090
1527703860,331.240,331.240,331.240,331.240,0,0
1527703920,331.200,331.040,331.040,331.200,0,0
1527704040,331.210,331.040,331.040,331.210,0,0
1527704100,331.100,331.030,331.030,331.180,5747,584993
1527704160,331.170,331.170,331.170,331.170,0,0
1527704220,330.970,330.940,330.860,331.040,0,0
1527704280,331.110,331.260,331.110,331.260,0,0
1527704400,330.950,330.950,330.950,330.950,3083,590740
1527704520,330.950,330.950,330.950,330.950,0,0
1527704580,330.900,330.900,330.900,330.900,0,0
1527704640,331.030,330.810,330.810,331.030,0,0
1527704700,330.760,330.750,330.750,330.760,7599,593823
1527704820,330.970,330.840,330.700,330.970,0,0
1527704880,330.870,331.270,330.870,331.270,0,0
1527705000,331.170,331.170,331.170,331.170,5066,601422
1527705060,331.170,331.170,331.170,331.170,0,0
1527705120,331.310,331.310,331.310,331.310,0,0
1527705180,331.330,331.330,331.330,331.330,0,0
1527705240,331.570,331.570,331.570,331.570,0,0
1527705300,331.520,331.360,331.350,331.520,4270,606488
1527705360,331.530,331.530,331.530,331.530,0,0
1527705420,331.500,331.500,331.500,331.500,0,0
1527705480,331.470,331.540,331.470,331.540,0,0
1527705540,331.650,331.650,331.650,331.650,0,0
1527705600,331.390,331.490,331.390,331.490,4703,610758
1527705660,331.390,331.490,331.390,331.490,0,0
1527705720,331.390,331.150,331.080,331.390,0,0
1527705780,331.280,331.500,331.210,331.500,0,0
1527705840,331.460,331.460,331.460,331.460,0,0
1527705900,331.140,331.300,331.140,331.300,6238,615461
1527705960,331.610,331.460,331.460,331.610,0,0
1527706020,331.520,331.510,331.510,331.520,0,0
1527706080,331.600,331.460,331.460,331.650,0,0
1527706140,331.530,331.530,331.530,331.530,0,0
1527706200,331.520,331.510,331.510,331.520,5100,621699
1527706260,331.560,331.640,331.560,331.640,0,0
1527706320,331.570,331.650,331.570,331.650,0,0
1527706380,331.580,331.670,331.580,331.670,0,0
1527706440,331.640,331.540,331.540,331.640,0,0
1527706500,331.490,331.390,331.350,331.490,3824,626799
1527706560,331.180,331.180,331.180,331.180,0,0
1527706740,331.270,331.260,331.260,331.270,0,0
1527706800,331.160,331.240,331.160,331.240,4519,630623
1527706860,331.270,331.270,331.270,331.270,0,0
1527706920,331.140,331.000,331.000,331.140,0,0
1527706980,330.890,330.890,330.890,330.890,0,0
1527707040,331.000,330.930,330.930,331.000,0,0
1527707100,330.950,330.990,330.950,330.990,10011,635142
1527707160,330.960,330.860,330.810,330.960,0,0
1527707220,330.710,330.830,330.690,330.890,0,0
1527707280,330.870,330.830,330.830,330.870,0,0
1527707340,330.800,330.690,330.690,330.800,0,0
1527707400,330.770,330.870,330.770,330.870,5031,645153
1527707460,331.000,331.010,331.000,331.010,0,0
1527707520,331.020,330.890,330.890,331.020,0,0
1527707640,331.100,331.190,331.100,331.190,0,0
1527707700,331.210,331.210,331.210,331.210,7835,650184
1527707760,331.350,331.380,331.350,331.380,0,0
1527707820,331.330,331.410,331.330,331.410,0,0
1527707880,331.380,331.290,331.290,331.390,0,0
1527707940,331.280,331.280,331.280,331.280,0,0
1527708000,331.320,331.380,331.320,331.380,19750,658019
1527708060,331.380,331.380,331.380,331.380,0,0
1527708120,331.230,332.420,331.230,332.420,0,0
1527708180,332.660,332.040,332.040,332.870,0,0
1527708300,332.070,331.910,331.910,332.070,6239,677769
1527708360,332.060,331.750,331.750,332.060,0,0
1527708420,331.500,331.500,331.500,331.500,0,0
1527708480,331.540,331.570,331.540,331.570,0,0
1527708540,331.550,331.460,331.460,331.560,0,0
1527708600,331.430,331.340,331.340,331.430,10698,684008
1527708660,331.310,331.210,331.190,331.310,0,0
1527708720,331.220,331.320,331.220,331.320,0,0
1527708780,331.190,331.190,331.190,331.190,0,0
1527708840,331.360,330.980,330.980,331.360,0,0
1527708900,330.950,330.920,330.920,331.010,9033,694706
1527708960,330.970,330.980,330.970,330.980,0,0
1527709020,330.940,330.670,330.670,330.940,0,0
1527709080,330.750,330.510,330.510,330.750,0,0
1527709140,330.580,330.620,330.530,330.620,0,0
1527709200,330.700,330.690,330.600,330.700,21178,703739
1527709260,330.970,331.480,330.970,331.620,0,0
1527709320,331.600,331.540,331.540,331.600,0,0
1527709380,331.400,331.160,331.160,331.400,0,0
1527709440,331.350,331.630,331.350,331.630,0,0
1527709500,331.540,331.410,331.390,331.540,27034,724917
1527709560,331.420,331.260,331.260,331.420,0,0
1527709620,331.380,331.520,331.220,331.690,0,0
1527709680,331.450,331.630,331.450,331.630,0,0
1527709740,331.700,331.890,331.650,331.890,0,0
1527709800,331.770,331.610,331.590,331.940,32151,751951
1527709860,331.720,331.650,331.650,331.720,0,0
1527709920,331.650,331.700,331.650,331.720,0,0
1527709980,331.660,331.780,331.660,331.850,0,0
1527710040,331.850,331.920,331.850,331.970,0,0
1527710100,331.770,331.940,331.670,331.940,115998,784102
1527710160,331.900,331.890,331.700,331.910,0,0
1527710220,331.920,331.900,331.870,331.970,0,0
1527710280,331.890,331.900,331.830,331.940,0,0
1527710340,331.720,331.450,331.450,331.720,0,0
1527773400,331.000,330.210,330.210,331.350,46666,0
1527773460,330.940,330.860,330.300,331.470,0,0
1527773520,330.940,332.000,330.860,332.000,0,0
1527773580,332.480,333.460,332.480,333.460,0,0
1527773640,333.460,333.340,333.300,333.660,0,0
1527773700,333.000,332.490,332.350,333.000,22802,46666
1527773760,332.370,332.710,332.370,332.710,0,0
1527773820,332.750,333.080,332.530,333.080,0,0
1527773880,333.410,333.250,333.250,333.410,0,0
1527773940,333.540,334.200,333.360,334.200,0,0
1527774000,333.900,333.900,333.900,333.900,15904,69468
1527774060,333.970,333.650,333.650,333.970,0,0
1527774120,333.600,333.490,333.490,333.980,0,0
1527774180,333.640,333.240,333.150,333.640,0,0
1527774240,332.780,333.340,332.780,333.460,0,0
1527774300,333.430,333.370,333.100,333.430,62525,85372
1527774360,333.360,333.990,333.360,333.990,0,0
1527774420,334.020,334.100,334.020,334.340,0,0
1527774480,334.400,334.000,334.000,334.520,0,0
1527774540,333.960,334.320,333.940,334.680,0,0
1527774600,334.320,334.800,334.320,335.210,82708,147897
1527774660,335.270,336.210,335.270,336.580,0,0
1527774720,336.430,335.900,335.900,336.430,0,0
1527774780,335.780,337.020,335.460,337.490,0,0
1527774840,336.660,337.340,336.660,337.340,0,0
1527774900,337.540,337.210,336.630,337.790,51930,230605
1527774960,337.380,337.510,337.380,338.040,0,0
1527775020,337.310,336.930,336.630,337.620,0,0
1527775080,336.490,336.930,336.350,336.930,0,0
1527775140,337.170,337.010,336.870,337.230,0,0
1527775200,337.330,337.190,336.710,337.330,32658,282535
1527775260,337.300,337.550,337.300,337.580,0,0
1527775320,337.920,338.370,337.700,338.370,0,0
1527775380,338.320,337.990,337.990,338.320,0,0
1527775440,337.910,338.110,337.910,338.290,0,0
1527775500,338.230,337.940,337.910,338.460,34210,315193
1527775560,337.900,337.230,337.230,337.900,0,0
1527775620,336.960,336.850,336.810,336.960,0,0
1527775680,336.860,336.790,336.790,336.900,0,0
1527775740,336.270,336.230,336.170,336.270,0,0
1527775800,336.220,335.910,335.580,336.220,21388,349403
1527775860,335.990,336.110,335.990,336.180,0,0
1527775920,336.130,335.870,335.870,336.140,0,0
1527775980,335.520,335.520,335.520,335.520,0,0
1527776040,335.500,335.900,335.340,335.900,0,0
1527776100,335.860,336.420,335.860,336.420,9866,370791
1527776160,335.860,336.420,335.860,336.420,0,0
1527776220,336.090,336.910,336.090,336.910,0,0
1527776280,336.740,336.400,336.380,336.740,0,0
1527776340,336.410,336.190,336.170,336.410,0,0
1527776400,335.990,336.420,335.990,336.420,14946,380657
1527776460,336.150,336.610,336.150,336.610,0,0
1527776520,336.580,336.870,336.400,336.870,0,0
1527776580,336.730,336.450,336.380,336.730,0,0
1527776640,336.000,335.930,335.880,336.000,0,0
1527776700,336.060,336.090,336.060,336.140,12190,395603
1527776760,336.060,336.270,336.020,336.270,0,0
1527776820,336.190,336.430,336.190,336.430,0,0
1527776880,336.420,336.180,336.180,336.420,0,0
1527776940,336.100,336.000,336.000,336.100,0,0
1527777000,335.980,335.980,335.980,335.980,20007,407793
1527777060,335.900,336.000,335.900,336.180,0,0
1527777120,335.600,335.550,335.520,335.740,0,0
1527777180,335.500,335.560,335.500,335.780,0,0
1527777240,335.500,335.400,335.400,335.500,0,0
1527777300,335.440,335.440,335.440,335.440,7232,427800
1527777360,335.400,335.580,335.400,335.580,0,0
1527777420,335.580,335.430,335.430,335.580,0,0
1527777480,335.400,335.400,335.400,335.400,0,0
1527777540,335.560,335.360,335.360,335.560,0,0
1527777600,335.430,335.430,335.430,335.430,19645,435032
1527777660,335.390,335.340,335.300,335.490,0,0
1527777720,335.400,335.150,335.150,335.400,0,0
1527777780,335.000,334.460,334.460,335.000,0,0
1527777840,334.450,334.490,334.450,334.490,0,0
1527777900,334.460,334.590,334.380,334.590,15429,454677
1527777960,334.370,334.370,334.370,334.370,0,0
1527778020,334.260,334.260,334.260,334.260,0,0
1527778080,334.250,333.460,333.460,334.250,0,0
1527778140,333.280,333.450,333.280,333.460,0,0
1527778200,333.190,333.440,333.010,333.440,15472,470106
1527778320,334.270,334.090,334.090,334.270,0,0
1527778380,334.230,333.960,333.960,334.230,0,0
1527778440,333.870,333.900,333.870,334.070,0,0
1527778500,333.850,334.190,333.850,334.410,13474,485578
1527778560,334.420,334.320,334.320,334.650,0,0
1527778620,334.230,334.570,334.230,334.570,0,0
1527778680,334.720,334.920,334.480,334.980,0,0
1527778740,334.610,334.760,334.610,334.760,0,0
1527778800,334.600,334.720,334.600,334.720,20974,499052
1527778860,334.740,334.610,334.610,334.890,0,0
1527778980,334.850,334.850,334.850,334.850,0,0
1527779040,334.970,334.740,334.740,334.990,0,0
1527779100,334.500,334.500,334.500,334.500,5237,520026
1527779160,334.260,334.300,334.080,334.300,0,0
1527779220,334.200,334.200,334.200,334.200,0,0
1527779280,334.080,334.060,334.060,334.080,0,0
1527779340,334.210,334.210,334.210,334.210,0,0
1527779400,334.100,334.400,334.100,334.400,13649,525263
1527779460,334.240,334.440,334.240,334.440,0,0
1527779520,334.060,333.890,333.890,334.060,0,0
1527779580,333.740,333.720,333.590,333.740,0,0
1527779640,333.600,333.500,333.500,333.730,0,0
1527779700,333.360,333.530,333.360,333.530,6443,538912
1527779760,333.320,333.220,333.220,333.320,0,0
1527779820,333.220,333.350,333.220,333.350,0,0
1527779880,333.350,333.540,333.350,333.540,0,0
1527779940,333.540,333.310,333.310,333.540,0,0
1527780000,333.290,333.650,333.290,333.650,5450,545355
1527780060,334.180,334.180,334.180,334.180,0,0
1527780120,333.620,333.680,333.620,333.680,0,0
1527780300,333.830,333.770,333.750,333.830,19064,550805
1527780360,333.740,333.970,333.740,333.970,0,0
1527780420,334.130,334.600,334.130,334.600,0,0
1527780480,334.460,334.580,334.260,334.580,0,0
1527780540,334.780,335.000,334.700,335.000,0,0
1527780600,334.750,334.600,334.600,334.830,8031,569869
1527780660,334.360,334.360,334.360,334.360,0,0
1527780720,334.520,334.740,334.520,334.790,0,0
1527780780,334.890,334.950,334.810,334.960,0,0
1527780840,334.710,334.710,334.710,334.710,0,0
1527780900,334.680,334.640,334.460,334.680,8628,577900
1527780960,334.520,334.460,334.460,334.580,0,0
1527781020,334.330,334.060,334.060,334.330,0,0
1527781080,334.220,335.100,334.220,335.100,0,0
1527781140,335.520,335.260,335.260,335.620,0,0
1527781200,335.440,335.700,335.190,336.000,18257,586528
1527781260,335.820,336.160,335.780,336.160,0,0
1527781320,335.880,335.890,335.520,336.180,0,0
1527781380,335.350,335.610,335.160,335.610,0,0
1527781440,335.390,335.730,335.390,335.730,0,0
1527781500,335.650,335.310,335.310,335.650,17781,604785
1527781560,335.450,335.330,335.330,335.730,0,0
1527781620,335.520,335.520,335.520,335.520,0,0
1527781680,335.240,334.810,334.810,335.240,0,0
1527781740,334.650,335.140,334.650,335.140,0,0
1527781800,335.290,334.820,334.820,335.290,10377,622566
1527781860,334.700,335.070,334.700,335.070,0,0
1527781920,335.160,335.160,335.160,335.160,0,0
1527781980,335.080,334.870,334.870,335.080,0,0
1527782040,334.620,334.720,334.600,334.800,0,0
1527782100,334.490,334.720,334.490,334.720,8889,632943
1527782160,334.720,334.310,334.310,334.730,0,0
1527782220,334.610,334.610,334.610,334.610,0,0
1527782280,334.640,334.720,334.610,334.720,0,0
1527782340,334.650,334.230,334.230,334.650,0,0
1527782400,334.380,334.240,334.110,334.380,9699,641832
1527782460,334.110,334.120,334.110,334.230,0,0
1527782520,334.190,334.340,334.190,334.340,0,0
1527782580,334.200,334.200,334.200,334.200,0,0
1527782640,334.330,334.250,334.250,334.340,0,0
1527782700,334.430,334.430,334.430,334.430,5547,651531
1527782820,334.580,334.900,334.580,334.900,0,0
1527782880,335.040,334.550,334.550,335.040,0,0
1527782940,334.430,334.430,334.430,334.430,0,0
1527783000,334.560,334.560,334.560,334.560,3168,657078
1527783060,334.460,334.460,334.460,334.460,0,0
1527783120,334.450,334.450,334.450,334.450,0,0
1527783180,334.670,334.770,334.670,334.770,0,0
1527783240,334.650,334.510,334.510,334.650,0,0
1527783300,334.380,334.600,334.380,334.690,10138,660246
1527783360,334.580,334.640,334.580,334.780,0,0
1527783420,334.580,334.580,334.580,334.580,0,0
1527783480,334.760,334.490,334.490,334.760,0,0
1527783540,334.500,334.520,334.500,334.730,0,0
1527783600,334.510,334.620,334.510,334.720,3135,670384
1527783660,334.650,334.650,334.650,334.650,0,0
1527783720,334.510,334.510,334.510,334.510,0,0
1527783780,334.600,334.600,334.600,334.600,0,0
1527783900,334.340,334.340,334.340,334.340,8643,673519
1527783960,334.340,334.260,334.250,334.560,0,0
1527784020,334.170,334.140,334.040,334.170,0,0
1527784080,333.890,333.870,333.870,333.890,0,0
1527784140,333.920,333.920,333.920,333.920,0,0
1527784200,333.760,333.760,333.760,333.760,4663,682162
1527784260,333.750,333.850,333.750,333.930,0,0
1527784320,333.850,333.640,333.640,333.850,0,0
1527784380,333.740,333.920,333.740,333.920,0,0
1527784440,333.570,333.570,333.570,333.570,0,0
1527784500,333.710,333.720,333.710,333.720,5692,686825
1527784560,333.720,333.670,333.670,333.730,0,0
1527784620,333.660,333.660,333.660,333.660,0,0
1527784680,333.630,333.770,333.630,333.770,0,0
1527784740,333.860,333.710,333.710,333.860,0,0
1527784800,333.510,333.510,333.510,333.510,3211,692517
1527784860,334.000,334.080,334.000,334.080,0,0
1527785100,334.060,333.810,333.810,334.060,4107,695728
1527785160,333.770,333.760,333.710,333.770,0,0
1527785220,333.860,333.860,333.860,333.860,0,0
1527785400,334.110,334.020,334.020,334.110,4329,699835
1527785460,333.990,334.000,333.990,334.000,0,0
1527785520,333.800,333.800,333.800,333.800,0,0
1527785640,333.780,333.820,333.780,333.820,0,0
1527785700,333.660,333.660,333.660,333.660,4213,704164
1527785760,333.880,333.780,333.780,333.880,0,0
1527785880,333.650,333.660,333.650,333.660,0,0
1527785940,333.870,333.870,333.870,333.870,0,0
1527786000,333.660,333.660,333.660,333.660,5000,708377
1527786120,333.400,333.490,333.400,333.490,0,0
1527786240,333.420,333.420,333.420,333.420,0,0
1527786300,333.410,333.460,333.410,333.460,3264,713377
1527786360,333.550,333.380,333.380,333.550,0,0
1527786420,333.350,333.350,333.350,333.350,0,0
1527786540,333.420,333.340,333.340,333.420,0,0
1527786600,333.440,333.440,333.440,333.440,12620,716641
1527786660,333.360,333.360,333.360,333.360,0,0
1527786720,333.500,333.440,333.440,333.500,0,0
1527786780,333.410,333.220,333.220,333.410,0,0
1527786840,333.390,333.510,333.330,333.510,0,0
1527786900,333.590,333.380,333.380,333.590,9053,729261
1527786960,333.380,333.380,333.380,333.380,0,0
1527787020,333.730,333.760,333.730,333.760,0,0
1527787080,333.600,333.400,333.400,333.600,0,0
1527787140,333.430,333.280,333.280,333.430,0,0
1527787200,333.400,333.500,333.300,333.500,5232,738314
1527787260,333.400,333.440,333.350,333.440,0,0
1527787320,333.520,333.600,333.520,333.600,0,0
1527787380,333.440,333.260,333.260,333.450,0,0
1527787440,333.380,333.380,333.380,333.380,0,0
1527787500,333.420,333.500,333.420,333.500,3568,743546
1527787560,333.580,333.670,333.580,333.670,0,0
1527787620,333.660,333.660,333.660,333.660,0,0
1527787680,333.620,333.620,333.620,333.620,0,0
1527787800,333.770,333.770,333.770,333.770,4430,747114
1527787860,333.710,333.710,333.710,333.710,0,0
1527787980,333.670,333.670,333.670,333.670,0,0
1527788040,333.490,333.570,333.390,333.660,0,0
1527788100,333.490,333.570,333.330,333.570,4635,751544
1527788160,333.420,333.550,333.420,333.550,0,0
1527788280,333.660,333.660,333.660,333.660,0,0
1527788340,333.510,333.530,333.510,333.530,0,0
1527788400,333.530,333.530,333.530,333.530,8933,756179
1527788460,333.450,333.450,333.450,333.450,0,0
1527788520,333.280,333.390,333.280,333.410,0,0
1527788580,333.360,333.230,333.230,333.360,0,0
1527788700,333.310,333.150,333.150,333.310,15475,765112
1527788820,333.310,333.150,333.150,333.310,0,0
1527788880,333.070,333.000,332.570,333.070,0,0
1527788940,332.930,332.920,332.920,332.930,0,0
1527789000,332.930,333.010,332.930,333.020,6984,780587
1527789060,332.860,332.880,332.740,332.880,0,0
1527789120,332.830,332.830,332.830,332.830,0,0
1527789180,333.040,333.040,333.040,333.040,0,0
1527789240,333.020,333.020,333.020,333.020,0,0
1527789300,332.960,332.940,332.940,332.960,8101,787571
1527789420,332.720,332.780,332.650,332.780,0,0
1527789480,332.620,332.640,332.500,332.640,0,0
1527789540,332.510,332.510,332.510,332.510,0,0
1527789600,332.620,332.620,332.620,332.620,9304,795672
1527789660,332.180,331.840,331.700,332.180,0,0
1527789720,331.900,331.900,331.900,331.900,0,0
1527789780,331.940,332.050,331.840,332.050,0,0
1527789840,332.130,332.480,332.130,332.480,0,0
1527789900,332.530,332.530,332.530,332.530,10523,804976
1527789960,332.530,332.230,332.230,332.530,0,0
1527790020,332.300,332.350,332.300,332.350,0,0
1527790200,332.430,332.500,332.430,332.500,8200,815499
1527790260,332.570,332.630,332.570,332.660,0,0
1527790320,332.710,332.570,332.550,332.780,0,0
1527790380,332.470,332.470,332.470,332.470,0,0
1527790440,332.620,332.710,332.620,332.710,0,0
1527790500,333.030,333.230,333.030,333.240,5286,823699
1527790560,333.030,333.230,333.030,333.240,0,0
1527790620,333.390,333.390,333.390,333.390,0,0
1527790680,333.580,333.310,333.310,333.580,0,0
1527790740,333.450,333.390,333.390,333.450,0,0
1527790800,333.450,333.660,333.450,333.660,16717,828985
1527790860,333.520,333.410,333.410,333.520,0,0
1527790920,333.540,333.540,333.540,333.540,0,0
1527790980,333.570,333.520,333.520,333.630,0,0
1527791040,333.750,334.310,333.750,334.580,0,0
1527791100,334.010,333.680,333.680,334.010,6573,845702
1527791160,333.730,333.660,333.660,333.870,0,0
1527791220,333.490,333.490,333.490,333.490,0,0
1527791280,333.380,333.380,333.380,333.380,0,0
1527791340,333.420,333.460,333.350,333.500,0,0
1527791400,333.500,333.490,333.490,333.510,13869,852275
1527791460,333.240,333.460,333.240,333.460,0,0
1527791520,333.390,333.510,333.390,333.510,0,0
1527791580,333.370,333.370,333.370,333.370,0,0
1527791640,333.480,333.480,333.480,333.480,0,0
1527791700,333.480,333.390,333.390,333.480,6441,866144
1527791760,333.660,333.660,333.660,333.660,0,0
1527791820,333.540,333.540,333.540,333.540,0,0
1527791940,333.440,333.500,333.440,333.500,0,0
1527792000,333.430,333.560,333.430,333.560,6266,872585
1527792060,333.460,333.450,333.450,333.460,0,0
1527792120,333.180,333.320,333.180,333.320,0,0
1527792180,333.490,333.490,333.490,333.490,0,0
1527792240,333.260,333.260,333.260,333.260,0,0
1527792300,333.330,333.440,333.330,333.500,12306,878851
1527792420,333.220,333.010,333.000,333.220,0,0
1527792480,332.890,332.890,332.890,332.890,0,0
1527792540,332.840,332.820,332.820,332.840,0,0
1527792600,332.760,332.980,332.760,332.980,5165,891157
1527792660,333.130,333.130,333.130,333.130,0,0
1527792720,333.030,332.870,332.870,333.070,0,0
1527792780,332.740,332.740,332.740,332.740,0,0
1527792840,332.770,333.000,332.770,333.000,0,0
1527792900,332.990,332.740,332.740,332.990,15978,896322
1527792960,332.630,332.700,332.500,332.700,0,0
1527793020,332.360,332.540,332.360,332.540,0,0
1527793080,332.370,332.260,332.260,332.370,0,0
1527793140,332.890,333.400,332.890,333.400,0,0
1527793200,333.350,333.250,333.250,333.350,5982,912300
1527793260,333.150,333.070,333.070,333.150,0,0
1527793320,332.940,332.940,332.940,332.940,0,0
1527793380,332.880,333.050,332.880,333.050,0,0
1527793440,332.770,332.670,332.670,332.770,0,0
1527793500,333.120,333.120,333.120,333.120,12732,918282
1527793560,333.750,333.700,333.700,333.750,0,0
1527793620,333.690,333.360,333.360,333.690,0,0
1527793680,333.560,334.200,333.560,334.200,0,0
1527793800,333.920,333.830,333.830,333.920,10348,931014
1527793860,333.770,333.820,333.770,333.820,0,0
1527793920,333.900,333.810,333.810,333.900,0,0
1527793980,333.730,333.970,333.730,333.970,0,0
1527794040,333.950,334.500,333.950,334.500,0,0
1527794100,334.260,334.170,334.130,334.260,6406,941362
1527794160,334.210,333.920,333.890,334.210,0,0
1527794220,333.900,333.900,333.900,333.900,0,0
1527794280,333.910,333.820,333.820,333.910,0,0
1527794340,333.820,333.820,333.820,333.820,0,0
1527794400,333.610,333.500,333.500,333.610,10516,947768
1527794460,333.460,333.260,333.260,333.460,0,0
1527794520,333.420,333.660,333.420,333.660,0,0
1527794580,333.650,333.610,333.610,333.650,0,0
1527794640,333.930,333.580,333.580,334.130,0,0
1527794700,333.560,333.400,333.400,333.570,4116,958284
1527794760,333.540,333.540,333.540,333.540,0,0
1527794880,333.630,333.760,333.610,333.760,0,0
1527794940,333.770,333.730,333.700,333.830,0,0
1527795000,333.820,333.670,333.640,333.820,9723,962400
1527795060,333.730,333.710,333.690,333.730,0,0
1527795120,333.600,333.460,333.360,333.600,0,0
1527795180,333.260,333.260,333.260,333.260,0,0
1527795240,333.320,333.160,333.160,333.320,0,0
1527795300,333.150,333.150,333.150,333.150,16246,972123
1527795360,333.230,333.380,333.230,333.400,0,0
1527795420,333.490,333.580,333.490,333.580,0,0
1527795480,333.700,333.840,333.700,333.850,0,0
1527795540,333.760,333.690,333.690,333.780,0,0
1527795600,333.590,333.550,333.550,333.590,16038,988369
1527795660,333.600,333.170,333.130,333.600,0,0
1527795720,333.180,333.190,333.180,333.200,0,0
1527795780,333.130,332.920,332.920,333.130,0,0
1527795840,332.950,333.150,332.950,333.150,0,0
1527795900,333.210,333.010,333.010,333.210,26352,1004407
1527795960,333.050,333.080,332.930,333.090,0,0
1527796020,333.130,332.980,332.980,333.130,0,0
1527796080,333.020,333.170,333.010,333.170,0,0
1527796140,333.150,333.060,332.990,333.150,0,0
1527796200,332.210,332.080,332.020,332.310,59190,1030759
1527796260,332.190,332.200,332.130,332.300,0,0
1527796320,332.300,332.050,332.050,332.310,0,0
1527796380,332.070,332.120,332.050,332.130,0,0
1527796440,332.120,332.000,332.000,332.120,0,0
1527796500,332.270,331.910,331.910,332.270,83351,1089949
1527796560,331.890,331.950,331.760,331.950,0,0
1527796620,331.970,332.090,331.910,332.090,0,0
1527796680,332.060,331.960,331.910,332.170,0,0
1527796740,332.130,331.950,331.950,332.180,0,0
